825 1237.5 0.55 0.47 0.61 0.58 0.55 0.45
300 450 0.89 0.89 0.94 0.909091 0.89 0.89
50 75 0.93 0.89 0.89 0.92 0.93 0.91
0.12 0.18 0 0 0 0 0 0
0.12 0.18 0 0 0 0 0 0
1 1.5 0.75 0.73 0.74 0.84 0.83 0.77
1 1.5 0.85 0.83 0.87 0.87 0.77 0.81
2 3 0.49 0.49 0.52 0.515152 0.51 0.44
0.7 1.05 0.87 0.79798 0.77 0.79 0.84 0.78
0.001 0.0015 0.575758 0.53 0.58 0.59 0.6 0.66
1.34512 2.01768 0 0 0 0 0 0
1 1.5 0.78 0.81 0.79 0.76 0.79 0.76
0 0 0.77 0.84 0.82 0.73 0.78 0.78
0.1 0.15 0.84 0.74 0.81 0.8 0.79 0.74
0.2 0.3 0.86 0.82 0.86 0.85 0.85 0.81
92 138 0.64 0.79 0.79 0.767677 0.73 0.78
-5 -7.5 0.91 0.89 0.838384 0.89 0.88 0.89
1 1.5 0 0 0 0 0 0
27 40.5 0 0 0 0 0 0
-40 -60 0.0537634 0.0215054 -0.0217391 -0.0212766 -0.0319149 -0.010989
0.03 0.045 0.75 0.77 0.72 0.67 0.65 0.77
50.3 75.45 0.8 0.787879 0.71 0.88 0.82 0.85
0.0993 0.14895 0.505263 0.382979 0.438776 0.387097 0.298969 0.402174
0.0546624 0.0819936 0 0 0 0 0 0