825 412.5 -0.74 -0.8 -0.727273 -0.81 -0.767677 -0.79 
300 150 -0.82 -0.9 -0.85 -0.89 -0.88 -0.84 
50 25 -0.888889 -0.8 -0.9 -0.85 -0.88 -0.86 
0.12 0.06 0 0 0 0 0 0 
0.12 0.06 0 0 0 0 0 0 
1 0.5 -0.72449 -0.76 -0.81 -0.76 -0.737374 -0.75 
1 0.5 -0.81 -0.89 -0.71 -0.78 -0.77 -0.8 
2 1 -0.79798 -0.8 -0.744898 -0.75 -0.727273 -0.79798
0.7 0.35 -0.88 -0.84 -0.78 -0.83 -0.8 -0.73
0.001 0.0005 -0.81 -0.878788 -0.89899 -0.848485 -0.79 -0.85
1.34512 0.672562 -0.78 -0.89 -0.85 -0.78 -0.86 -0.84
1 0.5 -0.707071 -0.787879 -0.707071 -0.818182 -0.76 -0.74
0 0 -0.84 -0.787879 -0.848485 -0.82 -0.87 -0.78
0.1 0.05 -0.85 -0.777778 -0.86 -0.81 -0.848485 -0.86
0.2 0.1 -0.364583 -0.265957 -0.234043 -0.315789 -0.211765 -0.241379
92 46 0 0 0 0 0 0
-5 -2.5 -0.351064 -0.285714 -0.362637 -0.397849 -0.319149 -0.357895
1 0.5 -0.81 -0.87 -0.8 -0.83 -0.858586 -0.806122
27 13.5 -0.82 -0.88 -0.838384 -0.81 -0.89 -0.86
-40 -20 -0.806122 -0.82 -0.82 -0.848485 -0.858586 -0.85
0.03 0.015 -0.848485 -0.75 -0.816327 -0.8 -0.757576 -0.8
50.3 25.15 -0.89 -0.858586 -0.77 -0.808081 -0.85 -0.85
0.0993 0.04965 0 0 0 0 0 0
0.0546624 0.0273312 0 0 0 0 0 0