825 660 -0.9 -0.767677 -0.87 -0.82 -0.78 -0.848485 
300 240 -0.8 -0.777778 -0.858586 -0.9 -0.84 -0.85 
50 40 -0.85 -0.86 -0.828283 -0.82 -0.818182 -0.85 
0.12 0.096 0 0 0 0 0 0 
0.12 0.096 0 0 0 0 0 0 
1 0.8 -0.83 -0.848485 -0.77 -0.909091 -0.76 -0.76 
1 0.8 -0.838384 -0.88 -0.81 -0.78 -0.79798 -0.83 
2 1.6 -0.79 -0.79 -0.74 -0.85 -0.808081 -0.84 
0.7 0.56 -0.787879 -0.84 -0.9 -0.83 -0.85 -0.81 
0.001 0.0008 -0.89 -0.787879 -0.848485 -0.83 -0.777778 -0.83 
1.34512 1.0761 -0.82 -0.77 -0.85 -0.87 -0.81 -0.78 
1 0.8 -0.73 -0.81 -0.75 -0.808081 -0.82 -0.808081 
0 0 -0.795918 -0.9 -0.9 -0.868687 -0.85 -0.808081 
0.1 0.08 -0.77 -0.86 -0.818182 -0.82 -0.78 -0.85 
0.2 0.16 -0.43617 -0.434343 -0.489583 -0.410526 -0.444444 -0.478723 
92 73.6 0 0 0 0 0 0 
-5 -4 -0.402062 -0.478723 -0.322917 -0.454545 -0.416667 -0.51087 
1 0.8 -0.79798 -0.84 -0.83 -0.85 -0.85 -0.838384 
27 21.6 -0.747475 -0.85 -0.82 -0.79 -0.81 -0.858586 
-40 -32 -0.84 -0.818182 -0.79798 -0.83 -0.78 -0.77 
0.03 0.024 -0.808081 -0.83 -0.777778 -0.89 -0.82 -0.79 
50.3 40.24 -0.83 -0.9 -0.85 -0.828283 -0.84 -0.8 
0.0993 0.07944 0 0 0 0 0 0 
0.0546624 0.0437299 0 0 0 0 0 0 