825 412.5 0.93 0.85 0.93 0.95 0.89 0.929293 
300 150 0.565657 0.46 0.48 0.54 0.53 0.47 
50 25 0.38 0.42 0.41 0.46 0.36 0.32 
0.12 0.06 0 0 0 0 0 0 
0.12 0.06 0 0 0 0 0 0 
1 0.5 0.78 0.81 0.8 0.77 0.81 0.737374 
1 0.5 0.673469 0.636364 0.58 0.62 0.616162 0.626263 
2 1 0.95 0.93 0.87 0.91 0.868687 0.87 
0.7 0.35 0.76 0.84 0.737374 0.75 0.73 0.79
0.001 0.0005 0.88 0.93 0.9 0.9 0.94 0.86
1.34512 0.672562 -0.0638298 0.0222222 -0.138298 0 0.0215054 0.0444444
1 0.5 0.76 0.75 0.79 0.82 0.73 0.71
0 0 0.8 0.85 0.77 0.77 0.71 0.77
0.1 0.05 0.78 0.78 0.83 0.86 0.89 0.82
0.2 0.1 0.68 0.74 0.81 0.82 0.84 0.76
92 46 0.95 0.93 0.89 0.92 0.9 0.89
-5 -2.5 0.7 0.8 0.75 0.72 0.77 0.72
1 0.5 0.408163 0.414894 0.27957 0.376344 0.274725 0.3125
27 13.5 0.0208333 0.0744681 -0.0543478 -0.0652174 0 0.0210526
-40 -20 0 0 0 0 0 0
0.03 0.015 0.85 0.78 0.85 0.8 0.81 0.85
50.3 25.15 0.78 0.71 0.87 0.74 0.72 0.88
0.0993 0.04965 0 0 0 0 0 0
0.0546624 0.0273312 0.461538 0.397849 0.354839 0.42 0.340426 0.326531