825 1237.5 -0.85 -0.88 -0.83 -0.808081 -0.87 -0.85 
300 450 -0.75 -0.77 -0.717172 -0.79 -0.777778 -0.86 
50 75 -0.75 -0.838384 -0.858586 -0.79798 -0.81 -0.848485 
0.12 0.18 0 0 0 0 0 0 
0.12 0.18 0 0 0 0 0 0 
1 1.5 -0.87 -0.91 -0.88 -0.818182 -0.84 -0.78 
1 1.5 -0.79798 -0.83 -0.78 -0.84 -0.78 -0.727273 
2 3 -0.89 -0.79798 -0.79 -0.93 -0.87 -0.9 
0.7 1.05 -0.858586 -0.78 -0.77 -0.83 -0.91 -0.838384 
0.001 0.0015 -0.838384 -0.868687 -0.787879 -0.83 -0.84 -0.818182 
1.34512 2.01768 -0.82 -0.897959 -0.858586 -0.8 -0.87 -0.82 
1 1.5 -0.85 -0.828283 -0.83 -0.89 -0.84 -0.85 
0 0 -0.836735 -0.82 -0.858586 -0.79 -0.838384 -0.84 
0.1 0.15 -0.85 -0.828283 -0.86 -0.8 -0.85 -0.868687 
0.2 0.3 0 0 0 0 0 0 
92 138 -0.326531 -0.387755 -0.451613 -0.430108 -0.43617 -0.311111 
-5 -7.5 0 0 0 0 0 0 
1 1.5 -0.757576 -0.87 -0.82 -0.86 -0.85 -0.82 
27 40.5 -0.76 -0.82 -0.858586 -0.83 -0.818182 -0.848485 
-40 -60 -0.828283 -0.89 -0.858586 -0.84 -0.86 -0.83 
0.03 0.045 -0.84 -0.75 -0.76 -0.77 -0.838384 -0.828283 
50.3 75.45 -0.84 -0.81 -0.87 -0.888889 -0.848485 -0.838384 
0.0993 0.14895 -0.4 -0.462366 -0.425532 -0.387097 -0.484211 -0.381443 
0.0546624 0.0819936 -0.397959 -0.316327 -0.347368 -0.347826 -0.263736 -0.265306 