825 660 0.9 0.86 0.82 0.89 0.8 0.87 
300 240 0.66 0.69 0.67 0.77 0.71 0.74 
50 40 0.66 0.69 0.59 0.62 0.64 0.68 
0.12 0.096 0 0 0 0 0 0
0.12 0.096 0 0 0 0 0 0
1 0.8 0.72 0.76 0.72 0.75 0.82 0.8
1 0.8 0.828283 0.76 0.8 0.79 0.69 0.79
2 1.6 0.83 0.84 0.87 0.89 0.94 0.83
0.7 0.56 0.83 0.8 0.77 0.838384 0.78 0.74
0.001 0.0008 0.83 0.78 0.86 0.87 0.9 0.87
1.34512 1.0761 -0.0107527 0.112245 -0.0543478 0.0631579 0.0515464 0.0106383
1 0.8 0.8 0.81 0.78 0.79 0.84 0.83
0 0 0.81 0.79798 0.79 0.757576 0.81 0.8
0.1 0.08 0.83 0.77 0.8 0.8 0.83 0.818182
0.2 0.16 0.76 0.74 0.73 0.8 0.81 0.82
92 73.6 0.9 0.929293 0.86 0.86 0.8 0.81
-5 -4 0.68 0.777778 0.74 0.79 0.73 0.717172
1 0.8 0.458333 0.431579 0.447917 0.463158 0.446809 0.479592 
27 21.6 -0.0425532 -0.0444444 0.0208333 0.0510204 -0.0105263 -0.0104167 
-40 -32 0 0 0 0 0 0 
0.03 0.024 0.79 0.77 0.86 0.82 0.8 0.88 
50.3 40.24 0.81 0.68 0.74 0.83 0.78 0.76 
0.0993 0.07944 0 0 0 0 0 0 
0.0546624 0.0437299 0.412371 0.438776 0.350515 0.329897 0.419355 0.505376 