825 990 0.66 0.54 0.56 0.62 0.693878 0.66 
300 360 0.9 0.85 0.86 0.89 0.82 0.78 
50 60 0.9 0.92 0.87 0.94 0.83 0.89 
0.12 0.144 0 0 0 0 0 0 
0.12 0.144 0 0 0 0 0 0 
1 1.2 0.79 0.73 0.81 0.76 0.81 0.81
1 1.2 0.81 0.79 0.85 0.81 0.76 0.82
2 2.4 0.69 0.68 0.61 0.68 0.62 0.66
0.7 0.84 0.78 0.81 0.76 0.79 0.767677 0.767677
0.001 0.0012 0.79 0.75 0.68 0.65 0.7 0.68
1.34512 1.61415 0 0 0 0 0 0
1 1.2 0.808081 0.81 0.85 0.73 0.77 0.78
0 0 0.77 0.78 0.85 0.85 0.74 0.77
0.1 0.12 0.868687 0.75 0.76 0.69 0.77 0.82
0.2 0.24 0.81 0.82 0.81 0.74 0.73 0.8
92 110.4 0.82 0.86 0.74 0.75 0.8 0.75
-5 -6 0.76 0.8 0.81 0.92 0.85 0.787879
1 1.2 0 0 0 0 0 0
27 32.4 0 0 0 0 0 0
-40 -48 0.0416667 -0.0210526 -0.0208333 0.0212766 -0.0212766 0.0108696
0.03 0.036 0.75 0.8 0.747475 0.77 0.79798 0.75
50.3 60.36 0.82 0.75 0.74 0.81 0.73 0.818182
0.0993 0.11916 0.468085 0.5 0.425532 0.453608 0.4 0.484211
0.0546624 0.0655949 0 0 0 0 0 0