825 660 0 0 0 0 0 0
300 240 0 0 0 0 0 0
50 40 0 0 0 0 0 0
0.12 0.096 0 0 0 0 0 0
0.12 0.096 0 0 0 0 0 0
1 0.8 0 0 0 0 0 0
1 0.8 0 0 0 0 0 0 
2 1.6 0 0 0 0 0 0 
0.7 0.56 0 0 0 0 0 0 
0.001 0.0008 0 0 0 0 0 0 
1.34512 1.0761 -0.185567 -0.153061 -0.177778 -0.108696 -0.210526 -0.206522 
1 0.8 0 0 0 0 0 0
0 0 0 0 0 0 0 0
0.1 0.08 0 0 0 0 0 0
0.2 0.16 0 0 0 0 0 0
92 73.6 0 0 0 0 0 0
-5 -4 0 0 0 0 0 0
1 0.8 0 0 0 0 0 0 
27 21.6 -0.170213 -0.177083 -0.178947 -0.154639 -0.138298 -0.0957447
-40 -32 0 0 0 0 0 0
0.03 0.024 0 0 0 0 0 0
50.3 40.24 0 0 0 0 0 0
0.0993 0.07944 0 0 0 0 0 0
0.0546624 0.0437299 0 0 0 0 0 0