600.1 66.4534 13.508 13.5963 -0.1689 1.0267 -54.9415 1.39979 0.0003 2.01988 0.158646 
600.1 74.6499 13.2122 13.2183 -0.00926784 -2.62412 -48.1083 0.0546624 0.503 2.73909 -0.72243 
600.1 75.1495 13.1945 13.2082 -0.0310776 -2.12153 -45.5485 0.0546624 0.503 2.54158 0.599863 
600.1 63.8548 13.6043 13.6011 0.00690731 1.74044 -49.1189 1.39979 0.503 1.92878 -0.0845662 
600.1 66.8734 13.4924 13.4864 0.0126792 2.42195 -48.2717 1.39979 0.503 2.01994 -0.0219197 
600.1 72.8285 13.2772 13.4696 -0.354684 0.375329 -54.9996 1.39979 0.0003 2.74507 0.774424 
600.1 72.3121 13.2952 13.3062 -0.024392 -0.372602 -45.9517 0.0546624 0.503 3.82673 -0.0647534 
600.1 79.8048 13.033 13.0531 -0.0396094 -2.37615 -45.2667 0.0546624 0.503 2.40114 0.212659 
600.1 66.8321 13.4941 13.5422 -0.0671222 1.13056 -54.0435 1.39979 0.0003 2.01912 -0.0355479 
600.1 64.1218 13.5944 13.5665 0.0556133 1.25664 -38.4594 1.39979 0.503 1.97313 -0.284425 
600.1 66.8374 13.4937 13.5099 -0.0348426 1.73792 -52.9511 1.39979 0.0003 2.19945 -0.567906 
600.1 67.9033 13.4547 13.4487 0.0133261 1.26476 -48.1767 1.39979 0.503 2.93608 -0.948115 
600.1 72.4696 13.2898 13.2906 -0.00290517 -0.955531 -49.3812 0.0546624 0.503 2.47617 0.637124 
600.1 65.0192 13.5609 13.5063 0.126605 1.60669 -16.0852 1.39979 0.503 2.24449 0.710449 
600.1 65.8221 13.5313 13.5335 0.00127581 1.39585 -49.8176 1.39979 0.503 3.53089 0.86157 
600.1 73.2972 13.26 13.1406 0.222092 -1.69176 -55 0.0546624 0.0003 2.21902 0.188353 
600.1 76.4371 13.1499 13.1564 -0.00962048 -2.47214 -48.0094 0.0546624 0.503 2.34206 -0.296749 
600.1 73.9128 13.2383 13.2414 -0.0100601 -1.75099 -47.8078 0.0546624 0.503 2.87071 0.776538 
600.1 69.4894 13.3972 13.5307 -0.234759 1.2558 -54.9895 1.39979 0.0003 2.37442 -0.654456 
600.1 68.1322 13.4463 13.4739 -0.0459782 1.6343 -53.4187 1.39979 0.0003 2.33065 -0.665327 
600.1 62.1647 13.668 13.6925 -0.0243906 2.91896 -52.127 1.39979 0.0003 2.50305 -1.01717 
600.1 76.051 13.1628 13.168 -0.00935189 -1.16942 -48.0636 0.0546624 0.503 2.48898 0.52405 
600.1 74.0378 13.2341 13.2616 -0.0487661 -1.86165 -45.1186 0.0546624 0.503 2.2275 0.132075 
600.1 64.9087 13.565 13.5654 0.00288404 2.12073 -49.6382 1.39979 0.503 3.30261 -0.995595 
600.1 64.0728 13.596 13.5837 0.0206204 2.65727 -46.97 1.39979 0.503 2.13349 -0.623043 
600.1 76.0998 13.1614 13.1645 -0.000711672 -2.62013 -50.0312 0.0546624 0.503 2.33231 -0.296624 
600.1 71.9817 13.3069 13.2237 0.147197 -2.38648 -55 0.0546624 0.0003 2.37822 0.561905 
600.1 65.2687 13.5516 13.538 0.0230403 1.60713 -46.551 1.39979 0.503 2.86462 1.02047 
600.1 64.3113 13.5875 13.5585 0.066304 1.41098 -34.8542 1.39979 0.503 1.95814 0.191856 
600.1 71.9968 13.3067 13.3965 -0.169917 0.0976596 -54.9428 1.39979 0.0003 2.40501 0.589298 
600.1 67.5184 13.4686 13.4695 0.00470258 1.34017 -49.3426 1.39979 0.503 2.59877 -0.873895 
600.1 70.9896 13.3427 13.3581 -0.0303288 -0.320024 -45.5948 0.0546624 0.503 2.17686 0.263537 
600.1 74.087 13.2321 13.2996 -0.147287 -1.09771 -45 0.0546624 0.503 2.90775 0.777302 
600.1 71.4027 13.3278 13.3344 -0.0237855 0.10598 -52.3332 1.39979 0.0003 2.4348 0.639444 
600.1 73.5827 13.2502 13.2563 -0.00532726 -2.4126 -49.0684 0.0546624 0.503 2.95732 -0.794522 
600.1 75.0864 13.1968 13.1498 0.0815534 -2.05114 -54.994 0.0546624 0.0003 2.51221 0.578657 
600.1 73.994 13.2353 13.2549 -0.0408943 -0.805418 -45.2314 0.0546624 0.503 2.24544 0.21726 
600.1 74.4711 13.2184 13.1654 0.0746573 -2.16723 -54.9859 0.0546624 0.0003 2.53391 0.616434 
600.1 70.8269 13.3483 13.222 0.237356 -1.20825 -55 0.0546624 0.0003 2.17437 0.271294 
600.1 74.4654 13.2187 13.135 0.154341 -2.15101 -55 0.0546624 0.0003 2.30083 -0.329487 
600.1 74.3279 13.2239 13.2266 -0.0107001 -1.7286 -47.6975 0.0546624 0.503 2.22561 -0.0576992 
600.1 65.183 13.555 13.5412 0.029284 2.05694 -45.2268 1.39979 0.503 3.27806 0.993552 
600.1 69.9509 13.3802 13.4056 -0.0520765 1.40003 -53.6892 1.39979 0.0003 2.25828 -0.496934 
600.1 76.9602 13.1315 13.1417 -0.0113685 -1.619 -47.8666 0.0546624 0.503 2.50041 -0.502486 
600.1 72.0178 13.3061 13.3166 -0.0225136 -0.905064 -46.1273 0.0546624 0.503 2.23731 0.34418 
600.1 77.4087 13.1159 13.1201 -0.00667005 -2.10246 -48.5821 0.0546624 0.503 2.82068 0.673441 
600.1 78.699 13.0712 13.0794 -0.0141198 -2.51854 -47.1929 0.0546624 0.503 3.05749 0.661642 
600.1 66.328 13.5127 13.5056 0.0146676 1.94199 -47.984 1.39979 0.503 2.00557 -0.0657155 
600.1 73.172 13.2644 13.2624 -0.00751497 -2.80808 -48.1843 0.0546624 0.503 2.42037 0.560957 
600.1 63.4055 13.6213 13.5973 0.0500084 2.11816 -40.0435 1.39979 0.503 1.93253 -0.217492 
600.1 66.264 13.5147 13.5071 0.014957 1.70285 -47.9216 1.39979 0.503 3.26423 0.962915 
600.1 61.0031 13.7119 13.7103 0.00168198 2.19202 -49.8684 1.39979 0.503 2.48084 1.05385 
600.1 69.8244 13.3846 13.3856 -0.0116803 -1.11934 -47.434 0.0546624 0.503 2.25856 0.504007 
600.1 74.5756 13.2149 13.214 -0.00734527 -1.26696 -48.2792 0.0546624 0.503 2.31321 -0.347995 
600.1 66.9651 13.4888 13.3311 0.287881 -0.254315 -55 0.0546624 0.0003 2.12601 -0.438806 
600.1 71.9718 13.3076 13.4268 -0.227843 0.938127 -54.9881 1.39979 0.0003 2.20688 0.270778 
600.1 75.848 13.1705 13.1828 -0.0186486 -1.32771 -46.6011 0.0546624 0.503 2.8061 0.711369 
600.1 49.999 14.1429 14.1429 2.84916e-05 6.75019 -50.035 1.39979 0.503 -1.61947 2.79171 
600.1 65.6409 13.5379 13.5591 -0.0416411 0.791851 -53.2684 1.39979 0.0003 2.62043 0.944204 
600.1 65.9501 13.5266 13.5247 0.00211788 2.21021 -49.8024 1.39979 0.503 2.77492 0.982962 
600.1 52.4703 14.0438 14.0426 0.00163553 5.82191 -49.8516 1.39979 0.503 2.2883 1.52888 
600.1 73.8777 13.2397 13.254 -0.030555 -1.20282 -45.572 0.0546624 0.503 3.44891 -0.647783 
600.1 65.5316 13.5419 13.5356 0.00724098 2.25625 -49.1487 1.39979 0.503 2.58356 -0.93225 
600.1 55.8628 13.91 13.9575 -0.0831269 4.94006 -54.4042 1.39979 0.0003 1.59122 -0.110213 
600.1 70.894 13.3459 13.2433 0.176074 -1.5412 -55 0.0546624 0.0003 2.15887 0.211352 
600.1 67.9245 13.4537 13.3318 0.272988 0.852039 -5.26071 1.39979 0.503 2.29246 0.633749 
600.1 65.9706 13.5256 13.5144 0.0235807 1.93187 -46.3594 1.39979 0.503 2.07514 -0.399917 
600.1 58.2333 13.818 13.8561 -0.0559445 4.18468 -53.7457 1.39979 0.0003 1.71209 0.0731587 
600.1 63.8434 13.6047 13.6052 -0.00769368 1.4355 -50.9607 1.39979 0.0003 1.93372 -0.13561 
600.1 62.7918 13.6442 13.7008 -0.117335 1.93681 -54.7721 1.39979 0.0003 2.02518 -0.531349 
600.1 66.5645 13.504 13.6301 -0.223581 1.7468 -54.9859 1.39979 0.0003 2.0297 0.193682 
600.1 75.3013 13.1894 13.2914 -0.224973 -1.27616 -45 0.0546624 0.503 2.25315 -0.0788271 
600.1 55.3307 13.9307 13.9306 -0.000422342 4.47531 -50.0907 1.39979 0.0003 1.8603 -0.889764 
600.1 66.0789 13.5218 13.5174 0.0202732 1.80149 -46.8103 1.39979 0.503 2.19621 0.601771 
600.1 65.0024 13.5613 13.4297 0.284632 0.677305 -5.19354 1.39979 0.503 2.00266 -0.286798 
600.1 65.2717 13.5516 13.5446 0.0189337 1.32791 -47.203 1.39979 0.503 2.2385 0.69214 
600.1 67.4017 13.4731 13.4523 0.0364103 1.46505 -43.7134 1.39979 0.503 2.13742 -0.432749 
600.1 68.6203 13.4284 13.3807 0.0876439 -0.0630408 -54.9967 0.0546624 0.0003 3.18825 -0.910749 
600.1 71.8776 13.3106 13.3246 -0.0311799 -1.15231 -45.5413 0.0546624 0.503 3.28136 -0.79242 
600.1 78.1041 13.0916 13.0977 -0.00463512 -2.55551 -49.1476 0.0546624 0.503 2.78341 -0.643963 
600.1 73.0385 13.2694 13.3005 -0.0639392 -1.12624 -45.0282 0.0546624 0.503 2.19118 0.0436844 
600.1 69.1957 13.4078 13.5296 -0.209589 1.93428 -54.9791 1.39979 0.0003 2.36987 -0.66142 
600.1 72.7628 13.279 13.3044 -0.057482 -1.48779 -45.0493 0.0546624 0.503 2.4152 0.571004 
600.1 68.0255 13.4502 13.4299 0.0367603 1.67919 -43.6488 1.39979 0.503 2.05336 0.0172129 
600.1 70.9256 13.3449 13.3079 0.0638818 -0.958909 -54.9701 0.0546624 0.0003 3.05523 -0.864552 
600.1 63.911 13.602 13.6014 0.000170406 1.90396 -50.0183 1.39979 0.503 2.31958 0.828955 
600.1 76.0182 13.1642 13.1676 -0.00679815 -2.31855 -48.5499 0.0546624 0.503 2.50083 0.536561 
600.1 54.5589 13.9611 14.0042 -0.0841931 5.26269 -54.4364 1.39979 0.0003 2.77585 -1.48095 
600.1 78.3609 13.083 13.1039 -0.03555 -2.28943 -45.3906 0.0546624 0.503 2.48016 0.426489 
600.1 77.4942 13.1126 13.1271 -0.0260419 -2.27463 -45.8877 0.0546624 0.503 3.17048 0.673841 
600.1 71.4215 13.3273 13.3213 0.00110644 -1.02579 -50.0766 0.0546624 0.0003 2.16967 0.194238 
600.1 67.0698 13.4852 13.4676 0.0298689 2.24595 -45.2173 1.39979 0.503 2.2199 -0.583968 
600.1 66.6989 13.4987 13.4928 0.00203661 1.2122 -49.9064 1.39979 0.503 2.03814 -0.216207 
600.1 66.062 13.5222 13.5118 0.0181238 1.13915 -47.4429 1.39979 0.503 1.99733 0.0652975 
600.1 67.6227 13.4651 13.4547 0.0238736 1.47333 -46.2133 1.39979 0.503 2.72526 0.918074 
600.1 65.9803 13.5255 13.5287 0.000375139 1.98816 -49.9434 1.39979 0.503 2.8454 -0.995287 
600.1 64.7177 13.5722 13.5689 0.0111462 1.2233 -48.4844 1.39979 0.503 2.73719 -1.01323 
600.1 67.6473 13.4641 13.4505 0.0294753 2.19417 -45.1732 1.39979 0.503 2.23665 -0.578426 
600.1 64.777 13.5697 13.3824 0.351257 -0.0544628 -55 0.0546624 0.0003 1.96133 0.113718 
600.1 64.9148 13.5649 13.5547 0.0269084 1.91227 -45.5943 1.39979 0.503 2.26187 0.732966 
600.1 71.4544 13.3262 13.4476 -0.228604 0.784566 -54.9882 1.39979 0.0003 2.24707 0.398463 
600.1 74.2344 13.2267 13.2359 -0.0280695 -1.52037 -45.6766 0.0546624 0.503 2.5372 0.62663 
600.1 70.8958 13.3459 13.3145 0.0459419 -2.16127 -54.8352 0.0546624 0.0003 2.2077 0.352407 
600.1 57.9002 13.8308 13.9143 -0.150509 4.53316 -54.9016 1.39979 0.0003 1.69649 0.0726784 
600.1 75.0319 13.1991 13.3275 -0.274592 -1.26487 -45 0.0546624 0.503 2.24751 0.0912759 
600.1 77.6742 13.1063 13.1178 -0.0241685 -2.60863 -45.9959 0.0546624 0.503 3.03491 0.689562 
600.1 72.0147 13.3057 13.2635 0.0578786 -2.0711 -54.9382 0.0546624 0.0003 2.16287 -0.00996823 
600.1 68.3027 13.4402 13.5508 -0.19962 0.862593 -54.9736 1.39979 0.0003 2.30321 0.629115 
600.1 66.9577 13.4893 13.433 0.131575 1.50413 -14.9205 1.39979 0.503 2.23808 0.613451 
600.1 63.2082 13.6283 13.4784 0.285901 -0.137282 -55 0.0546624 0.0003 2.16391 0.708984 
600.1 69.3191 13.4031 13.3465 0.135638 0.843244 -13.9811 1.39979 0.503 2.11132 -0.197559 
600.1 67.5465 13.4677 13.5245 -0.115788 0.982381 -54.7612 1.39979 0.0003 3.30076 0.912381 
600.1 73.0739 13.2683 13.272 -0.0080446 -0.640046 -48.2739 0.0546624 0.503 2.20481 -0.148222 
600.1 70.481 13.3611 13.3592 0.00865584 0.687856 -48.8107 1.39979 0.503 2.28303 0.507592 
600.1 62.7508 13.6455 13.6407 0.0114904 1.65145 -48.4093 1.39979 0.503 3.40815 -1.03428 
600.1 76.5056 13.1471 13.1625 -0.0360195 -1.72599 -45.3433 0.0546624 0.503 3.35084 -0.629155 
600.1 63.6778 13.611 13.5983 0.027991 2.40006 -45.4542 1.39979 0.503 1.91967 0.0200111 
600.1 78.5328 13.077 13.2215 -0.317886 -0.559836 -45 0.0546624 0.503 2.3649 -0.207029 
600.1 74.4658 13.2188 13.2309 -0.0262982 -1.43342 -45.8073 0.0546624 0.503 2.79536 -0.744972 
600.1 76.5917 13.1443 13.1464 -0.00486104 -2.59667 -48.9581 0.0546624 0.503 2.28511 0.0660357 
600.1 77.0579 13.1278 13.1512 -0.0518828 -1.3076 -45.0821 0.0546624 0.503 2.80263 -0.678056 
600.1 71.9535 13.3078 13.1957 0.187564 -1.73643 -55 0.0546624 0.0003 2.98859 0.838814 
600.1 72.1683 13.3001 13.1784 0.206446 -2.63088 -55 0.0546624 0.0003 2.6956 0.775595 
600.1 64.3914 13.5841 13.4488 0.25925 -0.335733 -55 0.0546624 0.0003 1.94709 -0.0946609 
600.1 72.3291 13.295 13.319 -0.0472772 -2.21854 -45.1308 0.0546624 0.503 2.18713 -0.160224 
600.1 72.7741 13.2786 13.4519 -0.330061 -0.048032 -46.2157 0.0546624 0.503 3.78836 -0.214798 
600.1 64.447 13.5822 13.5637 0.0361989 1.33073 -43.6892 1.39979 0.503 1.94478 0.0169356 
600.1 65.0143 13.561 13.5632 0.000859993 2.28891 -49.8879 1.39979 0.503 2.04814 -0.412464 
600.1 74.283 13.2256 13.4141 -0.347333 0.0551967 -54.9995 1.39979 0.0003 2.78566 -0.747178 
600.1 66.0141 13.5242 13.5244 0.00837082 1.81815 -48.8273 1.39979 0.503 3.26031 0.972121 
600.1 72.8974 13.2743 13.2465 0.0452907 -1.4901 -54.8366 0.0546624 0.0003 2.83859 0.797607 
600.1 71.8991 13.3099 13.2526 0.104335 -1.09235 -54.9993 0.0546624 0.0003 2.42748 0.614964 
600.1 67.0117 13.4876 13.5726 -0.132196 1.20381 -54.8285 1.39979 0.0003 2.03256 -0.130177 
600.1 73.2729 13.2611 13.259 0.00150566 -2.13149 -50.3341 0.0546624 0.0003 3.2758 -0.755041 
600.1 67.9746 13.4522 13.4392 0.0302681 2.19444 -44.9462 1.39979 0.503 2.86103 -0.937893 
600.1 74.6103 13.2137 13.222 -0.0073437 -1.37257 -48.5944 0.0546624 0.503 2.25277 0.182348 
600.1 73.2378 13.2624 13.3915 -0.277543 -1.08825 -45 0.0546624 0.503 2.7404 -0.761925 
600.1 72.1194 13.3023 13.3057 -0.0164782 -0.443784 -46.7229 0.0546624 0.503 2.39599 0.575252 
600.1 63.5853 13.6142 13.5996 0.0256043 2.53099 -46.0353 1.39979 0.503 3.00531 1.08315 
600.1 62.5432 13.6536 13.6499 0.013602 2.41423 -48.042 1.39979 0.503 1.88252 -0.0554732 
600.1 64.9444 13.5636 13.5557 0.0209373 1.98128 -46.7742 1.39979 0.503 2.73943 1.00634 
600.1 75.6097 13.1783 13.1881 -0.0215062 -2.23754 -46.2354 0.0546624 0.503 2.86424 0.730955 
600.1 68.9792 13.4155 13.4261 -0.00799529 0.916135 -50.7924 1.39979 0.0003 2.91461 0.915759 
600.1 73.2356 13.2622 13.266 -0.00974491 -2.28724 -47.9212 0.0546624 0.503 2.74785 0.764474 
600.1 65.5346 13.5418 13.5393 0.00235475 2.38664 -49.7711 1.39979 0.503 2.42305 -0.84236 
600.1 74.0355 13.2338 13.2347 -0.00152368 -0.546418 -49.7488 0.0546624 0.503 2.42905 -0.537507 
600.1 66.7561 13.4966 13.4838 0.0225325 1.02793 -46.621 1.39979 0.503 2.54198 0.870689 
600.1 63.7897 13.6068 13.6175 -0.0197027 1.88446 -51.9468 1.39979 0.0003 2.16935 0.684892 
600.1 67.257 13.4783 13.4022 0.162369 1.02945 -9.91667 1.39979 0.503 3.01936 0.96882 
600.1 66.8316 13.4938 13.4924 0.00807042 1.71303 -48.8855 1.39979 0.503 2.39325 -0.77197 
600.1 64.5441 13.5786 13.5628 0.0323402 2.01473 -44.5426 1.39979 0.503 2.6552 0.994026 
600.1 63.2816 13.6257 13.6242 0.00616156 2.20757 -49.2095 1.39979 0.503 1.93482 0.24785 
600.1 75.8462 13.1701 13.1693 -0.00284918 -2.70819 -49.2982 0.0546624 0.503 2.67004 0.659403 
600.1 68.9882 13.415 13.4157 -0.00125384 -0.998772 -49.8163 0.0546624 0.503 2.21985 -0.486947 
600.1 65.3166 13.5497 13.5746 -0.0415848 2.32823 -53.202 1.39979 0.0003 2.20362 0.649846 
600.1 72.2529 13.2972 13.2975 -0.00197299 -0.558858 -49.6013 0.0546624 0.503 2.45659 -0.628055 
600.1 60.7656 13.7208 13.7528 -0.0690897 2.43256 -54.1729 1.39979 0.0003 2.04276 -0.696685 
600.1 71.5289 13.3236 13.4797 -0.280885 1.36733 -54.997 1.39979 0.0003 2.30988 0.495859 
600.1 66.2963 13.5136 13.5082 0.0134346 1.91703 -48.1263 1.39979 0.503 2.2687 -0.678952 
600.1 71.3746 13.3288 13.327 -0.000864485 -1.42002 -49.7483 0.0546624 0.503 2.15471 0.123845 
600.1 68.4961 13.4332 13.5461 -0.197698 1.62448 -54.9717 1.39979 0.0003 2.44226 -0.748251 
600.1 66.8528 13.4931 13.4924 0.0081198 1.30936 -48.869 1.39979 0.503 2.09041 0.367109 
600.1 59.9049 13.7536 13.7468 0.00904249 2.76126 -48.8799 1.39979 0.503 1.784 0.0702978 
600.1 65.7554 13.5338 13.5193 0.0223842 1.80776 -46.7349 1.39979 0.503 2.91525 1.01039 
600.1 65.8663 13.5296 13.527 0.0014577 2.35113 -49.9181 1.39979 0.503 2.59641 0.9265 
600.1 57.3349 13.8526 13.847 0.00732482 3.72508 -49.1515 1.39979 0.503 1.66739 -0.0380147 
600.1 71.5348 13.3231 13.3766 -0.113382 0.21055 -54.748 1.39979 0.0003 2.32305 -0.513766 
600.1 64.6056 13.5766 13.5718 0.0107565 1.63087 -48.5886 1.39979 0.503 1.96471 -0.175643 
600.1 73.1699 13.2648 13.3121 -0.103637 -0.740299 -45.0007 0.0546624 0.503 2.30439 -0.408086 
600.1 52.9935 14.0229 14.0179 0.00771704 5.49301 -49.0469 1.39979 0.503 1.37083 -0.0474828 
600.1 74.7446 13.2089 13.2099 -0.0101818 -1.93056 -47.7172 0.0546624 0.503 2.34802 -0.400913 
600.1 63.5588 13.6155 13.6092 0.0137633 1.47366 -48.0581 1.39979 0.503 1.92305 0.124823 
600.1 64.7346 13.5715 13.5691 0.00349866 1.61163 -49.6216 1.39979 0.503 2.81816 -1.02994 
600.1 62.264 13.6639 13.6471 0.0327736 1.83498 -44.4604 1.39979 0.503 2.3998 0.955655 
600.1 50.583 14.1194 14.1258 -0.010932 6.57368 -51.1912 1.39979 0.0003 1.44462 1.35624 
600.1 71.8471 13.312 13.3815 -0.158254 -1.14125 -45 0.0546624 0.503 2.20472 -0.2748 
600.1 78.1004 13.0918 13.0995 -0.0158425 -2.68981 -46.9399 0.0546624 0.503 2.53742 -0.497754 
600.1 68.3174 13.4393 13.3293 0.208454 -0.571042 -55 0.0546624 0.0003 2.62848 -0.862009 
600.1 58.7427 13.7983 13.7972 0.00567279 3.20578 -49.2584 1.39979 0.503 2.17782 0.964493 
600.1 66.5458 13.5047 13.5289 -0.018657 2.39292 -51.6434 1.39979 0.0003 2.0445 -0.25912 
600.1 65.7809 13.5329 13.4785 0.121606 1.4792 -17.3901 1.39979 0.503 2.46257 0.859271 
600.1 65.6735 13.5366 13.5381 9.48534e-05 1.76484 -49.9869 1.39979 0.503 3.46539 -0.904053 
600.1 64.2212 13.5908 13.7008 -0.216617 1.91363 -54.9841 1.39979 0.0003 2.06326 -0.501167 
600.1 75.7843 13.1725 13.1805 -0.00892549 -2.3081 -48.2637 0.0546624 0.503 2.26922 0.108652 
600.1 73.7841 13.2432 13.4287 -0.340131 0.38026 -54.9994 1.39979 0.0003 2.57658 -0.66728 
600.1 77.5557 13.1106 13.1734 -0.142605 -1.59067 -45 0.0546624 0.503 2.40193 -0.350647 
600.1 70.7119 13.3525 13.2721 0.148232 -1.20639 -55 0.0546624 0.0003 2.59219 0.770925 
600.1 77.6602 13.107 13.2675 -0.330775 -0.259915 -45.0001 0.0546624 0.503 2.83813 0.671429 
600.1 70.8233 13.3489 13.4822 -0.248365 0.638982 -54.993 1.39979 0.0003 2.13128 0.0147038 
600.1 60.5813 13.728 13.7763 -0.0653319 3.00469 -53.9916 1.39979 0.0003 2.05076 -0.719067 
600.1 70.927 13.3447 13.3638 -0.0452539 -1.55407 -45.15 0.0546624 0.503 2.27229 -0.470233 
600.1 68.0427 13.4493 13.4327 0.0204099 1.94194 -47.1713 1.39979 0.503 2.69469 -0.896013 
600.1 62.1525 13.6684 13.6574 0.0262333 1.83158 -45.7876 1.39979 0.503 2.60336 -1.06075 
600.1 65.5356 13.5419 13.5324 0.02028 1.77623 -46.9814 1.39979 0.503 2.16426 0.585963 
600.1 65.0485 13.5596 13.5512 0.0215869 1.05305 -46.6578 1.39979 0.503 2.87282 -1.02843 
600.1 66.4769 13.5071 13.5005 0.018108 1.25226 -47.3036 1.39979 0.503 2.84746 -0.980584 
600.1 63.933 13.6013 13.6027 0.000282317 2.22945 -49.9692 1.39979 0.503 2.01427 0.421408 
600.1 66.0521 13.5225 13.4988 0.0544265 1.48999 -38.5586 1.39979 0.503 3.4724 0.887081 
600.1 70.004 13.3781 13.2808 0.178767 -1.36217 -55 0.0546624 0.0003 2.32941 0.587424 
600.1 75.7112 13.175 13.1807 -0.0116606 -2.57234 -47.5877 0.0546624 0.503 3.09154 -0.734954 
600.1 75.2023 13.1932 13.3462 -0.276042 0.853112 -54.9966 1.39979 0.0003 2.69492 0.689019 
600.1 70.8432 13.3478 13.3907 -0.0986965 -0.854098 -45.0011 0.0546624 0.503 2.25821 -0.452071 
600.1 64.7891 13.5695 13.5939 -0.0451938 1.94686 -53.4104 1.39979 0.0003 2.06067 0.456182 
600.1 70.6705 13.3544 13.5137 -0.309648 -0.0016357 -54.9987 1.39979 0.0003 2.28454 0.500279 
600.1 63.693 13.6102 13.4941 0.233363 0.0672818 -6.46821 1.39979 0.503 2.17082 0.692036 
600.1 67.5519 13.4674 13.4692 0.00308372 1.35346 -49.5396 1.39979 0.503 2.04566 0.110919 
600.1 76.1075 13.1609 13.1061 0.0805109 -2.62495 -54.992 0.0546624 0.0003 2.27681 -0.10375 
600.1 78.1901 13.0885 13.1075 -0.0375321 -2.53806 -45.318 0.0546624 0.503 3.34422 0.583218 
600.1 66.6178 13.5017 13.4992 0.00515702 1.37013 -49.35 1.39979 0.503 2.01568 -0.0849221 
600.1 67.9474 13.4531 13.4466 0.0162933 1.72565 -47.6066 1.39979 0.503 2.38874 0.72604 
600.1 67.1305 13.483 13.4665 0.029949 1.41745 -45.109 1.39979 0.503 2.03064 0.0800518 
600.1 58.6478 13.8018 13.8178 -0.0350897 3.73745 -52.968 1.39979 0.0003 1.86997 -0.582583 
600.1 63.8296 13.6051 13.5748 0.0673881 1.85587 -34.4693 1.39979 0.503 2.57026 -0.98568 
600.1 74.964 13.2012 13.2057 -0.010268 -2.65123 -47.8519 0.0546624 0.503 2.61684 -0.656091 
600.1 62.3054 13.6623 13.659 0.00424992 2.4824 -49.5257 1.39979 0.503 2.28849 0.874565 
600.1 67.7333 13.4609 13.4561 0.0132675 0.604272 -48.1263 1.39979 0.503 2.85861 0.94496 
600.1 64.452 13.582 13.5773 0.0159492 1.41249 -47.63 1.39979 0.503 2.73849 1.022 
600.1 64.7386 13.5714 13.5693 0.0127445 1.20585 -48.1074 1.39979 0.503 3.5337 0.899244 
600.1 64.6031 13.5765 13.5742 0.00242849 2.08915 -49.7873 1.39979 0.503 2.20511 -0.686656 
600.1 64.5007 13.5803 13.5924 -0.0153442 2.10098 -51.5283 1.39979 0.0003 3.10969 -1.04771 
600.1 64.4583 13.5817 13.5718 0.0186938 1.50437 -47.2961 1.39979 0.503 2.53097 -0.944901 
600.1 69.7035 13.3893 13.384 0.00450411 1.34357 -49.5243 1.39979 0.503 2.37657 -0.648294 
600.1 65.1841 13.5549 13.5511 0.0117567 2.26102 -48.3643 1.39979 0.503 2.2043 -0.656883 
600.1 65.3764 13.5479 13.5743 -0.0272663 1.51995 -52.323 1.39979 0.0003 1.99629 -0.211204 
600.1 66.2053 13.5167 13.3209 0.365815 -0.0120216 -55 0.0546624 0.0003 2.79673 0.979801 
600.1 71.9933 13.3069 13.4222 -0.204221 0.152233 -54.9764 1.39979 0.0003 3.04914 0.835997 
600.1 70.4924 13.3607 13.3969 -0.0683115 1.09493 -54.1341 1.39979 0.0003 2.16947 0.284652 
600.1 79.1038 13.0572 13.1159 -0.126701 -1.68107 -45.0001 0.0546624 0.503 3.00345 -0.653283 
600.1 76.6154 13.1434 13.1515 -0.0172543 -2.7027 -46.7251 0.0546624 0.503 2.31709 0.219965 
600.1 76.6726 13.1412 13.2405 -0.21387 -1.10595 -45 0.0546624 0.503 2.49363 0.506385 
600.1 70.0107 13.3782 13.4067 -0.0680442 -1.31004 -45.0181 0.0546624 0.503 2.76599 -0.859674 
600.1 68.5875 13.4296 13.4027 0.0555368 0.303692 -38.3861 1.39979 0.503 2.07162 0.0651321 
600.1 76.9684 13.1309 13.1468 -0.0413854 -2.3263 -45.2088 0.0546624 0.503 2.34765 0.275924 
600.1 66.5377 13.505 13.4888 0.0329076 1.04537 -44.472 1.39979 0.503 2.04644 -0.267042 
600.1 63.4336 13.6201 13.6172 0.0069691 1.78046 -49.1223 1.39979 0.503 2.43668 -0.931182 
600.1 77.6151 13.1088 13.1171 -0.0196877 -2.496 -46.3906 0.0546624 0.503 2.41044 0.361533 
600.1 68.3768 13.4374 13.4381 0.00141965 0.403456 -49.847 1.39979 0.503 2.08395 0.195937 
600.1 67.8083 13.4583 13.5847 -0.231619 1.51907 -54.9889 1.39979 0.0003 2.89626 -0.947288 
600.1 67.9864 13.4517 13.5151 -0.127253 0.598834 -54.8237 1.39979 0.0003 3.03307 0.947373 
600.1 77.5051 13.1123 13.1147 -0.00262419 -2.32493 -49.4869 0.0546624 0.503 2.3261 0.168952 
600.1 73.4166 13.2558 13.2623 -0.0240619 -0.697753 -45.9295 0.0546624 0.503 2.46695 0.596888 
600.1 65.6169 13.5386 13.4146 0.234616 -0.248235 -55 0.0546624 0.0003 2.01111 -0.244034 
600.1 62.3947 13.6592 13.6537 0.0157068 2.12726 -47.7164 1.39979 0.503 2.04326 -0.58989 
600.1 63.1508 13.6309 13.6433 -0.00801361 2.42688 -50.7637 1.39979 0.0003 3.5172 0.968376 
600.1 68.4566 13.4345 13.4791 -0.0722054 1.32786 -54.1918 1.39979 0.0003 2.31477 -0.635364 
600.1 68.4153 13.436 13.5382 -0.205374 0.393878 -54.9787 1.39979 0.0003 2.06628 0.0603618 
600.1 77.4149 13.1157 13.154 -0.0754677 -2.17605 -45.0098 0.0546624 0.503 2.72149 0.638716 
600.1 68.303 13.44 13.4306 0.0131197 0.425602 -48.2923 1.39979 0.503 2.12738 -0.346071 
600.1 50.2434 14.133 14.1322 0.00144585 6.66759 -49.864 1.39979 0.503 0.861743 -0.737331 
600.1 78.2392 13.0869 13.0756 0.01226 -3.01299 -52.4292 0.0546624 0.0003 2.51563 -0.471259 
600.1 73.4337 13.2552 13.2161 0.0509421 -1.44266 -54.8829 0.0546624 0.0003 3.49863 -0.625312 
600.1 68.9221 13.4174 13.2869 0.259706 -1.81836 -55 0.0546624 0.0003 2.0981 0.18903 
600.1 71.289 13.3317 13.2232 0.195164 -0.816892 -55 0.0546624 0.0003 3.3051 -0.800435 
600.1 69.2647 13.405 13.4072 -0.0016954 -0.494922 -49.7284 0.0546624 0.503 2.32263 -0.610721 
600.1 60.4063 13.7345 13.7258 0.0190448 2.41785 -47.1916 1.39979 0.503 1.9071 -0.490603 
600.1 66.8138 13.4946 13.5276 -0.0749065 0.983522 -54.2984 1.39979 0.0003 2.66214 0.922296 
600.1 72.8546 13.2757 13.2774 -0.0136572 -1.56084 -47.1349 0.0546624 0.503 2.47383 -0.622463 
600.1 66.5672 13.5037 13.5086 -0.006719 1.28764 -50.7566 1.39979 0.0003 2.09022 -0.38927 
600.1 73.1816 13.2641 13.1365 0.239884 -1.38577 -55 0.0546624 0.0003 2.21654 0.190967 
600.1 73.234 13.2624 13.2762 -0.0289922 -2.03379 -45.6635 0.0546624 0.503 2.25008 -0.292294 
600.1 70.2625 13.369 13.3809 -0.0248612 -0.285249 -45.9354 0.0546624 0.503 2.71745 0.837829 
600.1 52.3263 14.0495 14.0481 0.00328669 5.85164 -49.6278 1.39979 0.503 1.5339 0.868202 
600.1 75.6227 13.1779 13.1887 -0.0166701 -2.87461 -46.8918 0.0546624 0.503 2.69302 -0.676613 
600.1 64.487 13.5809 13.5587 0.051233 1.87103 -39.5872 1.39979 0.503 2.43976 0.892479 
600.1 71.7081 13.3169 13.3444 -0.0634339 0.113729 -54.047 1.39979 0.0003 2.26749 -0.421708 
600.1 69.7458 13.3875 13.3799 0.0103057 -1.42722 -52.1731 0.0546624 0.0003 2.24573 -0.488235 
600.1 67.4675 13.4707 13.46 0.0189416 0.372789 -47.3346 1.39979 0.503 2.41198 0.76251 
600.1 66.7705 13.4964 13.5426 -0.0668022 1.38317 -54.0501 1.39979 0.0003 2.02284 0.109771 
600.1 63.5071 13.6175 13.5243 0.214016 1.08881 -6.26948 1.39979 0.503 3.06942 1.08361 
600.1 67.2962 13.4769 13.4259 0.117683 1.33897 -18.2871 1.39979 0.503 2.89966 0.962688 
600.1 72.4823 13.2895 13.3052 -0.037559 -1.06413 -45.2971 0.0546624 0.503 2.73643 -0.78163 
600.1 72.9358 13.2731 13.2879 -0.0297929 -1.42265 -45.6139 0.0546624 0.503 3.71019 -0.395503 
600.1 67.5825 13.4663 13.417 0.108735 0.620788 -20.912 1.39979 0.503 2.04103 -0.0381847 
600.1 65.577 13.5403 13.5362 0.0147554 0.481213 -47.8491 1.39979 0.503 2.8812 1.01265 
600.1 70.58 13.3571 13.2002 0.282183 -1.6259 -55 0.0546624 0.0003 2.20355 -0.364333 
600.1 67.2035 13.4803 13.4603 0.0277957 0.909206 -45.7699 1.39979 0.503 2.23571 0.598296 
600.1 68.349 13.4384 13.4281 0.0193942 1.61091 -47.1705 1.39979 0.503 2.29106 -0.613575 
600.1 65.4977 13.5432 13.4712 0.163951 0.708956 -9.66448 1.39979 0.503 2.59245 0.937549 
600.1 57.2848 13.8545 13.8577 -0.00222006 3.73052 -50.2551 1.39979 0.0003 1.66959 -0.119806 
600.1 72.3143 13.295 13.311 -0.0448881 -0.387064 -45.1477 0.0546624 0.503 3.81167 0.169947 
600.1 79.3412 13.049 13.0553 -0.0184484 -2.51869 -46.5112 0.0546624 0.503 3.25426 -0.595145 
600.1 66.2003 13.5171 13.5125 0.0155562 2.38067 -47.7174 1.39979 0.503 1.99927 -0.00136617 
600.1 65.4671 13.5442 13.5388 0.00763199 1.59068 -49.0741 1.39979 0.503 2.1507 -0.570548 
600.1 66.2362 13.5161 13.5103 0.0192387 1.19147 -47.0456 1.39979 0.503 2.7447 -0.966521 
600.1 66.8337 13.4938 13.4934 0.00194144 1.28415 -49.7973 1.39979 0.503 2.09366 -0.377068 
600.1 69.0408 13.4129 13.2767 0.248978 -1.28836 -55 0.0546624 0.0003 2.4808 0.757399 
600.1 77.5444 13.111 13.1166 -0.0114884 -2.00991 -47.6408 0.0546624 0.503 2.32351 -0.153333 
600.1 74.5731 13.2149 13.2145 -0.000219088 -2.68996 -50.0158 0.0546624 0.503 2.71251 0.714178 
600.1 73.5736 13.2505 13.258 -0.0157561 -1.87336 -46.9267 0.0546624 0.503 2.47442 -0.597688 
600.1 75.3866 13.1864 13.1997 -0.0281697 -1.89342 -45.6993 0.0546624 0.503 2.25472 0.0749021 
600.1 75.1055 13.1961 13.1997 -0.00627292 -1.85871 -48.6855 0.0546624 0.503 2.80076 -0.729749 
600.1 50 14.1429 14.1429 -9.85637e-07 6.74995 -50.0385 1.39979 0.0003 0.63267 -2.90519 
600.1 66.3185 13.5127 13.5078 0.00231826 2.1422 -49.8253 1.39979 0.503 2.01212 -0.135322 
600.1 70.7645 13.3506 13.2276 0.220851 -1.81516 -55 0.0546624 0.0003 2.13037 0.0447981 
600.1 65.7185 13.535 13.5307 0.00849831 0.909684 -48.8982 1.39979 0.503 2.29755 0.732821 
600.1 68.7263 13.4244 13.42 0.00757958 0.318975 -49.0635 1.39979 0.503 2.18901 -0.449123 
600.1 66.8239 13.4941 13.4229 0.165749 1.20585 -9.41137 1.39979 0.503 2.21316 0.587533 
600.1 75.9259 13.1674 13.1692 -0.000514773 -2.19993 -49.9959 0.0546624 0.503 2.37016 0.379479 
600.1 75.168 13.1941 13.2768 -0.186939 -0.466171 -45 0.0546624 0.503 2.58139 0.627949 
600.1 67.6637 13.4634 13.3983 0.137568 -0.0832229 -55 0.0546624 0.0003 2.12489 0.388161 
600.1 62.7003 13.6478 13.6274 0.0471987 2.12046 -40.6935 1.39979 0.503 2.72355 1.07839 
600.1 75.6604 13.177 13.1987 -0.0475082 -0.566518 -45.1245 0.0546624 0.503 2.7341 0.692431 
600.1 72.4843 13.2894 13.3463 -0.135129 -0.83309 -45 0.0546624 0.503 2.58878 0.714547 
600.1 72.0273 13.3054 13.3037 -0.00303938 -1.9906 -49.2359 0.0546624 0.503 3.45425 -0.70277 
600.1 65.4349 13.5455 13.5462 0.00402678 1.92692 -49.4887 1.39979 0.503 2.4078 0.835288 
600.1 75.7347 13.1741 13.1834 -0.0170379 -1.47604 -46.7996 0.0546624 0.503 2.30784 -0.261295 
600.1 66.6149 13.5017 13.3579 0.266397 -0.949869 -55 0.0546624 0.0003 2.3484 -0.743117 
600.1 76.987 13.1306 13.1445 -0.0241655 -2.8878 -46.0262 0.0546624 0.503 2.29503 -0.0616408 
600.1 65.5878 13.5399 13.5318 0.0220532 1.90208 -46.5899 1.39979 0.503 2.62018 0.946061 
600.1 53.4307 14.0057 14.0588 -0.0994709 5.85023 -54.6209 1.39979 0.0003 2.03453 -1.26079 
600.1 67.8865 13.4553 13.4695 -0.0227126 0.98654 -52.142 1.39979 0.0003 2.33259 0.677249 
600.1 63.9929 13.5992 13.5859 0.0275976 2.25689 -45.552 1.39979 0.503 3.87775 0.611422 
600.1 64.7185 13.5721 13.5652 0.0137678 0.882651 -48.1196 1.39979 0.503 2.10786 -0.547486 
600.1 69.727 13.3881 13.3902 -0.000221221 0.514037 -50.0168 1.39979 0.503 3.82915 0.34761 
600.1 66.1997 13.5175 13.5717 -0.0684393 1.75834 -54.0482 1.39979 0.0003 2.25671 0.669563 
600.1 64.5587 13.578 13.5741 0.00515338 2.20587 -49.4111 1.39979 0.503 2.08859 0.524333 
600.1 73.1644 13.2648 13.3357 -0.160209 -0.548907 -45 0.0546624 0.503 3.46915 -0.656338 
600.1 73.5888 13.2501 13.4057 -0.287722 0.237244 -54.9976 1.39979 0.0003 3.02542 0.795005 
600.1 67.6252 13.4647 13.4613 0.0111584 1.05421 -48.4384 1.39979 0.503 3.63206 0.720688 
600.1 64.4655 13.5818 13.5743 0.0182588 1.38602 -47.3652 1.39979 0.503 2.16549 -0.644728 
600.1 64.3337 13.5863 13.5143 0.163257 0.521472 -9.73369 1.39979 0.503 2.53782 0.952789 
600.1 68.961 13.4163 13.4093 0.0126185 1.39872 -48.328 1.39979 0.503 2.40438 -0.701306 
600.1 52.0915 14.0589 14.0582 0.00160543 5.94308 -49.8442 1.39979 0.503 1.31457 -0.407748 
600.1 65.6779 13.5367 13.6273 -0.15034 1.60269 -54.8971 1.39979 0.0003 2.1282 -0.522376 
600.1 50 14.1429 14.1429 -2.07637e-05 6.75005 -50.0409 1.39979 0.0003 -0.604189 -2.63604 
600.1 67.2575 13.4784 13.5428 -0.119849 1.75423 -54.7793 1.39979 0.0003 3.24672 -0.937126 
600.1 67.3065 13.4766 13.372 0.226961 0.580762 -5.92008 1.39979 0.503 2.0325 -0.006957 
600.1 63.6522 13.6121 13.6045 0.0139953 1.33524 -48.1163 1.39979 0.503 2.00118 -0.413461 
600.1 69.6844 13.3897 13.3383 0.0935263 -1.4689 -54.9981 0.0546624 0.0003 2.23594 -0.476097 
600.1 65.3754 13.5477 13.459 0.198698 1.25551 -6.91932 1.39979 0.503 2.12042 0.528093 
600.1 58.9075 13.7918 13.7865 0.0144824 3.44597 -47.9204 1.39979 0.503 2.07272 -0.852669 
600.1 74.6461 13.2127 13.2463 -0.0673957 -1.3065 -45.0205 0.0546624 0.503 2.23438 0.0594637 
600.1 63.1193 13.632 13.6061 0.0568734 1.38465 -37.9328 1.39979 0.503 1.91225 0.157535 
600.1 79.2578 13.0516 13.0492 -0.0015809 -2.6237 -49.5719 0.0546624 0.503 2.36772 -0.147998 
600.1 66.4034 13.5096 13.5087 0.00540557 1.74849 -49.3284 1.39979 0.503 2.02069 0.173758 
600.1 67.83 13.4573 13.4496 0.0126684 1.33228 -48.3089 1.39979 0.503 2.18253 0.488461 
600.1 67.4175 13.4726 13.4436 0.070597 1.10925 -33.3191 1.39979 0.503 3.43593 0.860097 
600.1 65.6427 13.5378 13.5199 0.0459856 1.58699 -40.9483 1.39979 0.503 2.46777 0.867318 
600.1 72.8685 13.2753 13.2995 -0.0537909 -2.37402 -45.0694 0.0546624 0.503 2.21596 0.219972 
600.1 75.2811 13.1902 13.2352 -0.10384 -1.63552 -45.0007 0.0546624 0.503 2.52732 0.584328 
600.1 77.8832 13.0991 13.0998 -0.0102391 -2.31746 -47.7283 0.0546624 0.503 3.66601 0.160192 
600.1 76.6289 13.1427 13.1469 -0.00797166 -2.37763 -48.3456 0.0546624 0.503 2.33595 -0.270019 
600.1 74.1152 13.2311 13.237 -0.0095962 -2.06498 -48.0533 0.0546624 0.503 2.25568 0.238855 
600.1 79.324 13.0494 13.0561 -0.00971343 -3.54346 -48.0467 0.0546624 0.503 3.32746 -0.558805 
600.1 74.0294 13.2345 13.4217 -0.343765 -0.0343054 -47.2876 0.0546624 0.503 2.83707 0.766979 
600.1 77.4164 13.1155 13.1341 -0.0437989 -1.9434 -45.1735 0.0546624 0.503 2.73067 0.642671 
600.1 67.919 13.454 13.4595 -0.0158648 1.09172 -51.6922 1.39979 0.0003 2.65664 -0.885733 
600.1 76.2183 13.1573 13.1658 -0.0130959 -1.77211 -47.447 0.0546624 0.503 2.28221 -0.117718 
600.1 66.8688 13.4926 13.4936 0.00151426 0.785689 -49.8077 1.39979 0.503 3.07961 0.977162 
600.1 69.4262 13.3992 13.4171 -0.0415137 -0.482388 -45.2085 0.0546624 0.503 2.15697 0.335857 
600.1 74.3403 13.2235 13.2499 -0.0169473 -2.00812 -47.4071 0.0546624 0.503 2.60925 -0.670272 
600.1 67.8233 13.4575 13.4121 0.100829 -0.573881 -54.9992 0.0546624 0.0003 2.28972 -0.634946 
600.1 64.0344 13.5978 13.4252 0.343876 0.165039 -5.07991 1.39979 0.503 2.00814 -0.397582 
600.1 66.6175 13.5019 13.4187 0.179304 1.02446 -8.2367 1.39979 0.503 2.12712 -0.462555 
600.1 72.7207 13.2808 13.3572 -0.151231 0.283519 -54.9072 1.39979 0.0003 2.18511 -0.0746224 
600.1 73.2251 13.2627 13.2709 -0.016042 -2.54246 -46.8924 0.0546624 0.503 2.34595 -0.469524 
600.1 63.3716 13.6223 13.6139 0.0207993 1.74242 -46.8199 1.39979 0.503 2.09699 -0.611616 
600.1 66.7709 13.4959 13.3072 0.350865 -0.407564 -55 0.0546624 0.0003 2.90972 0.979568 
600.1 79.3982 13.0471 13.0834 -0.0816208 -1.81295 -45.0052 0.0546624 0.503 2.37391 -0.157995 
600.1 79.6218 13.039 13.0244 0.00604671 -3.24522 -50.9891 0.0546624 0.0003 2.42547 0.282806 
600.1 76.6796 13.1411 13.142 -0.00200442 -1.39296 -49.5414 0.0546624 0.503 2.36169 -0.323886 
600.1 54.1493 13.9773 13.9775 0.000918045 5.11756 -49.9252 1.39979 0.503 1.72462 -0.842259 
600.1 65.8704 13.5292 13.5152 0.0202646 0.564238 -47.1335 1.39979 0.503 2.21671 -0.638629 
600.1 65.0487 13.56 13.4458 0.260198 0.448411 -5.36441 1.39979 0.503 1.96395 -0.0220247 
600.1 75.173 13.1938 13.2082 -0.0395641 -1.73989 -45.2406 0.0546624 0.503 2.29701 -0.274327 
600.1 65.3503 13.5487 13.5453 0.00677784 1.82701 -49.1424 1.39979 0.503 2.57681 -0.935185 
600.1 73.5918 13.2495 13.3193 -0.165903 -1.05632 -45 0.0546624 0.503 2.87369 0.785606 
600.1 72.797 13.278 13.2927 -0.0274817 -2.1469 -45.7826 0.0546624 0.503 2.64061 0.733127 
600.1 63.6535 13.612 13.5787 0.0791683 1.15302 -30.4623 1.39979 0.503 2.18806 -0.71379 
600.1 64.3222 13.5871 13.5727 0.0332498 2.23651 -44.3066 1.39979 0.503 2.2386 0.736566 
600.1 65.9486 13.5266 13.5177 0.0146921 1.45826 -48.047 1.39979 0.503 2.90242 1.00348 
600.1 76.9107 13.1332 13.1369 -0.0119705 -2.69584 -47.4684 0.0546624 0.503 2.29205 0.0494398 
600.1 67.9763 13.452 13.4449 0.0204535 1.64413 -46.8971 1.39979 0.503 2.0596 -0.122398 
600.1 65.9017 13.5283 13.5236 0.0150049 1.44787 -47.8336 1.39979 0.503 2.85665 0.999385 
600.1 67.2103 13.4802 13.5473 -0.117564 1.40081 -54.7603 1.39979 0.0003 2.13457 0.439015 
600.1 66.0701 13.522 13.5136 0.0152833 2.01699 -47.8891 1.39979 0.503 2.0873 0.419348 
600.1 73.5579 13.2509 13.3091 -0.124957 -1.30571 -45.0001 0.0546624 0.503 2.20591 -0.0631078 
600.1 64.6765 13.5737 13.5766 -0.00251129 1.8242 -50.2964 1.39979 0.0003 2.9661 1.04729 
600.1 74.5244 13.2171 13.371 -0.274642 0.860393 -54.9965 1.39979 0.0003 2.49389 0.581694 
600.1 65.9395 13.5268 13.5136 0.0302434 2.08009 -44.952 1.39979 0.503 2.48674 0.868148 
600.1 66.4308 13.5086 13.4442 0.120028 -0.513462 -54.9998 0.0546624 0.0003 3.8572 -0.502743 
600.1 64.6336 13.5751 13.5643 0.0182201 1.98909 -47.3962 1.39979 0.503 2.08851 -0.520074 
600.1 74.5635 13.2156 13.3893 -0.323104 0.82258 -54.9991 1.39979 0.0003 2.67424 -0.697765 
600.1 66.0509 13.5228 13.5053 0.0369566 1.71405 -43.4385 1.39979 0.503 2.17212 0.569814 
600.1 70.3142 13.3669 13.3128 0.0964547 -2.04399 -54.9985 0.0546624 0.0003 2.11753 0.0291436 
600.1 74.0027 13.2351 13.2448 -0.0210251 -0.869206 -46.2743 0.0546624 0.503 2.21544 0.008948 
600.1 66.4073 13.5096 13.5024 0.0115209 1.36699 -48.5241 1.39979 0.503 2.1469 0.510774 
600.1 74.359 13.2227 13.3621 -0.28915 -0.306348 -45 0.0546624 0.503 2.23633 -0.135374 
600.1 63.8744 13.6038 13.596 0.0253069 1.57616 -45.9106 1.39979 0.503 2.32851 0.838222 
600.1 70.7888 13.3498 13.436 -0.186631 -0.362171 -45 0.0546624 0.503 2.21934 -0.384372 
600.1 76.1998 13.1576 13.0915 0.0883931 -2.15957 -54.9953 0.0546624 0.0003 3.17567 -0.706789 
600.1 76.7184 13.1396 13.1455 -0.0114272 -1.88871 -47.6527 0.0546624 0.503 2.3318 -0.254355 
600.1 68.7863 13.4222 13.3068 0.200449 -2.1716 -55 0.0546624 0.0003 2.14996 -0.365878 
600.1 77.4968 13.1128 13.1175 -0.018526 -2.02016 -46.4666 0.0546624 0.503 2.44076 -0.412667 
600.1 63.7839 13.6069 13.6077 0.00626691 1.0104 -49.1291 1.39979 0.503 2.00836 0.420068 
600.1 66.3857 13.5102 13.5015 0.0175995 2.02617 -47.4465 1.39979 0.503 2.36974 -0.770138 
600.1 74.1637 13.2294 13.3614 -0.286896 -0.881349 -45 0.0546624 0.503 2.28362 -0.310183 
600.1 68.8327 13.4206 13.4869 -0.12974 2.00593 -54.832 1.39979 0.0003 2.36009 0.666544 
600.1 69.2379 13.406 13.4005 0.00718744 0.22323 -49.1945 1.39979 0.503 2.42065 -0.705334 
600.1 64.39 13.5844 13.5655 0.0437839 0.833379 -41.5908 1.39979 0.503 2.9681 -1.05676 
600.1 74.2109 13.2276 13.2427 -0.0254641 -1.22187 -45.9507 0.0546624 0.503 3.02329 -0.77927 
600.1 78.3098 13.0844 13.0981 -0.0264213 -1.37229 -45.8481 0.0546624 0.503 3.43468 -0.515232 
600.1 63.9574 13.6007 13.6007 0.000664976 2.24099 -49.9545 1.39979 0.503 1.98367 -0.337589 
600.1 62.5611 13.6527 13.6534 -2.10006e-05 2.0489 -50.0106 1.39979 0.503 1.90545 -0.229861 
600.1 66.8309 13.494 13.4975 0.00458327 1.27945 -49.3059 1.39979 0.503 2.11915 0.433394 
600.1 63.6917 13.6105 13.5981 0.0159562 2.1991 -47.9519 1.39979 0.503 1.92362 -0.0875087 
600.1 69.9689 13.3793 13.2641 0.217288 -1.04658 -55 0.0546624 0.0003 2.19994 -0.395457 
600.1 62.6648 13.6491 13.6417 0.015637 2.45202 -47.7646 1.39979 0.503 2.03531 -0.558255 
600.1 78.2987 13.085 13.1031 -0.0372542 -1.46579 -45.3215 0.0546624 0.503 2.51427 -0.467809 
600.1 57.0845 13.8624 13.9218 -0.103334 4.75634 -54.6498 1.39979 0.0003 3.23319 1.32548 
600.1 64.5467 13.5787 13.5686 0.0179318 1.72742 -47.5126 1.39979 0.503 2.83149 -1.03823 
600.1 64.9091 13.5649 13.5684 0.00678558 1.99641 -48.9508 1.39979 0.503 2.01629 0.339501 
600.1 67.0952 13.4841 13.4771 0.00770233 1.96977 -49.0894 1.39979 0.503 2.46694 0.814818 
600.1 72.3962 13.2921 13.3418 -0.117162 -0.899471 -45.0002 0.0546624 0.503 2.21869 0.271409 
600.1 68.9847 13.4151 13.3825 0.0772831 1.11612 -31.0293 1.39979 0.503 2.56908 0.812549 
600.1 70.591 13.3571 13.4259 -0.135028 1.23215 -54.856 1.39979 0.0003 2.18667 0.323312 
600.1 76.2403 13.1564 13.1677 -0.0197798 -2.46474 -46.4583 0.0546624 0.503 2.44324 -0.467655 
600.1 74.5132 13.2169 13.2215 -0.0210696 -0.894381 -46.1952 0.0546624 0.503 2.23153 0.0713287 
600.1 67.5464 13.4679 13.4223 0.100702 0.392167 -23.4118 1.39979 0.503 2.05546 0.174373 
600.1 58.3189 13.8146 13.8609 -0.0947924 3.65743 -54.5801 1.39979 0.0003 2.11918 0.937223 
600.1 64.5634 13.5778 13.5725 0.00848223 1.2976 -48.9534 1.39979 0.503 2.0539 0.459163 
600.1 62.9817 13.6372 13.6319 0.00935827 2.40788 -48.8248 1.39979 0.503 2.62182 1.03713 
600.1 70.5264 13.3591 13.2014 0.284186 -1.17407 -55 0.0546624 0.0003 2.21872 0.399046 
600.1 64.5531 13.5781 13.4749 0.188979 -0.181148 -55 0.0546624 0.0003 2.11875 -0.57448 
600.1 72.5081 13.2881 13.2195 0.112818 -2.62232 -54.9996 0.0546624 0.0003 2.53975 -0.68362 
600.1 68.6727 13.4263 13.2404 0.343011 -1.17332 -55 0.0546624 0.0003 2.34582 0.659136 
600.1 73.9665 13.2367 13.3726 -0.288102 -0.419868 -45 0.0546624 0.503 2.56388 -0.653406 
600.1 77.9681 13.0965 13.1233 -0.056425 -2.01395 -45.0544 0.0546624 0.503 2.50848 0.473666 
600.1 64.5592 13.5781 13.5718 0.0105037 2.01316 -48.6634 1.39979 0.503 2.06994 0.49104 
600.1 67.9161 13.4543 13.4661 -0.0261965 -0.457114 -45.832 0.0546624 0.503 2.46923 0.787792 
600.1 63.2683 13.6264 13.6245 0.00230313 2.37756 -49.7802 1.39979 0.503 2.14048 0.676681 
600.1 51.822 14.0697 14.0659 0.00856108 5.90555 -48.8908 1.39979 0.503 1.28095 0.43211 
600.1 69.8568 13.3833 13.2688 0.197817 -1.07844 -55 0.0546624 0.0003 2.20341 0.409327 
600.1 73.8228 13.2413 13.217 0.0163391 -1.25346 -52.7607 0.0546624 0.0003 3.39457 0.68407 
600.1 64.8264 13.5679 13.5618 0.00931543 1.57147 -48.8399 1.39979 0.503 2.06118 -0.455103 
600.1 69.4757 13.3971 13.2712 0.216736 -0.851353 -55 0.0546624 0.0003 2.0944 0.032229 
600.1 63.2362 13.6277 13.6285 0.00103928 2.07802 -49.8875 1.39979 0.503 1.9131 -0.131908 
600.1 74.4456 13.2198 13.2254 -0.0135259 -2.05355 -47.2411 0.0546624 0.503 2.30836 0.345401 
600.1 76.619 13.1434 13.1533 -0.0143332 -2.09083 -47.2379 0.0546624 0.503 2.3567 -0.317063 
600.1 73.2043 13.2637 13.2966 -0.0769031 -2.14418 -45.0079 0.0546624 0.503 3.30489 -0.745554 
600.1 71.3441 13.3297 13.1883 0.258297 -2.61709 -55 0.0546624 0.0003 2.14496 0.0140771 
600.1 73.1733 13.2648 13.2665 -0.00774343 -1.69328 -48.2639 0.0546624 0.503 3.64263 0.486982 
600.1 79.4711 13.0445 13.1167 -0.167374 -1.66016 -45 0.0546624 0.503 2.55461 0.465066 
600.1 55.1969 13.9358 13.9294 0.0095176 4.787 -48.7996 1.39979 0.503 1.69304 0.63869 
600.1 74.4554 13.2194 13.3728 -0.293219 0.136422 -54.998 1.39979 0.0003 2.44333 0.536198 
600.1 73.425 13.2556 13.2364 0.0370474 -2.50565 -54.6841 0.0546624 0.0003 2.20482 -0.086768 
600.1 65.0354 13.5604 13.5607 0.000602196 1.4374 -49.9379 1.39979 0.503 2.05958 0.435339 
600.1 67.6242 13.4648 13.4502 0.0328105 0.969361 -44.3639 1.39979 0.503 2.39239 -0.741526 
600.1 69.0821 13.4115 13.4105 0.00304566 0.966408 -49.6322 1.39979 0.503 2.54173 0.794386 
600.1 57.0896 13.8622 13.9138 -0.0812658 4.52611 -54.3568 1.39979 0.0003 1.65458 -0.0184122 
600.1 75.5084 13.1822 13.3011 -0.261971 -0.467703 -45 0.0546624 0.503 2.99338 -0.745751 
600.1 68.2804 13.4408 13.4607 -0.0565454 1.95725 -53.8805 1.39979 0.0003 2.1125 -0.308632 
600.1 71.9096 13.3096 13.3391 -0.0641488 -0.499013 -45.0271 0.0546624 0.503 2.41013 -0.598127 
600.1 72.7699 13.2789 13.3828 -0.213389 -0.0547676 -45.2249 0.0546624 0.503 2.2361 -0.28999 
600.1 67.18 13.4813 13.4715 0.0182032 1.13074 -47.3936 1.39979 0.503 2.03292 0.0893401 
600.1 74.7888 13.2074 13.2274 -0.0507055 -0.988611 -45.0873 0.0546624 0.503 2.24258 -0.103517 
600.1 69.1973 13.4073 13.3536 0.0771122 -0.643155 -54.9889 0.0546624 0.0003 3.0357 0.913164 
600.1 67.8275 13.4575 13.4581 0.000690522 1.29394 -49.9362 1.39979 0.503 3.18921 -0.933406 
600.1 65.7723 13.533 13.529 0.00655494 2.13763 -49.1944 1.39979 0.503 2.52399 0.894866 
600.1 72.3982 13.2922 13.3034 -0.0279698 -1.67928 -45.7096 0.0546624 0.503 2.32096 0.471923 
600.1 73.841 13.2407 13.2527 -0.0325805 -2.18249 -45.4639 0.0546624 0.503 2.25623 0.26324 
600.1 58.3835 13.8121 13.7931 0.0383767 3.03368 -43.1502 1.39979 0.503 2.19133 0.996244 
600.1 72.9134 13.2738 13.2835 -0.0162031 -1.48958 -46.9281 0.0546624 0.503 2.19018 -0.0731801 
600.1 75.8794 13.1692 13.1718 -0.0010288 -1.9357 -49.9395 0.0546624 0.503 2.37491 -0.389509 
600.1 69.8673 13.3829 13.2252 0.296104 -0.680354 -55 0.0546624 0.0003 2.14569 0.267778 
600.1 66.2715 13.5145 13.5036 0.0131922 1.55622 -48.3222 1.39979 0.503 2.87787 -0.991037 
600.1 72.3579 13.2936 13.3197 -0.0616702 -1.39061 -45.0325 0.0546624 0.503 2.24938 0.349197 
600.1 53.5102 14.0024 14.0203 -0.0351765 5.50217 -52.9539 1.39979 0.0003 1.72138 -0.930028 
600.1 61.8033 13.6812 13.6327 0.107189 1.55925 -21.3602 1.39979 0.503 1.98694 0.533616 
600.1 69.7684 13.3866 13.3102 0.138675 -0.90214 -55 0.0546624 0.0003 2.2987 0.560812 
600.1 74.1918 13.2285 13.2287 -0.000360313 -1.2032 -49.9553 0.0546624 0.503 2.22539 0.0925432 
600.1 63.9857 13.5996 13.5848 0.0301455 1.15118 -45.061 1.39979 0.503 2.00247 0.386971 
600.1 70.2666 13.3686 13.2962 0.129424 -1.95404 -54.9999 0.0546624 0.0003 2.1653 0.29193 
600.1 63.0963 13.6328 13.7136 -0.161991 2.24518 -54.931 1.39979 0.0003 2.56763 1.0112 
600.1 72.4276 13.2915 13.4418 -0.267823 1.62295 -54.9957 1.39979 0.0003 2.24134 -0.326363 
600.1 67.4459 13.4716 13.4729 0.00202606 1.96855 -49.7453 1.39979 0.503 3.19979 -0.94253 
600.1 64.5084 13.5798 13.5718 0.0172773 2.41178 -47.4961 1.39979 0.503 2.20749 -0.693842 
600.1 64.4335 13.5829 13.5768 0.00948045 2.17943 -48.8478 1.39979 0.503 2.00879 -0.362567 
600.1 75.414 13.1856 13.1906 -0.0151213 -0.971512 -46.943 0.0546624 0.503 2.59452 -0.628925 
600.1 64.4206 13.5834 13.5767 0.0123046 2.23642 -48.3334 1.39979 0.503 1.95765 0.168228 
600.1 64.8916 13.5659 13.5632 0.00767763 2.09591 -49.0162 1.39979 0.503 1.98864 -0.245839 
600.1 70.8809 13.3469 13.4688 -0.211399 1.52618 -54.9802 1.39979 0.0003 2.58288 0.760341 
600.1 67.3759 13.474 13.4911 -0.0291873 1.44404 -52.5829 1.39979 0.0003 2.92572 -0.962795 
600.1 63.9655 13.6004 13.5904 0.0187329 1.55273 -47.3339 1.39979 0.503 3.23772 -1.0439 
600.1 67.3171 13.4761 13.4723 0.0110751 2.33206 -48.498 1.39979 0.503 2.0883 0.323977 
600.1 66.1228 13.5199 13.5183 0.00305969 1.06888 -49.6326 1.39979 0.503 1.99809 -0.0475543 
600.1 70.924 13.3453 13.3593 -0.0255337 -1.27293 -45.9308 0.0546624 0.503 2.16092 -0.214502 
600.1 65.6264 13.5383 13.5325 0.0127256 1.01953 -48.2673 1.39979 0.503 2.83153 1.0042 
600.1 74.4965 13.2178 13.2268 -0.0135489 -1.23858 -47.3257 0.0546624 0.503 2.63903 -0.682643 
600.1 77.8116 13.1018 13.1172 -0.031238 -2.20247 -45.5417 0.0546624 0.503 2.39037 -0.316443 
600.1 67.4631 13.471 13.5091 -0.0415943 1.79665 -53.1037 1.39979 0.0003 2.27705 -0.636104 
600.1 73.8176 13.242 13.3687 -0.233954 1.41928 -54.9897 1.39979 0.0003 2.72207 -0.738931 
600.1 69.7202 13.3887 13.4102 -0.055497 -0.657234 -45.0551 0.0546624 0.503 3.08898 -0.894568 
600.1 72.9201 13.2735 13.2875 -0.0324344 -2.18123 -45.4839 0.0546624 0.503 2.19788 0.134317 
600.1 66.9465 13.4896 13.48 0.0123174 0.902154 -48.4263 1.39979 0.503 3.3817 0.900987 
600.1 61.7587 13.6833 13.8067 -0.235001 3.30942 -54.9902 1.39979 0.0003 1.93231 0.418174 
600.1 67.9584 13.4529 13.5813 -0.230115 1.64204 -54.9883 1.39979 0.0003 2.25901 0.592263 
600.1 70.9697 13.3435 13.3531 -0.0133379 -1.16099 -47.414 0.0546624 0.503 2.23456 -0.40303 
600.1 69.7858 13.3861 13.3895 -0.00847234 -0.518998 -48.1879 0.0546624 0.503 2.54792 0.775315 
600.1 65.2112 13.5537 13.5483 0.0171849 1.93035 -47.4449 1.39979 0.503 2.18124 0.626284 
600.1 66.0092 13.5243 13.4502 0.158874 1.09846 -10.3914 1.39979 0.503 2.14634 0.533023 
600.1 63.6335 13.6125 13.6039 0.020945 2.63357 -46.7976 1.39979 0.503 3.23473 1.05606 
600.1 62.3472 13.6611 13.7419 -0.151169 2.86273 -54.9048 1.39979 0.0003 2.05378 -0.609715 
600.1 76.8261 13.136 13.1588 -0.0606055 -2.006 -45.034 0.0546624 0.503 2.98628 -0.711646 
600.1 72.3143 13.295 13.319 -0.0420068 -2.00241 -45.2281 0.0546624 0.503 2.23268 -0.314503 
600.1 75.7326 13.1742 13.1649 0.0142563 -1.14373 -52.8589 0.0546624 0.0003 2.61558 -0.632452 
600.1 66.8863 13.4921 13.4816 0.0138249 2.25968 -48.2637 1.39979 0.503 2.02382 0.0852311 
600.1 67.4718 13.4704 13.4649 0.00653715 1.77042 -49.274 1.39979 0.503 2.31718 0.678688 
600.1 77.9657 13.0965 13.1036 -0.0108611 -2.66056 -47.8295 0.0546624 0.503 3.07507 -0.678672 
600.1 67.8574 13.4562 13.4605 -0.000440626 1.28386 -49.9746 1.39979 0.503 2.8196 -0.934634 
600.1 76.4833 13.1481 13.148 -0.0146554 -2.31672 -46.9001 0.0546624 0.503 2.60255 -0.601377 
600.1 58.5403 13.8059 13.8028 0.00859594 3.42203 -48.8576 1.39979 0.503 2.1806 0.978659 
600.1 67.1587 13.482 13.5222 -0.0759696 0.877716 -54.293 1.39979 0.0003 2.04733 -0.192868 
600.1 68.0961 13.4475 13.4499 -0.00113621 1.13885 -50.1004 1.39979 0.0003 2.5779 0.845411 
600.1 75.1339 13.1955 13.212 -0.0297613 -2.26265 -45.6311 0.0546624 0.503 2.25019 -0.09443 
600.1 74.5497 13.2156 13.2208 -0.0226928 -1.58703 -46.0342 0.0546624 0.503 2.93659 0.768217 
600.1 69.7744 13.3867 13.4001 -0.0249273 -0.581702 -45.967 0.0546624 0.503 3.57869 -0.686055 
600.1 70.6902 13.3537 13.4533 -0.162575 2.0293 -54.9248 1.39979 0.0003 2.12858 -0.0415584 
600.1 67.8872 13.4553 13.452 0.0124732 2.13704 -48.2186 1.39979 0.503 2.07446 -0.218051 
600.1 68.1692 13.4448 13.4206 0.0480914 1.35124 -40.6349 1.39979 0.503 2.46454 -0.776117 
600.1 78.0604 13.0934 13.1019 -0.0197467 -2.4096 -46.3771 0.0546624 0.503 2.66665 -0.593102 
600.1 74.1089 13.2314 13.338 -0.246509 0.179958 -54.9935 1.39979 0.0003 2.21879 -0.0374187 
600.1 67.2855 13.4772 13.471 0.00588536 -0.248321 -51.2387 0.0546624 0.0003 2.04907 -0.182852 
600.1 67.0746 13.4847 13.3067 0.328604 -0.368697 -55 0.0546624 0.0003 2.19838 0.554551 
600.1 72.637 13.2834 13.1523 0.227203 -1.86658 -55 0.0546624 0.0003 2.31241 0.448227 
600.1 76.5533 13.1455 13.1231 0.0315143 -2.07241 -54.4274 0.0546624 0.0003 3.71778 -0.0429696 
600.1 67.5553 13.4672 13.466 0.0051793 2.51283 -49.3157 1.39979 0.503 2.18351 0.506117 
600.1 73.4503 13.2546 13.2557 -0.00622763 -1.97844 -48.6193 0.0546624 0.503 2.35433 0.471115 
600.1 72.0812 13.3033 13.3065 -0.0144311 -1.14181 -47.0492 0.0546624 0.503 2.24358 -0.354298 
600.1 64.1622 13.593 13.5819 0.0153555 1.27743 -47.959 1.39979 0.503 1.93606 0.0232046 
600.1 66.6484 13.5008 13.4878 0.0231403 0.561827 -46.5296 1.39979 0.503 2.39362 -0.778825 
600.1 62.0989 13.6702 13.6565 0.0253186 2.12429 -46.0721 1.39979 0.503 1.90901 0.31199 
600.1 74.4797 13.2181 13.2216 -0.00108768 -2.01326 -49.9495 0.0546624 0.503 2.28972 -0.303048 
600.1 68.0878 13.4477 13.3179 0.246842 -0.0807876 -55 0.0546624 0.0003 2.36652 0.701552 
600.1 56.7887 13.8738 13.8673 0.0119188 3.95545 -48.418 1.39979 0.503 2.10444 1.02525 
600.1 56.1248 13.8997 13.9407 -0.0770174 4.60162 -54.3119 1.39979 0.0003 1.64931 -0.360245 
600.1 58.9807 13.7889 13.7817 0.0155736 3.13276 -47.7967 1.39979 0.503 2.4594 -1.13473 
600.1 63.673 13.6112 13.6104 0.00747406 2.15999 -48.9818 1.39979 0.503 2.32679 -0.844988 
600.1 67.7875 13.4588 13.4242 0.0869188 1.30413 -27.6552 1.39979 0.503 2.15372 0.440088 
600.1 73.2066 13.2634 13.2731 -0.0196763 -2.20131 -46.4444 0.0546624 0.503 2.51235 0.641322 
600.1 65.699 13.5357 13.5576 -0.0444774 1.57462 -53.3984 1.39979 0.0003 2.28838 0.724962 
600.1 78.3236 13.0841 13.0834 -0.00422518 -2.27153 -48.9788 0.0546624 0.503 2.38763 -0.280289 
600.1 64.5226 13.5795 13.5664 0.0251785 2.75349 -46.1081 1.39979 0.503 2.96783 -1.05206 
600.1 72.4072 13.2919 13.3046 -0.0241487 -1.23149 -46.0221 0.0546624 0.503 2.29086 0.424505 
600.1 68.7229 13.4247 13.4355 -0.0247332 1.58617 -52.3468 1.39979 0.0003 3.40854 0.832154 
600.1 63.3939 13.6218 13.6165 0.0148989 1.8638 -47.8842 1.39979 0.503 2.1058 -0.622604 
600.1 76.2771 13.1552 13.3261 -0.350444 -0.438356 -45 0.0546624 0.503 2.28371 -0.120156 
600.1 80.4558 13.0105 13.0905 -0.184766 -1.46217 -45 0.0546624 0.503 2.65862 -0.515554 
600.1 76.9636 13.1315 13.2659 -0.277639 -0.319109 -45 0.0546624 0.503 2.42254 -0.410093 
600.1 51.9259 14.0654 14.0643 0.0023152 6.0001 -49.7554 1.39979 0.503 1.67118 -1.15022 
600.1 62.8824 13.6407 13.5458 0.204738 0.959707 -6.65975 1.39979 0.503 2.07332 0.605985 
600.1 63.1555 13.6305 13.6292 0.0123187 2.03779 -48.1965 1.39979 0.503 2.05664 -0.56163 
600.1 73.6371 13.2479 13.2582 -0.0172685 -1.21947 -46.8022 0.0546624 0.503 2.26475 -0.300251 
600.1 69.5993 13.3929 13.404 -0.022896 0.979936 -52.2021 1.39979 0.0003 2.1199 -0.199933 
600.1 65.1428 13.5566 13.6182 -0.0907014 2.06866 -54.4844 1.39979 0.0003 2.09915 -0.505402 
600.1 64.5767 13.5772 13.5674 0.0131666 1.24661 -48.3178 1.39979 0.503 3.79784 0.6845 
600.1 66.748 13.4969 13.4951 0.00612379 1.71687 -49.2014 1.39979 0.503 2.06516 0.308391 
600.1 73.855 13.2401 13.1536 0.133842 -2.53735 -54.9999 0.0546624 0.0003 3.67036 0.415838 
600.1 76.3634 13.152 13.1879 -0.0814843 -1.87873 -45.0054 0.0546624 0.503 2.31744 0.241264 
600.1 74.2686 13.2258 13.2318 -0.0167833 -1.65753 -46.7173 0.0546624 0.503 2.47744 0.575989 
600.1 68.045 13.4495 13.4428 0.0186598 1.54866 -47.2254 1.39979 0.503 2.38804 0.721856 
600.1 68.1638 13.4448 13.4368 0.00647409 1.56457 -49.3096 1.39979 0.503 2.39482 -0.723358 
600.1 72.7901 13.2784 13.2857 -0.0107182 -2.48934 -47.804 0.0546624 0.503 2.40668 0.560684 
600.1 74.3553 13.223 13.1718 0.0752277 -2.03837 -54.9858 0.0546624 0.0003 2.22583 -0.0449179 
600.1 62.5855 13.6521 13.6473 0.0125874 2.91813 -48.2796 1.39979 0.503 2.40505 0.945663 
600.1 76.289 13.1548 13.1589 -0.0121997 -1.72412 -47.444 0.0546624 0.503 2.63741 0.628477 
600.1 50.3246 14.1298 14.1317 -0.00331291 6.66104 -50.4171 1.39979 0.0003 0.851555 0.465741 
600.1 76.6384 13.1424 13.1527 -0.0292991 -2.39171 -45.6251 0.0546624 0.503 2.53129 0.542417 
600.1 70.3548 13.3654 13.3117 0.0953524 -1.20924 -54.9983 0.0546624 0.0003 2.61057 0.791194 
600.1 76.0563 13.1631 13.1831 -0.00839723 -2.20075 -48.952 0.0546624 0.503 2.27123 -0.0678669 
600.1 71.0576 13.3403 13.3448 -0.00457737 -1.16136 -49.1254 0.0546624 0.503 2.22649 0.381911 
600.1 61.4507 13.695 13.7587 -0.1119 3.01149 -54.7217 1.39979 0.0003 1.8885 -0.324767 
600.1 78.8938 13.0642 13.0751 -0.0198386 -2.30694 -46.471 0.0546624 0.503 2.42812 -0.327705 
600.1 62.0719 13.6715 13.6678 0.00917183 1.80339 -48.7766 1.39979 0.503 1.96975 -0.477195 
600.1 74.6249 13.2134 13.2146 -0.0058418 -2.52059 -48.68 0.0546624 0.503 2.60066 -0.65659 
600.1 66.1011 13.5209 13.5168 0.00651488 2.01576 -49.2214 1.39979 0.503 2.554 0.898984 
600.1 64.5271 13.5793 13.5762 0.00977759 2.44648 -48.6826 1.39979 0.503 2.05035 -0.454552 
600.1 68.3335 13.4391 13.4434 0.000268311 0.140781 -49.9072 1.39979 0.503 3.48359 -0.803629 
600.1 73.0363 13.2698 13.3363 -0.150418 -1.16872 -45 0.0546624 0.503 2.20137 0.134415 
600.1 69.9484 13.3804 13.4125 -0.0379758 1.39374 -52.9635 1.39979 0.0003 2.14838 0.267863 
600.1 66.9124 13.4909 13.4389 0.120865 0.880535 -17.461 1.39979 0.503 2.06787 -0.300661 
600.1 77.2061 13.1229 13.2885 -0.314681 -0.115089 -45.0417 0.0546624 0.503 2.3365 -0.229597 
600.1 67.5341 13.4684 13.4662 0.00269622 0.225048 -49.7741 1.39979 0.503 2.46644 -0.799134 
600.1 63.7455 13.6086 13.4903 0.259428 0.545402 -5.38102 1.39979 0.503 3.00562 1.07784 
600.1 67.5771 13.4666 13.3808 0.189121 0.0633323 -7.87104 1.39979 0.503 2.63491 -0.887455 
600.1 71.3705 13.3293 13.3383 -0.0118286 -0.0350298 -47.6594 0.0546624 0.503 2.74519 0.815142 
600.1 74.4371 13.2197 13.3673 -0.309638 -0.424242 -45 0.0546624 0.503 2.42295 0.515404 
600.1 67.9821 13.4516 13.3811 0.131337 -0.389374 -54.9999 0.0546624 0.0003 2.31632 -0.657044 
600.1 72.3982 13.2921 13.3165 -0.047553 -1.64013 -45.1302 0.0546624 0.503 2.83316 0.809673 
600.1 72.6443 13.2836 13.3374 -0.118393 -0.113106 -45.0002 0.0546624 0.503 2.18138 0.0502328 
600.1 62.6764 13.6488 13.7995 -0.282108 3.17121 -54.9972 1.39979 0.0003 1.98141 0.451195 
600.1 72.9785 13.2717 13.2835 -0.0245555 -1.19899 -45.9606 0.0546624 0.503 2.23744 0.277363 
600.1 60.9673 13.7131 13.702 0.0236741 2.53626 -46.3198 1.39979 0.503 2.08699 0.741369 
600.1 67.797 13.4587 13.5318 -0.118839 2.31489 -54.7613 1.39979 0.0003 2.13117 -0.392299 
600.1 76.773 13.1381 13.1405 -0.0126649 -2.13821 -47.2942 0.0546624 0.503 3.34161 0.626079 
600.1 73.2456 13.2618 13.2596 -0.000979808 -0.508474 -49.7505 0.0546624 0.503 3.40815 0.693571 
600.1 73.4219 13.2558 13.2619 -0.0139222 -1.12745 -47.2356 0.0546624 0.503 2.77957 -0.768789 
600.1 66.5634 13.504 13.4333 0.164507 0.640735 -9.58277 1.39979 0.503 2.23965 0.633365 
600.1 74.7371 13.2093 13.2585 -0.116435 -1.07639 -45.0002 0.0546624 0.503 2.73096 0.716846 
600.1 72.6855 13.2819 13.448 -0.341147 -0.304949 -45 0.0546624 0.503 2.18108 0.0257058 
