825 990 -0.929293 -0.9 -0.79 -0.82 -0.84 -0.82 
300 360 -0.838384 -0.8 -0.75 -0.8 -0.85 -0.79798 
50 60 -0.88 -0.79 -0.816327 -0.82 -0.83 -0.86 
0.12 0.144 0 0 0 0 0 0 
0.12 0.144 0 0 0 0 0 0 
1 1.2 -0.84 -0.81 -0.78 -0.86 -0.89 -0.9
1 1.2 -0.828283 -0.908163 -0.78 -0.87 -0.83 -0.86
2 2.4 -0.878788 -0.85 -0.79 -0.82 -0.77 -0.8
0.7 0.84 -0.777778 -0.86 -0.8 -0.828283 -0.82 -0.818182
0.001 0.0012 -0.838384 -0.77 -0.818182 -0.86 -0.826531 -0.818182
1.34512 1.61415 -0.83 -0.78 -0.86 -0.816327 -0.92 -0.848485
1 1.2 -0.84 -0.82 -0.77 -0.89 -0.85 -0.82
0 0 -0.76 -0.87 -0.85 -0.8 -0.818182 -0.87
0.1 0.12 -0.85 -0.838384 -0.828283 -0.87 -0.85 -0.84
0.2 0.24 0 0 0 0 0 0
92 110.4 -0.402062 -0.442105 -0.391304 -0.427083 -0.408602 -0.457447
-5 -6 0 0 0 0 0 0
1 1.2 -0.82 -0.84 -0.85 -0.82 -0.858586 -0.91
27 32.4 -0.858586 -0.89 -0.82 -0.85 -0.85 -0.878788
-40 -48 -0.85 -0.848485 -0.82 -0.79 -0.888889 -0.86
0.03 0.036 -0.78 -0.76 -0.85 -0.88 -0.767677 -0.76
50.3 60.36 -0.83 -0.857143 -0.83 -0.818182 -0.87 -0.9
0.0993 0.11916 -0.42268 -0.548387 -0.5 -0.540816 -0.5 -0.5
0.0546624 0.0655949 -0.344086 -0.406593 -0.387755 -0.418367 -0.385417 -0.421053