600.11 32.1365 14.9036 14.9029 0.00842177 -2.39826 0.0591175 0.0546624 0.0003 -2.66814 0.0251077 
600.11 30.546 14.9752 14.9775 -0.00310461 -2.98905 0.112214 0.0546624 0.503 -2.8432 -0.0500309 
600.11 30.4827 14.9781 14.9802 -0.00450596 -3.07225 0.119218 0.0546624 0.503 -3.06795 -0.138879 
600.11 30.4096 14.9814 14.9216 0.127575 -3.18932 1.43938e-06 0.0546624 0.0003 -2.94616 0.131725 
600.11 34.0488 14.8181 14.7808 0.05323 -3.93889 0.0017839 0.0546624 0.0003 -3.40965 0.23165 
600.11 35.0089 14.7759 14.7754 0.000390188 -4.58248 0.0980931 0.0546624 0.0003 -2.58944 -0.337911 
600.11 31.1598 14.9474 14.9513 -0.00804699 -3.43231 0.134173 0.0546624 0.503 -3.24199 0.00085864 
600.11 49.9867 14.1434 14.1431 0.000482579 -9.99705 0.0963595 0.0546624 0.0003 -1.67672 2.32704 
600.11 31.4905 14.9325 14.8702 0.121136 -3.2708 2.8854e-06 0.0546624 0.0003 -2.98519 0.274926 
600.11 30.5461 14.9752 14.9757 -0.0011208 -3.1058 0.103876 0.0546624 0.503 -3.14592 0.0760889 
600.11 30.3258 14.9852 14.9862 -0.0021937 -2.42114 0.10869 0.0546624 0.503 -3.03944 -0.120437 
600.11 33.3969 14.8471 14.8483 -0.00468181 -3.30223 0.120776 0.0546624 0.503 -2.8452 0.397934 
600.11 30.3115 14.9858 14.9702 0.0252285 -3.59361 0.0183233 0.0546624 0.0003 -2.97002 0.120156 
600.11 30.8556 14.9612 14.962 -0.0038275 -3.19456 0.11722 0.0546624 0.503 -3.16011 -0.131023 
600.11 49.9475 14.145 14.1451 -0.000246462 -9.97525 0.0996712 0.0546624 0.503 -1.53557 1.91826 
600.11 42.1549 14.4672 14.4768 -0.0220619 -6.89908 0.176795 0.0546624 0.503 -2.18014 -0.494514 
600.11 32.0588 14.9071 14.9081 -0.00289051 -3.38481 0.112425 0.0546624 0.503 -2.96709 -0.324594 
600.11 31.1967 14.9458 14.952 -0.0119946 -2.6926 0.148774 0.0546624 0.503 -2.76601 0.0757357 
600.11 30.3698 14.9832 14.9702 0.0261988 -3.30262 0.016032 0.0546624 0.0003 -2.8964 -0.086903 
600.11 30.435 14.9802 14.979 0.000760798 -2.37649 0.0959247 0.0546624 0.0003 -3.11543 -0.0906785 
600.11 31.7237 14.9221 14.9243 -0.00307562 -3.7845 0.11199 0.0546624 0.503 -2.88767 0.275347 
600.11 31.1505 14.9478 14.9492 -0.00330203 -2.60266 0.114158 0.0546624 0.503 -3.19001 0.147907 
600.11 50 14.1429 14.1429 5.69421e-08 -9.99997 0.0985529 0.0546624 0.0003 0.807671 3.91451 
600.11 30.4067 14.9815 14.9828 -0.0015715 -2.30175 0.10544 0.0546624 0.503 -3.11739 0.0797206 
600.11 30.515 14.9766 14.9792 -0.0032488 -3.33378 0.112587 0.0546624 0.503 -2.87917 -0.105025 
600.11 30.2177 14.9901 14.9909 -0.00186369 -2.48879 0.107265 0.0546624 0.503 -2.90495 -0.0405968 
600.11 30.3143 14.9857 14.9866 -0.00150185 -3.44285 0.105294 0.0546624 0.503 -3.01104 -0.123912 
600.11 30.4375 14.9801 14.9824 -0.00371055 -3.17618 0.115088 0.0546624 0.503 -3.14734 -0.000568546 
600.11 30.7073 14.9679 14.9706 -0.00673861 -3.93308 0.128988 0.0546624 0.503 -2.81252 0.0099586 
600.11 44.2685 14.3783 14.3795 -0.00192234 -7.44114 0.10722 0.0546624 0.503 -2.24102 0.805308 
600.11 30.5125 14.9768 14.9785 -0.0015387 -2.77733 0.104933 0.0546624 0.503 -2.84314 0.0288604 
600.11 30.725 14.9671 14.9715 -0.00543911 -3.8153 0.12148 0.0546624 0.503 -3.14135 -0.127319 
600.11 43.1919 14.4234 14.416 0.0123043 -7.27583 0.0485352 0.0546624 0.0003 -2.00041 0.238413 
600.11 35.9327 14.7351 14.7306 0.0151695 -5.01811 0.0370716 0.0546624 0.0003 -2.65136 0.472589 
600.11 32.3239 14.8951 14.9012 -0.0106109 -3.32322 0.143553 0.0546624 0.503 -3.20863 0.278237 
600.11 30.7468 14.9661 14.9683 -0.00539144 -2.23258 0.123257 0.0546624 0.503 -2.80952 0.0306269 
600.11 30.297 14.9865 14.9864 -0.000782189 -2.65 0.102565 0.0546624 0.503 -3.03677 0.115577 
600.11 31.8181 14.9177 14.9236 -0.0113131 -2.11983 0.146512 0.0546624 0.503 -3.06743 0.298305 
600.11 30.4982 14.9774 14.9794 -0.00235623 -2.31882 0.1089 0.0546624 0.503 -2.85923 0.0705103 
600.11 30.5503 14.9751 14.9776 -0.0052287 -2.24268 0.122251 0.0546624 0.503 -3.14237 -0.0843262 
600.11 30.5886 14.9733 14.975 -0.00229352 -2.28832 0.108681 0.0546624 0.503 -3.09314 0.143746 
600.11 30.3796 14.9828 14.9844 -0.00380306 -2.92189 0.11599 0.0546624 0.503 -3.07525 0.11458 
600.11 32.4913 14.8876 14.891 -0.00678547 -3.78682 0.128517 0.0546624 0.503 -2.66623 -0.137937 
600.11 31.4257 14.9355 14.9294 0.0176031 -3.11623 0.0310084 0.0546624 0.0003 -3.08762 -0.254615 
600.11 30.9214 14.9582 14.959 -0.00160135 -2.9164 0.105886 0.0546624 0.503 -2.9813 -0.214134 
600.11 49.4423 14.1654 14.1657 -0.000885004 -9.80263 0.102755 0.0546624 0.503 -1.22236 0.589337 
600.11 30.4294 14.9805 14.9795 0.000128204 -2.89816 0.0985946 0.0546624 0.0003 -3.14 -0.0403085 
600.11 31.2034 14.9455 14.9132 0.0718822 -2.8427 0.000243961 0.0546624 0.0003 -2.75403 0.0178103 
600.11 30.2697 14.9878 14.9699 0.0490011 -1.30514 0.00189065 0.0546624 0.0003 -3.07694 0.0862158 
600.11 30.8429 14.9617 14.9633 -0.00366337 -3.04828 0.115316 0.0546624 0.503 -3.11844 -0.16788 
600.11 30.6689 14.9697 14.9706 -0.0021473 -3.81075 0.108632 0.0546624 0.503 -3.15779 -0.0922184 
600.11 30.6021 14.9727 14.9741 -0.00385448 -1.80416 0.116549 0.0546624 0.503 -3.10689 -0.136167 
600.11 30.0023 14.9999 14.9823 0.0388476 -2.08893 0.00514287 0.0546624 0.0003 -3.00828 -0.00687675 
600.11 47.0777 14.2619 14.2665 -0.0119661 -8.62082 0.14999 0.0546624 0.503 -2.89321 -1.36863 
600.11 31.1653 14.9473 14.9485 -0.00551337 -2.99261 0.12448 0.0546624 0.503 -3.23735 0.0509605 
600.11 30.908 14.9588 14.9612 -0.00556226 -2.65011 0.123738 0.0546624 0.503 -2.79744 -0.0664166 
600.11 31.4146 14.936 14.9361 -0.000964055 -3.18709 0.103456 0.0546624 0.503 -2.83283 0.209916 
600.11 30.9095 14.9587 14.9608 -0.00687834 -2.62414 0.130413 0.0546624 0.503 -3.08421 0.196468 
600.11 30.5308 14.9759 14.9764 -0.000699142 -3.49361 0.101657 0.0546624 0.503 -2.92868 -0.146015 
600.11 30.4412 14.9799 14.9821 -0.00377851 -2.78757 0.115214 0.0546624 0.503 -2.93824 0.134098 
600.11 39.0524 14.5995 14.6002 -0.00237353 -5.88774 0.110066 0.0546624 0.503 -2.34586 -0.402903 
600.11 31.5978 14.9276 14.9059 0.0277297 -2.37406 0.0162392 0.0546624 0.0003 -3.2694 -0.0943446 
600.11 30.4284 14.9806 14.981 0.00127429 -2.33473 0.0918343 0.0546624 0.0003 -2.85445 0.00731269 
600.11 31.0326 14.9532 14.9553 -0.00218007 -3.17063 0.107478 0.0546624 0.503 -3.07946 -0.213861 
600.11 30.214 14.9903 14.9868 0.0139214 -3.21753 0.0404572 0.0546624 0.0003 -3.09638 -0.0359304 
600.11 31.5182 14.9314 14.9328 -0.00329087 -2.68023 0.114162 0.0546624 0.503 -2.932 0.269913 
600.11 31.4008 14.9366 14.9376 -0.00528964 -3.36406 0.123825 0.0546624 0.503 -3.0579 -0.260503 
600.11 50.0029 14.1427 14.1428 -8.06774e-05 -10.0006 0.0989198 0.0546624 0.0003 1.3888 2.61712 
600.11 38.8452 14.6085 14.6113 0.00500314 -5.5573 0.0714928 0.0546624 0.0003 -2.75985 -0.71737 
600.11 50 14.1429 14.1429 7.15385e-09 -10 0.0985531 0.0546624 0.0003 0.773801 3.76399 
600.11 49.9774 14.1438 14.1437 9.59276e-05 -9.99032 0.0981061 0.0546624 0.0003 -2.18376 -2.44632 
600.11 30.5755 14.9739 14.9751 -0.00358927 -3.40064 0.115504 0.0546624 0.503 -3.08382 -0.146872 
600.11 30.5064 14.9771 14.9769 -0.00148563 -3.65655 0.106401 0.0546624 0.503 -3.10369 -0.119873 
600.11 31.0674 14.9517 14.9548 -0.00330544 -2.41239 0.11246 0.0546624 0.503 -3.22667 0.0496301 
600.11 30.5873 14.9733 14.9755 -0.00425188 -2.15577 0.117699 0.0546624 0.503 -2.91003 0.145279 
600.11 45.6432 14.3211 14.2941 0.0539614 -8.38339 0.00134749 0.0546624 0.0003 -3.09325 -1.21846 
600.11 37.3884 14.6715 14.6742 -0.00565821 -5.71749 0.123625 0.0546624 0.503 -2.46196 0.403231 
600.11 30.7396 14.9665 14.9691 -0.00361813 -1.92547 0.114731 0.0546624 0.503 -3.17783 -0.0733448 
600.11 30.4635 14.979 14.9798 0.00306699 -3.45807 0.0825459 0.0546624 0.0003 -2.85366 0.0399892 
600.11 30.2041 14.9907 14.9921 -0.00290197 -3.60059 0.112052 0.0546624 0.503 -2.92058 -0.0608542 
600.11 30.3838 14.9826 14.9812 0.00040194 -2.08866 0.0976751 0.0546624 0.0003 -2.89649 -0.090804 
600.11 30.8198 14.9628 14.9644 -0.00526638 -1.65078 0.123191 0.0546624 0.503 -3.08196 0.185164 
600.11 30.5251 14.9762 14.9794 -0.00554437 -3.40126 0.123457 0.0546624 0.503 -2.83854 0.0084738 
600.11 31.2771 14.9422 14.9422 -0.00158557 -2.69024 0.106869 0.0546624 0.503 -3.25047 -0.0427104 
600.11 30.5099 14.9768 14.9777 -0.00324525 -3.15379 0.113816 0.0546624 0.503 -3.10466 0.119595 
600.11 30.514 14.9767 14.9674 0.0147104 -2.72783 0.0413116 0.0546624 0.0003 -2.84114 0.0159228 
600.11 30.3545 14.984 14.9872 0.00151596 -3.76136 0.0880474 0.0546624 0.0003 -3.0127 -0.131973 
600.11 30.843 14.9618 14.9686 -0.0104607 -2.58704 0.142632 0.0546624 0.503 -2.79785 -0.0371571 
600.11 30.8888 14.9597 14.9622 -0.00371344 -3.93683 0.115205 0.0546624 0.503 -2.86888 -0.165368 
600.11 30.4855 14.9779 14.9809 -0.00682215 -3.53619 0.129117 0.0546624 0.503 -3.04606 0.148188 
600.11 30.4753 14.9784 14.9824 -0.00872012 -2.89982 0.137043 0.0546624 0.503 -3.13277 -0.0774172 
600.11 35.3439 14.7609 14.6713 0.176292 -4.63239 1.77336e-08 0.0546624 0.0003 -2.48917 -0.208685 
600.11 33.8543 14.8267 14.8318 -0.00975829 -4.12867 0.140352 0.0546624 0.503 -2.97819 0.457336 
600.11 31.0454 14.9526 14.9546 -0.00282002 -4.02081 0.110916 0.0546624 0.503 -3.21896 -0.0676297 
600.11 30.6374 14.9711 14.9732 -0.00683827 -3.58142 0.130265 0.0546624 0.503 -3.06588 0.165713 
600.11 30.4739 14.9785 14.9787 -0.000734551 -2.65433 0.102116 0.0546624 0.503 -2.93433 0.138376 
600.11 30.0466 14.9979 14.9907 0.0186493 -3.06609 0.0287915 0.0546624 0.0003 -2.9556 0.018271 
600.11 32.1687 14.9021 14.901 0.00234634 -4.02897 0.0877805 0.0546624 0.0003 -3.01528 -0.335046 
600.11 31.4633 14.9337 14.9331 -0.000744747 -2.50854 0.10279 0.0546624 0.503 -3.27061 -0.0335216 
600.11 30.2716 14.9877 14.9883 -0.00194409 -2.4995 0.107883 0.0546624 0.503 -3.10974 0.0372714 
600.11 32.3248 14.8951 14.9055 -0.0177344 -2.34582 0.165899 0.0546624 0.503 -3.26707 -0.223223 
600.11 34.3156 14.8064 14.8129 -0.0115509 -2.72143 0.146863 0.0546624 0.503 -2.53428 0.145918 
600.11 30.448 14.9797 14.9823 -0.00428236 -3.83207 0.117503 0.0546624 0.503 -2.86495 -0.0631431 
600.11 31.5195 14.9313 14.93 0.00194901 -2.41563 0.0900323 0.0546624 0.0003 -2.79526 0.188492 
600.11 31.0657 14.9518 14.9531 -0.000849359 -1.74248 0.101662 0.0546624 0.503 -3.02402 0.230509 
600.11 31.3326 14.9397 14.9424 -0.00397696 -3.60877 0.116191 0.0546624 0.503 -2.81502 0.18241 
600.11 30.315 14.9857 14.9882 -0.00466086 -2.05936 0.119697 0.0546624 0.503 -2.87624 0.0169969 
600.11 40.5335 14.536 14.5363 -0.00206924 -6.20286 0.108689 0.0546624 0.503 -2.18744 -0.270445 
600.11 31.1997 14.9456 14.9499 -0.00971342 -3.13756 0.14111 0.0546624 0.503 -2.75582 0.0298784 
600.11 30.3392 14.9846 14.987 -0.00619464 -1.98308 0.126761 0.0546624 0.503 -3.11462 -0.0599828 
600.11 30.5804 14.9737 14.9668 0.0197234 -2.61136 0.0261139 0.0546624 0.0003 -3.13574 0.102309 
600.11 31.0293 14.9533 14.9577 -0.00873921 -2.67601 0.136411 0.0546624 0.503 -3.06085 0.219195 
600.11 30.4485 14.9797 14.982 -0.00231396 -2.24772 0.108027 0.0546624 0.503 -2.99559 0.148798 
600.11 30.4954 14.9775 14.979 -0.00337369 -3.70117 0.114112 0.0546624 0.503 -2.88978 0.111237 
600.11 30.3581 14.9838 14.9841 -0.00115293 -3.12993 0.104212 0.0546624 0.503 -3.07218 -0.11153 
600.11 33.5706 14.8394 14.7787 0.119228 -3.23054 3.39881e-06 0.0546624 0.0003 -2.6138 -0.208516 
600.11 30.4038 14.9817 14.9838 -0.00378392 -3.28852 0.115772 0.0546624 0.503 -2.9427 0.129093 
600.11 30.5196 14.9764 14.9688 0.0111782 -2.39923 0.0530434 0.0546624 0.0003 -3.15517 0.0411345 
600.11 31.4998 14.9322 14.9345 -0.00501329 -2.96994 0.121651 0.0546624 0.503 -3.07684 -0.265661 
600.11 33.9026 14.8246 14.8313 -0.012095 -3.80685 0.148729 0.0546624 0.503 -2.83369 -0.430336 
600.11 30.9093 14.9588 14.9622 -0.0073481 -2.84629 0.131628 0.0546624 0.503 -2.89924 0.18852 
600.11 30.7188 14.9675 14.9681 -0.00253338 -3.10013 0.110756 0.0546624 0.503 -3.01382 -0.189068 
600.11 31.1252 14.949 14.9325 0.0312857 -2.96869 0.0105334 0.0546624 0.0003 -2.96283 0.235256 
600.11 30.8267 14.9626 14.9624 -0.00141336 -2.39129 0.105703 0.0546624 0.503 -3.06101 -0.194212 
600.11 30.3382 14.9847 14.9812 0.0125264 -3.16127 0.0453899 0.0546624 0.0003 -3.07499 0.105564 
600.11 30.5176 14.9765 14.9797 -0.00546345 -2.77065 0.122872 0.0546624 0.503 -3.05983 0.148885 
600.11 31.3969 14.9367 14.9361 -0.000413457 -2.38737 0.101171 0.0546624 0.503 -2.8761 0.235903 
600.11 30.4909 14.9777 14.9797 -0.00418526 -3.53711 0.117674 0.0546624 0.503 -3.13011 -0.0857759 
600.11 31.7193 14.9223 14.9265 -0.00678304 -2.09798 0.128184 0.0546624 0.503 -3.28641 0.0784709 
600.11 31.1897 14.9462 14.9486 -0.00619783 -3.23519 0.126868 0.0546624 0.503 -3.23232 -0.0786685 
600.11 30.346 14.9843 14.988 -0.00797605 -1.93221 0.134176 0.0546624 0.503 -3.12757 0.0297163 
600.11 32.8596 14.8712 14.8752 -0.00549505 -3.14368 0.122401 0.0546624 0.503 -2.61647 -0.0644263 
600.11 31.51 14.9318 14.9358 -0.00692866 -3.13443 0.12923 0.0546624 0.503 -2.79812 0.190452 
600.11 30.5405 14.9755 14.976 -0.000729975 -3.02239 0.101873 0.0546624 0.503 -2.84886 0.0631784 
600.11 31.0531 14.9523 14.9563 -0.00652134 -3.34845 0.127282 0.0546624 0.503 -3.19379 0.1246 
600.11 30.1689 14.9923 14.9794 0.0218683 -2.32693 0.023806 0.0546624 0.0003 -3.06866 -0.0597541 
600.11 30.1253 14.9943 14.9705 0.0451838 -3.10245 0.00306562 0.0546624 0.0003 -3.07824 0.00185326 
600.11 31.3438 14.9392 14.9422 -0.00588771 -3.35111 0.125041 0.0546624 0.503 -2.75981 0.102334 
600.11 30.7868 14.9643 14.9662 -0.00351108 -3.81973 0.11476 0.0546624 0.503 -3.01399 0.197879 
600.11 38.2018 14.6362 14.6357 -0.000786519 -5.69018 0.102328 0.0546624 0.503 -2.52207 0.537157 
600.11 50 14.1429 14.1429 -9.53209e-07 -9.99995 0.0985575 0.0546624 0.0003 1.11036 -3.21366 
600.11 31.9479 14.9119 14.9148 -0.00359686 -3.34447 0.114094 0.0546624 0.503 -2.69653 -0.0909164 
600.11 30.206 14.9907 14.991 -0.000856033 -3.55609 0.102504 0.0546624 0.503 -3.06403 0.0775652 
600.11 31.9749 14.9108 14.9118 -0.00108058 -2.14403 0.103603 0.0546624 0.503 -2.70131 -0.112262 
600.11 31.0781 14.9511 14.9514 -0.000416021 -3.47799 0.100314 0.0546624 0.503 -3.13618 -0.189322 
600.11 32.206 14.9003 14.9033 -0.00500271 -3.53638 0.120691 0.0546624 0.503 -2.66183 -0.00942591 
600.11 30.2972 14.9865 14.9898 -0.00699677 -3.61364 0.129976 0.0546624 0.503 -2.88567 -0.0406475 
600.11 30.6204 14.9719 14.9704 -0.000775693 -3.90866 0.103859 0.0546624 0.503 -3.02475 0.174132 
600.11 37.5779 14.6633 14.6648 -0.00556979 -4.35063 0.125128 0.0546624 0.503 -2.69077 0.608939 
600.11 30.5484 14.9751 14.9732 0.000997902 -3.14768 0.0951254 0.0546624 0.0003 -3.08912 -0.138818 
600.11 30.8031 14.9636 14.9678 -0.00891125 -3.30324 0.137557 0.0546624 0.503 -3.19805 -0.0315901 
600.11 30.8647 14.9608 14.9633 -0.00573032 -1.45586 0.124454 0.0546624 0.503 -3.15803 0.135679 
600.11 31.9305 14.9127 14.9198 -0.0148625 -3.90668 0.158778 0.0546624 0.503 -2.85736 0.281058 
600.11 30.6777 14.9693 14.9712 -0.00253119 -3.80578 0.109817 0.0546624 0.503 -3.18312 -0.0182537 
600.11 36.3612 14.7163 14.7275 -0.0209423 -4.14591 0.173432 0.0546624 0.503 -2.91183 -0.606271 
600.11 30.3924 14.9821 14.9861 -0.00713393 -2.73174 0.129882 0.0546624 0.503 -2.88498 -0.0782956 
600.11 46.9983 14.2652 14.2647 0.00156521 -8.71626 0.0911121 0.0546624 0.0003 -2.03616 0.964197 
600.11 42.4672 14.454 14.458 -0.00667465 -6.75742 0.127961 0.0546624 0.503 -2.81222 -0.96011 
600.11 37.2471 14.6778 14.6655 0.0470587 -4.32021 0.00211528 0.0546624 0.0003 -2.39437 0.272897 
600.11 32.1023 14.9051 14.9102 -0.00955939 -2.66726 0.13987 0.0546624 0.503 -2.94068 -0.32473 
600.11 32.1813 14.9015 14.8836 0.0380783 -3.59183 0.00557846 0.0546624 0.0003 -3.05819 -0.331336 
600.11 48.6008 14.1997 14.2006 -0.00120374 -9.39294 0.103864 0.0546624 0.503 -1.66113 -0.902626 
600.11 30.7226 14.9672 14.969 -0.00395055 -3.57154 0.116848 0.0546624 0.503 -2.8102 0.00770828 
600.11 30.6623 14.97 14.9677 0.0092538 -2.82449 0.0568892 0.0546624 0.0003 -3.15397 -0.0965568 
600.11 30.356 14.9839 14.9851 0.0044679 -2.3453 0.075404 0.0546624 0.0003 -2.93704 0.116965 
600.11 30.5343 14.9757 14.9721 0.00242056 -2.03368 0.0895506 0.0546624 0.0003 -3.03087 -0.159812 
600.11 30.5087 14.977 14.9803 -0.00646892 -3.73221 0.127616 0.0546624 0.503 -3.15374 0.0409523 
600.11 30.4769 14.9784 14.9803 -0.00432294 -2.72114 0.118535 0.0546624 0.503 -2.84718 0.015068 
600.11 31.1434 14.9482 14.9494 -0.00356022 -2.66845 0.115544 0.0546624 0.503 -3.23477 -0.0516889 
600.11 50.0058 14.1426 14.1427 -0.000165661 -10.0015 0.0993115 0.0546624 0.503 0.894445 2.08242 
600.11 49.9987 14.1429 14.1429 3.36776e-05 -9.99969 0.0984004 0.0546624 0.0003 -2.38034 3.00589 
600.11 30.9228 14.9582 14.9629 -0.00838179 -3.11908 0.135045 0.0546624 0.503 -3.04381 -0.210424 
600.11 31.1596 14.9475 14.9475 -0.00122068 -3.21261 0.104707 0.0546624 0.503 -2.7927 0.125031 
600.11 30.5859 14.9734 14.9357 0.0699824 -3.32541 0.000326589 0.0546624 0.0003 -3.03634 -0.166589 
600.11 30.0687 14.9969 14.9859 0.020137 -2.36675 0.0268444 0.0546624 0.0003 -3.05769 0.00564785 
600.11 30.696 14.9684 14.965 0.00619127 -2.75786 0.0712591 0.0546624 0.0003 -3.18301 -0.0349196 
600.11 49.808 14.1506 14.1478 0.00531837 -9.94763 0.0747999 0.0546624 0.0003 -2.30476 2.01723 
600.11 30.6338 14.9712 14.9543 0.0350468 -1.56225 0.00737928 0.0546624 0.0003 -3.17749 -0.0067079 
600.11 31.9587 14.9115 14.8698 0.0898285 -3.50102 4.71363e-05 0.0546624 0.0003 -3.12566 0.29189 
600.11 50 14.1429 14.1429 -1.00379e-11 -9.99997 0.0985532 0.0546624 0.0003 0.110864 4.0276 
600.11 30.5561 14.9748 14.9775 -0.00484397 -2.56055 0.120042 0.0546624 0.503 -2.87418 0.108976 
600.11 30.6687 14.9697 14.9719 -0.00487647 -2.46751 0.121051 0.0546624 0.503 -3.03933 -0.178492 
600.11 30.8051 14.9635 14.9632 -0.000291722 -3.43865 0.100177 0.0546624 0.503 -2.80708 0.0549669 
600.11 50.0016 14.1428 14.1428 7.30921e-05 -10.0006 0.0982164 0.0546624 0.0003 0.659938 2.13133 
600.11 49.998 14.1429 14.143 -5.1889e-05 -9.99875 0.0987917 0.0546624 0.0003 -1.84349 -2.7749 
600.11 30.8088 14.9633 14.9221 0.0820985 -2.98737 0.000102006 0.0546624 0.0003 -3.13086 -0.152601 
600.11 50 14.1429 14.1429 -1.85018e-11 -9.99999 0.0985532 0.0546624 0.0003 -0.0547329 -4.07003 
600.11 30.3725 14.9831 14.9847 -0.0033395 -3.00017 0.113991 0.0546624 0.503 -3.02366 0.133474 
600.11 49.9618 14.1444 14.1437 0.00125728 -9.99106 0.0928314 0.0546624 0.0003 -2.02622 2.27751 
600.11 30.8321 14.9623 14.9504 0.0206632 -2.78486 0.0260274 0.0546624 0.0003 -2.90892 -0.182556 
600.11 30.8098 14.9633 14.9686 -0.0114896 -1.92618 0.147459 0.0546624 0.503 -2.9778 -0.199953 
600.11 31.2161 14.9449 14.9486 -0.00752047 -2.52275 0.132014 0.0546624 0.503 -3.24607 0.0313642 
600.11 31.4638 14.9337 14.919 0.0179842 -2.94679 0.0342877 0.0546624 0.0003 -2.72989 0.0380139 
600.11 31.0829 14.951 14.9478 0.0134621 -3.2476 0.04178 0.0546624 0.0003 -3.04178 -0.229892 
600.11 30.3757 14.983 14.9845 -0.00318801 -3.26995 0.11324 0.0546624 0.503 -3.02382 0.134435 
600.11 30.0775 14.9965 14.9762 0.0412794 -1.55688 0.00424291 0.0546624 0.0003 -3.01066 0.060655 
600.11 30.1093 14.995 14.9903 0.00472918 -2.65429 0.0792282 0.0546624 0.0003 -3.05917 -0.0428668 
600.11 30.2405 14.9891 14.9894 -0.00151888 -3.11942 0.105959 0.0546624 0.503 -2.95572 0.0994399 
600.11 32.0368 14.908 14.9118 -0.0115352 -2.60891 0.148502 0.0546624 0.503 -2.69456 0.110028 
600.11 30.5592 14.9746 14.9766 -0.00435569 -3.72606 0.118501 0.0546624 0.503 -2.83563 0.0268826 
600.11 30.8348 14.9621 14.9616 -0.000132966 -3.2278 0.0993407 0.0546624 0.503 -3.15351 0.134638 
600.11 30.3623 14.9835 14.9854 -0.00449046 -3.2426 0.11925 0.0546624 0.503 -2.92533 -0.110917 
600.11 33.4718 14.8438 14.8319 0.0176403 -3.7113 0.0338195 0.0546624 0.0003 -2.7063 -0.317076 
600.11 42.569 14.4496 14.4533 -0.00721431 -6.81596 0.130619 0.0546624 0.503 -2.32852 -0.720521 
600.11 30.325 14.9853 14.9899 -0.00331103 -3.4642 0.110876 0.0546624 0.503 -3.11385 -0.0560274 
600.11 38.717 14.6141 14.6242 -0.0170264 -5.08421 0.163996 0.0546624 0.503 -2.56224 0.607975 
600.11 31.0391 14.9529 14.9538 -0.0011235 -3.14834 0.103235 0.0546624 0.503 -3.08689 -0.211368 
600.11 50 14.1429 14.1429 1.76735e-06 -10.0001 0.098545 0.0546624 0.0003 1.11392 3.49167 
600.11 44.2287 14.3799 14.3799 -0.00470912 -7.36461 0.121766 0.0546624 0.503 -3.57456 -0.942397 
600.11 31.9143 14.9135 14.9153 -0.00281458 -2.84446 0.110806 0.0546624 0.503 -3.12817 0.286672 
600.11 32.3836 14.8924 14.892 -0.00121359 -3.98572 0.104837 0.0546624 0.503 -3.34781 -0.0572819 
600.11 30.4308 14.9804 14.981 -0.00146077 -2.83501 0.105195 0.0546624 0.503 -3.00987 0.145569 
600.11 30.319 14.9856 14.9872 -0.00238522 -3.75776 0.109225 0.0546624 0.503 -2.89994 0.0761489 
600.11 30.3454 14.9844 14.9744 0.0325441 -1.799 0.00834823 0.0546624 0.0003 -3.11838 -0.0558327 
600.11 38.1279 14.6393 14.6401 -0.00339907 -5.00065 0.114686 0.0546624 0.503 -2.61604 0.603019 
600.11 30.8836 14.9599 14.958 0.00127177 -2.83549 0.0938847 0.0546624 0.0003 -3.18571 0.0989089 
600.11 30.0969 14.9956 14.9655 0.0637718 -3.24345 0.000530897 0.0546624 0.0003 -3.03713 -0.0580393 
600.11 50 14.1429 14.1429 5.08795e-08 -9.99967 0.0985529 0.0546624 0.0003 0.920252 3.88186 
600.11 30.3806 14.9827 14.9832 -0.00140348 -2.20568 0.105182 0.0546624 0.503 -3.12931 -0.0464476 
600.11 30.6848 14.969 14.9689 -0.00162206 -2.67798 0.106688 0.0546624 0.503 -3.06232 0.173727 
600.11 34.0157 14.8195 14.6948 0.244036 -4.28802 3.46606e-11 0.0546624 0.0003 -2.55093 0.133338 
600.11 30.8677 14.9606 14.9617 -0.0040314 -3.3161 0.117692 0.0546624 0.503 -2.93865 -0.199034 
600.11 50.006 14.1426 14.1426 -5.841e-05 -10.0023 0.0988254 0.0546624 0.0003 1.74791 -2.67789 
600.11 30.5551 14.9748 14.9772 -0.00599961 -2.61745 0.126156 0.0546624 0.503 -3.1363 -0.0945555 
600.11 30.7377 14.9665 14.9694 -0.00739726 -2.55703 0.132079 0.0546624 0.503 -2.96473 0.188559 
600.11 50.0002 14.1428 14.1428 2.67131e-05 -9.99976 0.0984298 0.0546624 0.0003 0.871835 -2.72197 
600.11 30.5015 14.9772 14.9806 -0.00592297 -2.47089 0.124889 0.0546624 0.503 -3.1449 -0.0618821 
600.11 31.3799 14.9375 14.9422 -0.0109252 -3.10756 0.145773 0.0546624 0.503 -2.80579 -0.179555 
600.11 31.0697 14.9516 14.9532 -0.00136045 -3.29359 0.103701 0.0546624 0.503 -3.20718 0.104969 
600.11 30.7646 14.9653 14.9646 -0.000881294 -3.12369 0.103287 0.0546624 0.503 -2.82896 0.0941387 
600.11 30.954 14.9567 14.9606 -0.00609198 -2.35216 0.125278 0.0546624 0.503 -3.21823 -0.0134926 
600.11 41.8741 14.479 14.474 0.00934341 -7.091 0.0585434 0.0546624 0.0003 -2.85385 -0.928058 
600.11 30.449 14.9796 14.98 -0.000853246 -3.72865 0.102265 0.0546624 0.503 -2.94642 -0.139114 
600.11 30.9147 14.9585 14.957 0.00254601 -1.41817 0.0872528 0.0546624 0.0003 -2.83812 0.14026 
600.11 42.9419 14.434 14.4413 -0.0160939 -6.86632 0.162665 0.0546624 0.503 -2.00152 0.155583 
600.11 45.5544 14.3248 14.3058 0.0307385 -8.27221 0.0115877 0.0546624 0.0003 -2.01857 0.71432 
600.11 30.7138 14.9676 14.9526 0.0270987 -2.67434 0.0152555 0.0546624 0.0003 -3.01211 -0.188267 
600.11 31.3003 14.941 14.9403 -0.000814656 -2.77039 0.102939 0.0546624 0.503 -2.82617 0.189131 
600.11 32.7996 14.8738 14.8304 0.0905 -2.64018 4.57925e-05 0.0546624 0.0003 -2.8725 -0.362682 
600.11 30.6695 14.9696 14.972 -0.00384237 -3.14891 0.115839 0.0546624 0.503 -3.02773 0.180768 
600.11 30.4198 14.9809 14.9531 0.0491147 -2.50278 0.00223041 0.0546624 0.0003 -3.09345 -0.109534 
600.11 30.7546 14.9657 14.9668 -0.00270119 -3.16734 0.111387 0.0546624 0.503 -2.93195 0.181948 
600.11 34.2872 14.8076 14.759 0.105049 -3.677 1.14856e-05 0.0546624 0.0003 -3.37093 0.314355 
600.11 30.1725 14.9921 14.9823 0.0163839 -3.33316 0.0363799 0.0546624 0.0003 -3.06178 0.0681889 
600.11 30.2239 14.9898 14.9916 -0.00366129 -1.84437 0.11519 0.0546624 0.503 -2.94571 -0.0897302 
600.11 31.1145 14.9496 14.9499 -0.00156408 -2.65388 0.106391 0.0546624 0.503 -2.76427 0.0238319 
600.11 30.6522 14.9704 14.9729 -0.00230586 -3.23064 0.107677 0.0546624 0.503 -3.03506 0.176878 
600.11 50.005 14.1427 14.1427 -5.03634e-05 -10.0024 0.0988101 0.0546624 0.0003 0.852866 -2.0777 
600.11 30.8888 14.9597 14.963 -0.00595747 -3.69808 0.125325 0.0546624 0.503 -2.7964 0.0550119 
600.11 50 14.1429 14.1429 -5.06625e-12 -9.99986 0.0985532 0.0546624 0.0003 -0.10272 -3.65344 
600.11 30.3844 14.9825 14.9828 -0.000819969 -1.98055 0.102142 0.0546624 0.503 -3.08017 0.112172 
600.11 30.8838 14.96 14.9601 -0.00119863 -2.93952 0.104819 0.0546624 0.503 -2.86013 0.157545 
600.11 34.3989 14.8026 14.8078 -0.00918538 -3.428 0.138514 0.0546624 0.503 -2.60594 0.29661 
600.11 32.9108 14.8688 14.8719 -0.0042898 -2.77231 0.11694 0.0546624 0.503 -2.72271 -0.277636 
600.11 30.1701 14.9923 14.9862 0.0200959 -1.9765 0.0249456 0.0546624 0.0003 -3.09167 -0.00290725 
600.11 31.6574 14.925 14.9261 -0.00240983 -2.94148 0.109487 0.0546624 0.503 -3.09701 0.274379 
600.11 30.3363 14.9847 14.9854 -0.00131167 -3.02473 0.104521 0.0546624 0.503 -3.02235 -0.127155 
600.11 43.2882 14.4193 14.3914 0.0520729 -7.43661 0.00165972 0.0546624 0.0003 -2.15895 -0.60207 
600.11 30.4403 14.98 14.9801 -0.0014427 -3.10359 0.105641 0.0546624 0.503 -2.95471 -0.140377 
600.11 37.0209 14.6875 14.6725 0.0358707 -5.27044 0.00657809 0.0546624 0.0003 -3.02766 -0.650388 
600.11 30.3785 14.9828 14.9839 -0.00116878 -3.39482 0.103695 0.0546624 0.503 -3.02397 0.134747 
600.11 32.7287 14.877 14.8759 0.000486129 -4.07499 0.0973896 0.0546624 0.0003 -3.36943 -0.0854741 
600.11 31.113 14.9495 14.9504 -0.00315255 -3.9549 0.1134 0.0546624 0.503 -3.1107 -0.209635 
600.11 30.4579 14.9793 14.9834 -0.003794 -2.37304 0.113594 0.0546624 0.503 -2.85181 -0.0282912 
600.11 30.2909 14.9867 14.9888 -0.00369066 -3.61365 0.114965 0.0546624 0.503 -2.89086 0.0489612 
600.11 30.2749 14.9875 14.9898 -0.00523806 -2.76469 0.122388 0.0546624 0.503 -3.04438 -0.107569 
600.11 50 14.1429 14.1429 -1.28258e-08 -9.99979 0.0985532 0.0546624 0.0003 -0.729473 -4.00165 
600.11 30.5802 14.9736 14.9236 0.0987547 -3.84176 2.22446e-05 0.0546624 0.0003 -2.95214 -0.162766 
600.11 31.0449 14.9526 14.9524 -0.00147239 -3.07115 0.106186 0.0546624 0.503 -2.77092 -0.00320206 
600.11 30.9153 14.9585 14.9612 -0.00690112 -2.9714 0.130052 0.0546624 0.503 -3.11866 -0.178238 
600.11 30.4484 14.9796 14.9745 0.00593555 -3.44424 0.0738523 0.0546624 0.0003 -2.86058 -0.0525279 
600.11 30.3876 14.9824 14.9859 -0.00818821 -3.13672 0.13513 0.0546624 0.503 -2.98114 -0.13703 
600.11 30.2117 14.9904 14.9811 0.0126803 -2.79852 0.0484906 0.0546624 0.0003 -2.89934 0.0160262 
600.11 30.6188 14.9719 14.9519 0.0332878 -2.47107 0.00924772 0.0546624 0.0003 -3.15275 0.0861187 
600.11 31.5966 14.9277 14.9306 -0.00540074 -2.18962 0.122722 0.0546624 0.503 -2.81745 -0.219699 
600.11 30.1302 14.9941 14.9859 0.023757 -3.50963 0.0185779 0.0546624 0.0003 -2.92152 0.0165529 
600.11 32.201 14.9006 14.9043 -0.00582028 -3.36143 0.124314 0.0546624 0.503 -2.87591 -0.314237 
600.11 30.8436 14.9617 14.964 -0.00338138 -3.64583 0.113401 0.0546624 0.503 -3.10859 0.174549 
600.11 30.147 14.9933 14.9824 0.0213114 -2.2525 0.0241841 0.0546624 0.0003 -2.96815 0.0788042 
600.11 30.7947 14.964 14.9666 -0.00318921 -2.5885 0.112488 0.0546624 0.503 -2.87532 -0.155773 
600.11 30.3119 14.9858 14.9844 0.000381229 -3.15036 0.0977304 0.0546624 0.0003 -3.10942 -0.0582323 
600.11 30.4348 14.9803 14.9813 -0.00174341 -2.94445 0.1064 0.0546624 0.503 -2.95505 0.139492 
600.11 30.3947 14.982 14.9064 0.159777 -2.55528 7.37484e-08 0.0546624 0.0003 -3.08862 -0.10787 
600.11 30.3027 14.9862 14.9893 -0.00342491 -2.33502 0.112675 0.0546624 0.503 -2.9354 -0.103539 
600.11 30.2997 14.9864 14.9881 -0.00325628 -2.74504 0.113301 0.0546624 0.503 -2.94896 0.110238 
600.11 30.9099 14.9588 14.9618 -0.00343299 -1.69811 0.113458 0.0546624 0.503 -2.85613 0.158185 
600.11 49.9615 14.1444 14.1438 0.00111462 -9.99032 0.0935059 0.0546624 0.0003 -1.165 -1.66125 
600.11 35.3427 14.7609 14.6989 0.104381 -5.54895 1.59208e-05 0.0546624 0.0003 -2.78794 0.509281 
600.11 30.4639 14.9789 14.9695 0.0199685 -1.9815 0.0265996 0.0546624 0.0003 -2.84915 -0.0156774 
600.11 50.0001 14.1429 14.1428 0.000139743 -10.0009 0.0979062 0.0546624 0.0003 -0.0385275 1.48773 
600.11 49.9272 14.1458 14.1449 0.00157798 -9.97764 0.0913859 0.0546624 0.0003 -2.27367 -2.23064 
600.11 30.8118 14.9633 14.9636 -0.00138985 -2.64994 0.105475 0.0546624 0.503 -2.81534 0.0810585 
600.11 30.2841 14.9871 14.9889 -0.0031462 -3.51556 0.112618 0.0546624 0.503 -2.939 0.101516 
600.11 36.9165 14.692 14.6673 0.0394988 -4.952 0.00549971 0.0546624 0.0003 -2.42038 -0.282512 
600.11 30.3312 14.9849 14.9863 -0.00342452 -3.19059 0.114494 0.0546624 0.503 -3.10147 0.0775986 
600.11 32.4116 14.8913 14.8931 -0.00267796 -2.92633 0.110802 0.0546624 0.503 -2.8158 0.303453 
600.11 30.7769 14.9648 14.9688 -0.00745021 -3.59336 0.131397 0.0546624 0.503 -3.12507 0.152392 
600.11 30.9934 14.955 14.9586 -0.00725914 -2.5196 0.130707 0.0546624 0.503 -2.80165 -0.102449 
600.11 30.5561 14.9748 14.9684 0.0129592 -1.54507 0.0455171 0.0546624 0.0003 -3.16604 -0.0082892 
600.11 30.9798 14.9555 14.9591 -0.00843108 -3.50935 0.136135 0.0546624 0.503 -2.80192 0.100365 
600.11 32.2495 14.8986 14.9011 -0.00292499 -2.77379 0.111641 0.0546624 0.503 -2.83472 0.299584 
600.11 30.0176 14.9992 14.993 0.014462 -3.4505 0.04028 0.0546624 0.0003 -3.00587 0.0290144 
600.11 33.5273 14.8414 14.8421 -0.00493523 -2.98301 0.122635 0.0546624 0.503 -2.81115 0.393217 
600.11 30.3269 14.9852 14.952 0.0726525 -2.10982 0.000229366 0.0546624 0.0003 -2.99778 -0.127046 
600.11 30.2408 14.9891 14.9898 -0.00139268 -2.87431 0.104981 0.0546624 0.503 -2.95251 0.0978978 
600.11 30.6154 14.9721 14.9748 0.00130532 -2.77023 0.0895512 0.0546624 0.0003 -3.11056 0.135837 
600.11 30.6477 14.9706 14.9743 -0.00786003 -3.31107 0.133729 0.0546624 0.503 -2.96531 -0.176024 
600.11 49.045 14.1815 14.1658 0.029265 -9.75515 0.0125703 0.0546624 0.0003 -1.48829 -0.833603 
600.11 46.9804 14.2659 14.268 -0.0036539 -8.91051 0.115038 0.0546624 0.503 -1.6483 0.160816 
600.11 41.0189 14.5154 14.5166 0.00518889 -6.13559 0.0719445 0.0546624 0.0003 -2.18868 0.355608 
600.11 30.4325 14.9804 14.9805 -0.00162714 -2.99886 0.106615 0.0546624 0.503 -2.99565 0.146278 
600.11 30.4544 14.9794 14.9804 -0.00198271 -3.71713 0.10767 0.0546624 0.503 -2.91571 -0.124415 
600.11 30.2994 14.9864 14.9896 -0.00652264 -2.68413 0.127959 0.0546624 0.503 -2.87938 -0.0151009 
600.11 30.0369 14.9983 14.9713 0.0632701 -2.98959 0.000529797 0.0546624 0.0003 -2.97746 0.0363671 
600.11 30.7879 14.9642 14.9669 -0.00246125 -3.09002 0.108467 0.0546624 0.503 -3.18597 0.069045 
600.11 50 14.1429 14.1429 -3.56025e-09 -9.99995 0.0985532 0.0546624 0.0003 -0.550897 3.89062 
600.11 31.7253 14.9219 14.9248 -0.00728217 -3.83169 0.131304 0.0546624 0.503 -3.29547 0.0345497 
600.11 30.3248 14.9852 14.9887 -0.00710501 -2.7073 0.130431 0.0546624 0.503 -2.88483 -0.0522118 
600.11 32.464 14.8887 14.9001 -0.00809291 -3.31584 0.126905 0.0546624 0.503 -2.76531 -0.271891 
600.11 37.3248 14.6742 14.6308 0.073564 -5.56859 0.000253624 0.0546624 0.0003 -3.01181 -0.668306 
600.11 40.6633 14.5304 14.5234 0.0037454 -7.05392 0.0856238 0.0546624 0.0003 -3.30478 0.808322 
600.11 32.7141 14.8777 14.8802 -0.00539286 -3.07115 0.123804 0.0546624 0.503 -2.93246 0.372111 
600.11 31.2358 14.9441 14.9477 -0.00728257 -2.53412 0.13111 0.0546624 0.503 -3.02836 0.248607 
600.11 30.3867 14.9825 14.9851 -0.00368166 -2.38389 0.114856 0.0546624 0.503 -2.94783 -0.127987 
600.11 31.2147 14.945 14.9153 0.0590661 -2.17241 0.000846536 0.0546624 0.0003 -3.24415 0.0419334 
600.11 30.1641 14.9926 14.9952 -0.00030278 -2.04487 0.0977298 0.0546624 0.0003 -2.98451 -0.0887066 
600.11 30.2708 14.9877 14.989 -0.00188094 -2.09638 0.106813 0.0546624 0.503 -2.92667 -0.0893329 
600.11 30.3664 14.9833 14.973 0.0171746 -2.38099 0.0343175 0.0546624 0.0003 -3.01942 -0.133122 
600.11 34.1254 14.8149 14.8181 -0.00586501 -3.63128 0.125066 0.0546624 0.503 -3.40121 0.256177 
600.11 50.0018 14.1428 14.1428 5.77228e-05 -10.0015 0.0982868 0.0546624 0.0003 0.0837751 1.12057 
600.11 30.2571 14.9883 14.9893 -0.00193643 -1.97947 0.107472 0.0546624 0.503 -2.95645 -0.103969 
600.11 40.3781 14.5426 14.4831 0.121018 -6.33608 2.77528e-06 0.0546624 0.0003 -2.56346 0.725505 
600.11 30.5127 14.9767 14.9797 -0.00478165 -2.74057 0.11979 0.0546624 0.503 -2.91771 0.136664 
600.11 30.6586 14.9701 14.9713 -0.00257333 -3.89787 0.110122 0.0546624 0.503 -3.15584 -0.0919389 
600.11 50 14.1429 14.1429 4.18181e-09 -10.0005 0.0985531 0.0546624 0.0003 -1.10424 3.87404 
600.11 30.1536 14.9931 14.992 0.00845061 -1.47251 0.0593695 0.0546624 0.0003 -2.93983 -0.0630453 
600.11 30.4207 14.9809 14.9823 -0.00243301 -2.9869 0.109541 0.0546624 0.503 -3.07343 -0.124123 
600.11 49.9999 14.1429 14.1429 1.85094e-06 -10.0002 0.0985447 0.0546624 0.0003 -1.58165 -3.24071 
600.11 30.8202 14.9629 14.9626 -4.7525e-05 -3.2391 0.0992197 0.0546624 0.0003 -3.09852 0.177196 
600.11 30.4649 14.9789 14.9795 -0.00260669 -2.33803 0.111198 0.0546624 0.503 -3.05064 -0.143364 
600.11 40.1597 14.552 14.5616 -0.0140235 -5.55894 0.154046 0.0546624 0.503 -3.82363 -0.127764 
600.11 30.5969 14.973 14.9755 -0.00348434 -2.90429 0.114012 0.0546624 0.503 -2.92593 -0.155774 
600.11 30.2596 14.9882 14.9894 -0.00368668 -3.53934 0.116199 0.0546624 0.503 -3.10229 0.0480013 
600.11 30.7462 14.9661 14.9689 -0.0049491 -2.13414 0.120438 0.0546624 0.503 -3.15574 0.113965 
600.11 50.01 14.1425 14.1425 -5.2732e-05 -10.0039 0.0987982 0.0546624 0.0003 1.79519 2.60658 
600.11 30.1391 14.9937 14.981 0.0322783 -3.01175 0.00896775 0.0546624 0.0003 -2.92031 -0.0227281 
600.11 49.8996 14.1469 14.1471 -0.000398261 -9.95262 0.100413 0.0546624 0.503 -1.84136 1.96132 
600.11 33.3721 14.8482 14.8508 -0.00762187 -2.46607 0.133464 0.0546624 0.503 -3.18587 -0.382869 
600.11 30.423 14.9808 14.9826 -0.00387015 -3.4117 0.116099 0.0546624 0.503 -3.0334 -0.140971 
600.11 41.7701 14.4835 14.4909 -0.00992196 -6.69068 0.139828 0.0546624 0.503 -3.02119 -0.932799 
600.11 30.3839 14.9825 14.9863 -0.00798584 -2.39525 0.134068 0.0546624 0.503 -3.06831 -0.119622 
600.11 30.4222 14.9808 14.9823 -0.00278283 -1.89258 0.111423 0.0546624 0.503 -3.00531 -0.144365 
600.11 31.4385 14.9349 14.9361 -0.00366537 -2.51549 0.116146 0.0546624 0.503 -2.87326 -0.238803 
600.11 45.2164 14.3387 14.3118 0.0388663 -8.19514 0.00610393 0.0546624 0.0003 -3.04142 -1.18308 
600.11 30.5242 14.9762 14.9761 -0.000840977 -3.70042 0.102957 0.0546624 0.503 -3.15883 0.0275776 
600.11 30.3141 14.9858 14.986 0.00365513 -2.60622 0.0801681 0.0546624 0.0003 -3.0997 0.0748688 
600.11 30.6855 14.9689 14.9708 -0.00364554 -2.59957 0.115052 0.0546624 0.503 -2.82743 0.0659346 
600.11 30.5343 14.9758 14.977 0.00043151 -1.82298 0.0953467 0.0546624 0.0003 -3.10783 -0.1222 
600.11 31.9463 14.9121 14.9184 -0.0116899 -3.22061 0.147506 0.0546624 0.503 -2.78912 -0.236582 
600.11 30.4043 14.9816 14.9825 -0.00237492 -3.58636 0.109714 0.0546624 0.503 -2.93723 0.126619 
600.11 30.719 14.9674 14.9695 -0.00330967 -3.31664 0.113196 0.0546624 0.503 -2.86539 -0.13356 
600.11 45.3672 14.3325 14.2996 0.0660278 -8.29962 0.000445042 0.0546624 0.0003 -1.82827 -0.245337 
600.11 31.3878 14.9371 14.9433 -0.0117541 -3.75103 0.147811 0.0546624 0.503 -3.18058 -0.194631 
600.11 30.6372 14.9711 14.9724 -0.00259306 -2.70521 0.110406 0.0546624 0.503 -2.86807 0.119394 
600.11 49.7792 14.1518 14.1507 0.00221162 -9.9132 0.0883948 0.0546624 0.0003 -1.73981 1.68169 
600.11 50.0024 14.1428 14.1427 2.87017e-05 -10.0012 0.0984216 0.0546624 0.0003 0.51354 -1.85632 
600.11 30.7824 14.9645 14.967 -0.00404763 -2.85042 0.116354 0.0546624 0.503 -2.94059 -0.188436 
600.11 30.3967 14.982 14.9835 -0.00214457 -3.17294 0.108217 0.0546624 0.503 -2.92055 0.115163 
600.11 31.2807 14.942 14.9456 -0.00697295 -2.9522 0.129698 0.0546624 0.503 -3.06827 0.245126 
600.11 35.0181 14.7754 14.7815 -0.0104032 -3.79154 0.142797 0.0546624 0.503 -2.49953 -0.181167 
600.11 30.6777 14.9693 14.9705 -0.00197991 -3.74848 0.107556 0.0546624 0.503 -2.81638 0.000762237 
600.11 50.0076 14.1425 14.1426 -9.55422e-05 -10.0027 0.098987 0.0546624 0.0003 2.67497 -2.89898 
600.11 50 14.1429 14.1429 -9.05781e-07 -10.0001 0.0985573 0.0546624 0.0003 -0.422171 -2.56163 
600.11 30.4525 14.9795 14.9811 -0.00209673 -2.93694 0.107796 0.0546624 0.503 -3.11836 -0.0920979 
600.11 30.6946 14.9685 14.9466 0.0420758 -2.45463 0.0040359 0.0546624 0.0003 -3.03488 0.182743 
600.11 30.4937 14.9776 14.9777 -0.00176486 -3.04958 0.107328 0.0546624 0.503 -3.02154 -0.154964 
600.11 31.1863 14.9463 14.948 -0.00441771 -3.51513 0.118796 0.0546624 0.503 -3.07523 -0.232906 
600.11 31.8259 14.9174 14.9201 -0.00344597 -3.58509 0.113046 0.0546624 0.503 -2.94286 -0.300696 
600.11 30.438 14.9801 14.9687 0.029804 -3.5653 0.01113 0.0546624 0.0003 -2.92222 0.125203 
600.11 30.5634 14.9745 14.9756 -0.00156038 -2.01492 0.105525 0.0546624 0.503 -3.08236 0.145911 
600.11 32.2529 14.8983 14.8722 0.0544213 -2.54887 0.00126578 0.0546624 0.0003 -3.10795 0.324731 
600.11 31.1905 14.9461 14.9479 -0.00395666 -3.45038 0.117018 0.0546624 0.503 -2.78594 0.119476 
600.11 30.5573 14.9748 14.9774 -0.0047453 -4.06399 0.119908 0.0546624 0.503 -3.16535 0.019345 
600.11 30.4163 14.9811 14.9727 0.0203306 -3.70125 0.0253538 0.0546624 0.0003 -3.09341 -0.109096 
600.11 30.7282 14.9669 14.9708 -0.00747087 -2.64596 0.13153 0.0546624 0.503 -2.86276 -0.132153 
600.11 31.1157 14.9494 14.9499 -0.00160952 -2.59865 0.106104 0.0546624 0.503 -2.76598 0.039035 
600.11 30.3781 14.9829 14.9839 -0.00317214 -2.93311 0.113643 0.0546624 0.503 -3.0601 0.1231 
600.11 46.4467 14.2879 14.2703 0.0328181 -8.82376 0.00925423 0.0546624 0.0003 -3.85757 0.978605 
600.11 50 14.1429 14.1429 -9.00031e-12 -9.99994 0.0985532 0.0546624 0.0003 0.00436701 -4.15519 
600.11 30.4359 14.9803 14.9791 0.0140153 -2.4107 0.0388729 0.0546624 0.0003 -2.9322 -0.130623 
600.11 30.3773 14.9829 14.9824 -7.59343e-05 -3.0624 0.0995573 0.0546624 0.503 -2.88729 -0.0770114 
600.11 30.1799 14.9919 14.9865 0.0166938 -3.40177 0.0331182 0.0546624 0.0003 -3.08241 0.0457742 
600.11 30.7544 14.9657 14.9662 -0.00341304 -3.18213 0.115112 0.0546624 0.503 -3.18389 0.0615577 
600.11 30.2383 14.9892 14.9896 0.0037861 -2.67161 0.0793859 0.0546624 0.0003 -2.89248 0.0147535 
600.11 33.1165 14.8596 14.7552 0.207274 -3.93298 1.00307e-09 0.0546624 0.0003 -3.20115 0.354116 
600.11 30.3159 14.9857 14.9889 -0.00598043 -3.71876 0.1253 0.0546624 0.503 -3.12494 -0.00604383 
600.11 30.1471 14.9933 14.9913 0.00128069 -2.91156 0.0938701 0.0546624 0.0003 -3.08485 -0.0029976 
600.11 31.3835 14.9374 14.9398 -0.00358497 -3.4446 0.114544 0.0546624 0.503 -2.73504 -0.0104574 
600.11 30.5718 14.974 14.975 -0.00263579 -3.07278 0.111002 0.0546624 0.503 -2.89736 0.133497 
600.11 30.4304 14.9805 14.9821 -0.00361873 -2.63272 0.115183 0.0546624 0.503 -2.99197 0.145793 
600.11 30.6225 14.9717 14.9741 -0.00477673 -2.95433 0.11994 0.0546624 0.503 -3.11195 -0.135577 
600.11 43.0908 14.4277 14.405 0.0487654 -7.13892 0.00209691 0.0546624 0.0003 -4.00605 -0.171601 
600.11 30.523 14.9763 14.9763 -0.00105561 -3.26765 0.103964 0.0546624 0.503 -3.15621 -0.0402979 
600.11 33.1069 14.8601 14.8679 -0.0176086 -2.42611 0.16681 0.0546624 0.503 -2.63793 -0.185087 
600.11 32.7795 14.8747 14.8828 -0.0125376 -2.93111 0.149852 0.0546624 0.503 -2.67995 0.209898 
600.11 50.0051 14.1426 14.1427 -2.07734e-05 -10.0026 0.0986502 0.0546624 0.0003 0.470175 -1.57981 
600.11 30.5951 14.973 14.9758 -0.00569509 -2.68725 0.124247 0.0546624 0.503 -2.83118 -0.0323527 
600.11 31.0586 14.952 14.9397 0.0136412 -2.29468 0.0469069 0.0546624 0.0003 -3.15572 -0.170192 
600.11 30.5559 14.9748 14.9763 -0.00321032 -1.70251 0.113357 0.0546624 0.503 -2.89235 0.126803 
600.11 30.4906 14.9778 14.9776 -0.00240027 -3.19366 0.11082 0.0546624 0.503 -2.97 -0.15293 
600.11 30.1445 14.9934 14.9879 0.0107077 -2.70403 0.0534647 0.0546624 0.0003 -2.9456 0.064376 
600.11 33.0436 14.8629 14.8618 0.00443685 -2.87929 0.07763 0.0546624 0.0003 -2.7355 -0.303058 
600.11 30.0688 14.9969 14.9883 0.0169905 -2.97941 0.0338803 0.0546624 0.0003 -3.03901 0.043027 
600.11 30.3414 14.9845 14.9822 0.0118645 -2.60163 0.0468237 0.0546624 0.0003 -3.11726 -0.0562836 
600.11 30.2007 14.9909 14.9922 0.003716 -3.19628 0.0789367 0.0546624 0.0003 -3.0304 0.0948646 
600.11 33.9457 14.8227 14.831 -0.0175158 -3.01117 0.166224 0.0546624 0.503 -3.4627 0.0327398 
600.11 39.454 14.5821 14.4795 0.194577 -6.64872 3.51971e-09 0.0546624 0.0003 -2.29479 -0.359882 
600.11 32.6166 14.882 14.8837 -0.000392477 -3.12799 0.0990706 0.0546624 0.0003 -3.36281 -0.076224 
600.11 37.082 14.6849 14.6913 -0.00867906 -4.7935 0.135077 0.0546624 0.503 -2.47917 0.396637 
600.11 30.7442 14.9663 14.9706 -0.0070387 -2.2023 0.129395 0.0546624 0.503 -3.11967 0.151315 
600.11 30.5974 14.9729 14.9739 -0.00120434 -3.64287 0.104018 0.0546624 0.503 -3.11161 0.131612 
600.11 33.9232 14.8238 14.8273 -0.00734271 -4.20194 0.131697 0.0546624 0.503 -2.54658 0.090608 
600.11 34.0181 14.8196 14.8145 0.0105362 -4.49651 0.0537826 0.0546624 0.0003 -3.3489 -0.313149 
600.11 30.9518 14.9569 14.9566 -0.000203474 -4.09193 0.0997481 0.0546624 0.503 -2.95443 0.213713 
600.11 31.0505 14.9524 14.9541 -0.00374773 -3.12894 0.11589 0.0546624 0.503 -3.0812 -0.215236 
600.11 30.7679 14.9652 14.9692 -0.00752321 -3.76369 0.131702 0.0546624 0.503 -3.19414 -0.0270774 
600.11 35.8095 14.7404 14.7466 -0.00979701 -4.31859 0.139822 0.0546624 0.503 -2.62685 0.443904 
600.11 30.4199 14.981 14.9706 0.0256176 -3.2448 0.0161823 0.0546624 0.0003 -2.93421 0.128398 
600.11 33.7646 14.8307 14.743 0.165761 -4.06024 4.99102e-08 0.0546624 0.0003 -3.45106 -0.0269271 
600.11 33.9321 14.8235 14.8295 0.0174469 -3.28513 0.0264094 0.0546624 0.0003 -2.65352 0.307707 
600.11 30.3493 14.9841 14.9844 -0.00138705 -3.28872 0.105212 0.0546624 0.503 -2.95846 -0.124463 
600.11 30.6699 14.9696 14.9653 0.00252793 -2.4366 0.0894986 0.0546624 0.0003 -3.16414 -0.0798815 
600.11 31.8155 14.9178 14.8808 0.0579703 -3.38838 0.00109523 0.0546624 0.0003 -3.30338 0.0329104 
600.11 30.7357 14.9666 14.9677 -0.0027255 -3.38931 0.111158 0.0546624 0.503 -2.89035 -0.15694 
600.11 30.3759 14.983 14.9844 -0.00276126 -3.60354 0.11117 0.0546624 0.503 -2.88514 0.0736282 
600.11 30.7658 14.9653 14.9674 -0.00417132 -3.16225 0.117514 0.0546624 0.503 -3.12907 0.146949 
600.11 49.9135 14.1464 14.1462 0.000373506 -9.96422 0.0968257 0.0546624 0.0003 -2.79761 -2.30071 
600.11 30.9209 14.9582 14.9576 -0.00106492 -2.62074 0.104583 0.0546624 0.503 -2.81404 0.107341 
600.11 49.0568 14.181 14.17 0.0194532 -9.72114 0.0285134 0.0546624 0.0003 -1.47737 -0.821 
600.11 30.7458 14.9662 14.9659 0.000798892 -2.24695 0.0949791 0.0546624 0.0003 -3.10937 -0.159072 
600.11 30.1875 14.9915 14.9921 -0.00152808 -3.37183 0.105641 0.0546624 0.503 -3.09594 0.00784449 
600.11 31.0503 14.9524 14.9556 -0.0076305 -3.49395 0.132919 0.0546624 0.503 -2.77076 -0.0145416 
600.11 30.4026 14.9817 14.9831 -0.00233441 -1.77092 0.108931 0.0546624 0.503 -2.92075 0.11709 
600.11 30.5158 14.9766 14.9774 -0.00305767 -3.14149 0.113475 0.0546624 0.503 -3.09254 0.130536 
600.11 33.8343 14.8278 14.8354 -0.0148707 -3.5339 0.158379 0.0546624 0.503 -3.43213 0.148149 
600.11 46.3885 14.2902 14.2466 0.0829029 -8.95789 9.834e-05 0.0546624 0.0003 -1.70805 -0.0880572 
600.11 30.5551 14.9749 14.9743 0.00861699 -1.89396 0.0582864 0.0546624 0.0003 -3.09311 -0.137695 
600.11 33.746 14.8315 14.7818 0.0815325 -4.22109 0.000128111 0.0546624 0.0003 -2.71767 0.351222 
600.11 30.3988 14.9819 14.9837 -0.00442078 -3.69961 0.118856 0.0546624 0.503 -2.99425 0.140156 
600.11 30.1701 14.9922 14.9854 0.00887025 -3.38278 0.0620102 0.0546624 0.0003 -3.09004 0.01527 
600.11 31.9307 14.9128 14.9154 -0.0048979 -2.68002 0.120821 0.0546624 0.503 -2.91 -0.302335 
600.11 33.5072 14.8423 14.8239 0.0471654 -3.03826 0.00228611 0.0546624 0.0003 -2.84403 -0.405788 
600.11 30.9786 14.9557 14.9559 0.00205683 -3.50684 0.088059 0.0546624 0.0003 -2.9312 0.210841 
600.11 30.2674 14.9878 14.9904 -0.00498164 -3.66961 0.120955 0.0546624 0.503 -3.11367 -0.0162958 
600.11 31.3943 14.937 14.9393 -0.00287699 -1.58702 0.11136 0.0546624 0.503 -2.89995 -0.246363 
600.11 30.3173 14.9856 14.9873 -0.00209083 -3.31133 0.107578 0.0546624 0.503 -3.05423 0.112838 
600.11 30.8215 14.9627 14.963 -0.00152847 -2.65226 0.105665 0.0546624 0.503 -2.96552 0.199638 
600.11 31.0812 14.951 14.9553 -0.00721665 -2.83833 0.130099 0.0546624 0.503 -3.23052 -0.037715 
600.11 30.4593 14.9791 14.9826 -0.00664184 -3.26475 0.128091 0.0546624 0.503 -2.8563 -0.0453145 
600.11 31.7544 14.9208 14.9214 -0.00194885 -3.19396 0.107951 0.0546624 0.503 -2.95313 0.296488 
600.11 30.513 14.9767 14.9758 -0.000703432 -2.43974 0.103154 0.0546624 0.503 -2.93341 -0.144805 
600.11 31.929 14.9128 14.9147 -0.00387921 -3.72741 0.11604 0.0546624 0.503 -3.27706 0.150397 
600.11 30.606 14.9725 14.9738 -0.00398235 -2.16602 0.117271 0.0546624 0.503 -3.14777 0.0915602 
600.11 31.7425 14.9213 14.9238 -0.00392178 -2.67326 0.116147 0.0546624 0.503 -3.19848 0.223761 
600.11 30.6763 14.9693 14.9703 -0.00252953 -3.59931 0.110565 0.0546624 0.503 -2.93053 0.1701 
600.11 30.5121 14.9767 14.9788 -0.000783368 -3.24702 0.100619 0.0546624 0.503 -3.13042 -0.0918349 
600.11 30.3318 14.9849 14.9851 -0.00144429 -2.06974 0.105706 0.0546624 0.503 -2.98253 0.126904 
600.11 31.5092 14.9316 14.9358 -0.00742453 -3.57333 0.130899 0.0546624 0.503 -3.1901 0.201614 
600.11 30.9202 14.9582 14.9607 -0.004892 -3.69217 0.120504 0.0546624 0.503 -3.21453 -0.00689267 
600.11 31.4849 14.9328 14.9369 -0.00700589 -3.35969 0.12946 0.0546624 0.503 -2.91534 0.261699 
600.11 30.2816 14.9872 14.9884 -0.00286405 -3.35463 0.111971 0.0546624 0.503 -2.89905 -0.0606148 
600.11 49.9996 14.1429 14.1429 7.73243e-06 -9.99968 0.0985176 0.0546624 0.0003 -0.870164 2.44884 
600.11 30.2678 14.9879 14.981 0.0172489 -1.95032 0.0323524 0.0546624 0.0003 -3.09592 -0.0635685 
600.11 32.0462 14.9075 14.9067 -0.00168274 -2.87553 0.107562 0.0546624 0.503 -2.76253 0.221947 
600.11 30.1505 14.9931 14.9874 0.00595654 -2.25759 0.0742666 0.0546624 0.0003 -3.08406 0.0173539 
600.11 33.2943 14.8518 14.8553 -0.00748583 -3.77633 0.131974 0.0546624 0.503 -2.63474 0.206848 
600.11 40.9984 14.5161 14.4648 0.0898041 -6.82773 5.66601e-05 0.0546624 0.0003 -2.11697 -0.0481052 
600.11 30.0931 14.9957 14.9791 0.0309951 -3.7901 0.0108677 0.0546624 0.0003 -2.93262 -0.00281214 
600.11 30.3858 14.9825 14.9829 -0.000537155 -2.35586 0.101084 0.0546624 0.503 -2.87887 -0.0661959 
600.11 30.1686 14.9924 14.9769 0.035751 -1.45022 0.00670544 0.0546624 0.0003 -2.97595 -0.087914 
600.11 30.7597 14.9656 14.9663 -0.00198505 -1.80205 0.10782 0.0546624 0.503 -3.19453 -0.00550898 
600.11 50.004 14.1427 14.1427 -1.15134e-05 -10.0017 0.0986157 0.0546624 0.0003 2.58524 2.99329 
600.11 34.0699 14.8172 14.8199 -0.00574239 -4.69648 0.123991 0.0546624 0.503 -2.69534 0.360728 
600.11 32.3507 14.8938 14.861 0.0531543 -3.32144 0.00163854 0.0546624 0.0003 -2.77441 -0.267457 
600.11 31.8448 14.9165 14.9224 -0.00971535 -2.59744 0.13975 0.0546624 0.503 -3.11529 0.285365 
600.11 49.9996 14.1429 14.1429 1.46915e-05 -9.99952 0.0984852 0.0546624 0.0003 -2.13541 -3.13374 
600.11 32.4967 14.8874 14.8781 0.0251711 -3.20053 0.0165934 0.0546624 0.0003 -3.10415 0.346211 
600.11 31.9607 14.9115 14.9144 -0.00468585 -2.84806 0.119258 0.0546624 0.503 -3.28793 -0.134577 
600.11 31.3268 14.94 14.9436 -0.00711209 -3.16149 0.130395 0.0546624 0.503 -2.96134 0.256597 
600.11 30.2922 14.9867 14.9893 -0.00506124 -3.45995 0.121267 0.0546624 0.503 -3.08516 -0.0844065 
600.11 32.8826 14.8701 14.8502 0.0491735 -3.04918 0.00192318 0.0546624 0.0003 -3.05814 -0.38623 
600.11 30.291 14.9868 14.9506 0.0813961 -2.47137 0.000100215 0.0546624 0.0003 -2.92527 0.0937429 
600.11 30.5673 14.9743 14.9772 -0.00652297 -3.68487 0.127951 0.0546624 0.503 -2.86305 -0.0974306 
600.11 30.6305 14.9714 14.9682 0.00228762 -1.50776 0.0898051 0.0546624 0.0003 -3.07744 0.159248 
600.11 33.6257 14.837 14.84 -0.0057064 -4.19205 0.123996 0.0546624 0.503 -3.29514 -0.329989 
600.11 30.7672 14.9652 14.9662 -0.00216017 -2.11806 0.108568 0.0546624 0.503 -3.03636 0.192321 
600.11 30.0624 14.9971 14.9709 0.0542403 -1.25776 0.00129392 0.0546624 0.0003 -2.95555 -0.0327538 
600.11 50 14.1429 14.1429 -6.35317e-06 -10.0001 0.0985829 0.0546624 0.0003 -0.184104 -2.19924 
600.11 36.901 14.6927 14.6306 0.128613 -4.97151 1.34964e-06 0.0546624 0.0003 -2.82949 0.62095 
600.11 30.5336 14.9757 14.9748 -0.000219302 -3.4208 0.100242 0.0546624 0.503 -3.0916 -0.134353 
600.11 30.7306 14.9669 14.9673 -0.00155808 -3.12098 0.10631 0.0546624 0.503 -3.00054 0.191184 
600.11 50.0009 14.1428 14.1428 -3.27834e-05 -10.0002 0.0987016 0.0546624 0.0003 2.16432 3.15211 
600.11 31.1372 14.9484 14.9284 0.028616 -3.80193 0.0144812 0.0546624 0.0003 -3.22309 -0.0867279 
600.11 30.3444 14.9843 14.9844 -0.00095509 -3.35746 0.1034 0.0546624 0.503 -2.96314 -0.124922 
600.11 30.8165 14.963 14.9597 0.0180608 -1.9631 0.0285825 0.0546624 0.0003 -3.1407 -0.145297 
600.11 30.5224 14.9763 14.9769 -0.00226261 -2.33146 0.109659 0.0546624 0.503 -3.15987 0.0209191 
600.11 31.1291 14.9489 14.9516 -0.00375256 -3.56799 0.11519 0.0546624 0.503 -2.77892 0.0904101 
600.11 42.0253 14.4726 14.4788 -0.0114192 -6.53005 0.146479 0.0546624 0.503 -2.97059 -0.948642 
600.11 47.52 14.2438 14.2378 0.00828895 -9.02363 0.0638236 0.0546624 0.0003 -2.5881 -1.36961 
600.11 31.6884 14.9237 14.9258 -0.0023022 -3.04596 0.108583 0.0546624 0.503 -3.05016 0.289859 
600.11 35.5721 14.7511 14.7409 0.0563605 -3.8402 0.000808465 0.0546624 0.0003 -2.53821 -0.32715 
600.11 30.2147 14.9903 14.9919 -0.00370263 -2.90549 0.115655 0.0546624 0.503 -2.98095 0.101283 
600.11 30.7823 14.9646 14.9655 0.00288642 -1.94682 0.0833335 0.0546624 0.0003 -3.08773 -0.177317 
600.11 30.4792 14.9782 14.9845 -0.00962347 -2.33656 0.13898 0.0546624 0.503 -2.93538 0.139892 
600.11 30.4785 14.9783 14.9803 -0.000646343 -2.53756 0.100285 0.0546624 0.503 -3.06546 -0.13964 
600.11 30.8429 14.9618 14.9656 -0.0063464 -4.04628 0.126918 0.0546624 0.503 -2.92204 -0.190239 
600.11 30.3369 14.9847 14.9877 -0.00396139 -1.89314 0.115518 0.0546624 0.503 -2.89102 -0.0691287 
600.11 38.0691 14.6419 14.6454 -0.0105811 -5.43143 0.145672 0.0546624 0.503 -2.3008 -0.131645 
600.11 30.3967 14.9819 14.9851 -0.00755062 -2.87031 0.132364 0.0546624 0.503 -2.97137 -0.137354 
600.11 32.3262 14.8949 14.8546 0.0688435 -3.30185 0.000386451 0.0546624 0.0003 -3.34788 0.00616055 
600.11 50.0004 14.1428 14.1428 7.60691e-05 -10.0004 0.0982013 0.0546624 0.0003 1.98486 -3.21092 
600.11 30.213 14.9903 14.9941 -0.00223685 -3.18075 0.106219 0.0546624 0.503 -2.98616 0.101295 
600.11 31.16 14.9475 14.9519 -0.00950381 -1.79764 0.140042 0.0546624 0.503 -2.95145 0.237 
600.11 32.2131 14.9001 14.9001 -0.000940247 -2.42784 0.103178 0.0546624 0.503 -3.31309 0.129469 
600.11 30.3278 14.9851 14.9879 -0.00650606 -3.6388 0.12795 0.0546624 0.503 -3.12696 -0.00543515 
600.11 30.5667 14.9743 14.9743 -0.000199017 -2.77331 0.0995578 0.0546624 0.503 -2.90202 0.136524 
600.11 46.8058 14.2731 14.2363 0.069622 -9.14521 0.000332301 0.0546624 0.0003 -1.73763 -0.451283 
600.11 31.5779 14.9286 14.9294 -0.00191976 -2.61177 0.107581 0.0546624 0.503 -2.98435 0.283171 
600.11 30.4654 14.9789 14.9814 -0.0039682 -2.79588 0.116222 0.0546624 0.503 -2.96301 -0.14717 
600.11 36.5131 14.7097 14.716 -0.012194 -4.62381 0.14921 0.0546624 0.503 -2.98667 0.621058 
600.11 30.8224 14.9627 14.968 -0.00901682 -1.73921 0.137566 0.0546624 0.503 -2.89943 0.176096 
600.11 30.7573 14.9657 14.9703 -0.00868989 -2.86372 0.136712 0.0546624 0.503 -3.16865 -0.0973223 
600.11 31.125 14.9491 14.9504 -0.0022501 -2.53471 0.10884 0.0546624 0.503 -3.23717 -0.022484 
600.11 40.6666 14.5303 14.5354 -0.0171721 -5.76319 0.16659 0.0546624 0.503 -2.13735 0.0488075 
600.11 30.1803 14.9918 14.9855 0.00849116 -2.83419 0.0632584 0.0546624 0.0003 -2.9923 0.0937589 
600.11 30.4847 14.978 14.9809 -0.00706228 -1.98981 0.130408 0.0546624 0.503 -2.98751 0.154486 
600.11 30.2941 14.9867 14.9882 -0.00252501 -2.48456 0.109981 0.0546624 0.503 -3.1049 -0.0594869 
600.11 30.4907 14.9777 14.9782 -0.000918267 -3.79623 0.102809 0.0546624 0.503 -3.1022 0.117747 
600.11 30.3436 14.9844 14.9852 -0.0022155 -3.07892 0.1089 0.0546624 0.503 -2.87016 0.00856428 
600.11 30.32 14.9855 14.9872 -0.00469087 -3.9732 0.120456 0.0546624 0.503 -2.93168 0.105811 
600.11 30.2526 14.9886 14.9916 -0.00634006 -3.28401 0.127247 0.0546624 0.503 -3.08375 -0.0739841 
600.11 30.4837 14.9781 14.9776 -0.000260609 -3.98841 0.10022 0.0546624 0.503 -2.87985 0.0977269 
600.11 30.4894 14.9777 14.9784 -0.00173566 -3.18135 0.106588 0.0546624 0.503 -3.03675 -0.151621 
600.11 30.0342 14.9984 14.9901 0.0161777 -2.74869 0.0361345 0.0546624 0.0003 -3.04081 0.0030703 
600.11 30.241 14.989 14.9899 -0.00158305 -2.80757 0.105587 0.0546624 0.503 -2.89195 -0.0155075 
600.11 30.5448 14.9753 14.9778 -0.0050075 -3.44009 0.121342 0.0546624 0.503 -3.07783 -0.145011 
600.11 30.2522 14.9885 14.9899 -0.00263525 -2.78629 0.110513 0.0546624 0.503 -3.07113 0.085596 
600.11 30.284 14.9871 14.9901 -0.00647197 -3.36196 0.127901 0.0546624 0.503 -3.10444 0.0560639 
600.11 40.5441 14.5354 14.444 0.175318 -7.23472 2.02643e-08 0.0546624 0.0003 -2.79751 0.832331 
600.11 38.9599 14.6036 14.6101 -0.0148582 -5.58511 0.159068 0.0546624 0.503 -3.01348 -0.763164 
600.11 30.3527 14.984 14.9855 -0.00343934 -3.18428 0.114469 0.0546624 0.503 -2.92609 0.109498 
600.11 30.6623 14.9699 14.9143 0.107893 -3.63669 9.76447e-06 0.0546624 0.0003 -3.17705 0.0396843 
600.11 36.3095 14.7186 14.7184 -0.00207141 -4.79621 0.109201 0.0546624 0.503 -2.50488 0.355153 
600.11 30.0206 14.9991 14.9804 0.0380255 -2.39384 0.00568431 0.0546624 0.0003 -2.98139 0.0255112 
600.11 49.9975 14.143 14.1429 8.96487e-05 -9.99931 0.0981452 0.0546624 0.0003 -1.13411 2.30481 
600.11 30.2001 14.9909 14.9923 -0.0014644 -3.36224 0.104643 0.0546624 0.503 -2.9673 0.0937552 
600.11 50 14.1429 14.1429 -1.86907e-06 -9.99983 0.0985618 0.0546624 0.0003 -0.664891 -3.01468 
600.11 30.3337 14.9849 14.9854 -0.000513291 -3.8274 0.100731 0.0546624 0.503 -2.90263 0.0838748 
600.11 30.3992 14.9819 14.964 0.039438 -2.66615 0.004871 0.0546624 0.0003 -3.10181 0.0969298 
600.11 30.2849 14.9871 14.99 -0.0056598 -3.03205 0.123995 0.0546624 0.503 -3.0751 0.092023 
600.11 30.573 14.9741 14.9764 -0.00398426 -3.68857 0.116386 0.0546624 0.503 -3.13816 -0.0965698 
600.11 30.5371 14.9756 14.9769 -0.002783 -2.6507 0.111175 0.0546624 0.503 -3.02334 0.161588 
600.11 42.8676 14.437 14.4405 -0.00908565 -7.7519 0.138686 0.0546624 0.503 -2.78116 0.980956 
600.11 39.5363 14.5787 14.5829 -0.0101593 -5.56271 0.143223 0.0546624 0.503 -3.53538 0.590178 
600.11 30.3697 14.9832 14.9701 0.0296743 -2.78817 0.0115757 0.0546624 0.0003 -3.11444 0.0720839 
600.11 30.5787 14.9737 14.9753 -0.00378275 -2.76537 0.116062 0.0546624 0.503 -2.85311 -0.0847818 
600.11 30.852 14.9614 14.9622 -0.00365467 -3.53707 0.11627 0.0546624 0.503 -3.12728 0.162927 
600.11 43.7861 14.3984 14.4013 -0.00571026 -7.6224 0.124377 0.0546624 0.503 -2.34027 0.842559 
600.11 30.6181 14.9719 14.9732 -0.0011089 -2.59767 0.102856 0.0546624 0.503 -2.83515 0.0594984 
600.11 37.5807 14.6631 14.6581 0.00318938 -4.91243 0.0869621 0.0546624 0.0003 -2.56353 0.5257 
600.11 46.1613 14.2997 14.2711 0.0572601 -8.61234 0.000994628 0.0546624 0.0003 -2.13664 0.933804 
600.11 30.5533 14.9748 14.9685 0.00497094 -3.56252 0.0794161 0.0546624 0.0003 -2.83897 -0.038725 
600.11 30.6273 14.9715 14.9756 -0.00800191 -3.62889 0.133855 0.0546624 0.503 -2.95668 -0.17116 
600.11 30.3431 14.9844 14.9585 0.0515279 -2.68684 0.00168874 0.0546624 0.0003 -2.99734 0.130088 
600.11 30.2992 14.9864 14.9879 -0.00292667 -2.956 0.111937 0.0546624 0.503 -3.08835 0.0834725 
600.11 45.8665 14.3118 14.2598 0.0972921 -8.7479 2.67459e-05 0.0546624 0.0003 -2.80474 1.22736 
600.11 30.5419 14.9754 14.978 -0.00629101 -2.39753 0.127067 0.0546624 0.503 -2.96196 -0.159759 
600.11 30.404 14.9817 14.9832 -0.00394975 -2.91498 0.116966 0.0546624 0.503 -2.98577 -0.140671 
600.11 30.4169 14.9811 14.9773 0.00403033 -2.81241 0.081794 0.0546624 0.0003 -2.96674 0.1397 
600.11 30.4643 14.9789 14.9805 -0.0027472 -2.71717 0.11093 0.0546624 0.503 -2.98159 -0.150535 
600.11 36.7554 14.6991 14.7013 -0.00480876 -4.93129 0.12059 0.0546624 0.503 -2.36674 -0.0550441 
600.11 31.3131 14.9405 14.9462 -0.0126317 -2.69534 0.151298 0.0546624 0.503 -3.07471 -0.246714 
600.11 30.577 14.9738 14.9775 -0.00802451 -2.48487 0.134221 0.0546624 0.503 -2.86982 0.108046 
600.11 31.1577 14.9475 14.9412 0.00666394 -2.07857 0.0714379 0.0546624 0.0003 -2.75907 0.018573 
600.11 49.9846 14.1435 14.1433 0.000372201 -9.995 0.096848 0.0546624 0.0003 -1.04036 -1.7845 
600.11 30.3761 14.9829 14.9839 -0.0017999 -3.35449 0.106892 0.0546624 0.503 -2.98003 -0.13499 
600.11 30.7535 14.9658 14.969 -0.00709888 -3.63465 0.130626 0.0546624 0.503 -3.18875 0.0439581 
600.11 49.7065 14.1547 14.1517 0.00594376 -9.90296 0.0720306 0.0546624 0.0003 -1.14675 0.838039 
600.11 50.001 14.1428 14.1428 0.000134331 -10.0011 0.0979334 0.0546624 0.0003 0.40665 1.95503 
600.11 35.363 14.7601 14.7658 -0.012089 -3.74604 0.149315 0.0546624 0.503 -3.3793 -0.402816 
600.11 30.2582 14.9883 14.9882 -0.000761155 -1.76634 0.102513 0.0546624 0.503 -3.01974 -0.111113 
600.11 30.8866 14.9599 14.966 -0.0120815 -2.3317 0.14953 0.0546624 0.503 -3.16395 0.132187 
600.11 31.3227 14.9401 14.9394 -0.00135544 -3.20834 0.105936 0.0546624 0.503 -3.25759 0.0244011 
600.11 30.5076 14.977 14.9784 -0.00103658 -2.46647 0.102415 0.0546624 0.503 -3.00475 -0.158617 
600.11 30.5063 14.977 14.9786 -0.00229681 -3.61678 0.108676 0.0546624 0.503 -2.84151 0.00545109 
600.11 31.5705 14.929 14.9296 -0.00279505 -1.96517 0.111807 0.0546624 0.503 -2.91826 -0.271235 
600.11 30.5115 14.9768 14.979 -0.00367489 -3.19994 0.115006 0.0546624 0.503 -3.06543 0.145128 
600.11 30.2833 14.9872 14.9881 -0.00240617 -3.49373 0.109778 0.0546624 0.503 -2.90032 -0.063835 
600.11 32.5607 14.8845 14.8853 -0.00723792 -2.66287 0.133159 0.0546624 0.503 -2.94095 -0.361517 
600.11 30.2891 14.9868 14.988 -0.00238279 -3.17024 0.109411 0.0546624 0.503 -3.08588 -0.0827159 
