600.11 50.0041 14.1427 0 1 700 1 1.39979 0.503 0.035411 -0.0721461 
600.11 50.0001 14.1429 0 1 700 1 1.39979 0.503 -0.0634909 -0.0930995 
600.11 50.0004 14.1428 0 1 700 1 1.39979 0.503 -0.0546818 0.032107 
600.11 49.9973 14.143 0 1 700 1 1.39979 0.503 -0.137725 -0.0913095 
600.11 50.0015 14.1428 0 1 700 1 1.39979 0.503 -0.0269191 -0.060894 
600.11 50.002 14.1428 0 1 700 1 1.39979 0.503 -0.0145157 -0.013907 
600.11 50.001 14.1428 0 1 700 1 1.39979 0.503 -0.0398138 -0.0705356 
600.11 50.0071 14.1426 0 1 700 1 1.39979 0.503 0.0966691 -0.0149238 
600.11 50 14.1429 0 1 700 1 1.39979 0.503 -0.0659358 0.0545498 
600.11 49.9973 14.143 0 1 700 1 1.39979 0.503 -0.136763 0.00455106 
600.11 50.0099 14.1425 0 1 700 1 1.39979 0.503 0.14229 -0.0460107 
600.11 50.0038 14.1427 0 1 700 1 1.39979 0.503 0.0294582 0.0757628 
600.11 50.0015 14.1428 0 1 700 1 1.39979 0.503 -0.0250087 0.131308 
600.11 50.0054 14.1426 0 1 700 1 1.39979 0.503 0.0630574 -0.00307052 
600.11 49.9992 14.1429 0 1 700 1 1.39979 0.503 -0.0883596 -0.133512 
600.11 50.0062 14.1426 0 1 700 1 1.39979 0.503 0.0808126 -0.148329 
600.11 50.0057 14.1426 0 1 700 1 1.39979 0.503 0.0700548 0.105878 
600.11 50.0038 14.1427 0 1 700 1 1.39979 0.503 0.0299033 0.0398444 
600.11 50.0003 14.1428 0 1 700 1 1.39979 0.503 -0.0587816 0.0189685 
600.11 50.0029 14.1427 0 1 700 1 1.39979 0.503 0.00840505 0.0633085 
600.11 50.0049 14.1427 0 1 700 1 1.39979 0.503 0.0543188 0.0759052 
600.11 50.0045 14.1427 0 1 700 1 1.39979 0.503 0.0452027 0.0526418 
600.11 50.0042 14.1427 0 1 700 1 1.39979 0.503 0.0397921 -0.100203 
600.11 50.0036 14.1427 0 1 700 1 1.39979 0.503 0.0251089 -0.0908917 
600.11 50.01 14.1425 0 1 700 1 1.39979 0.503 0.143867 0.0879904 
600.11 50.0042 14.1427 0 1 700 1 1.39979 0.503 0.0374479 -0.0263104 
600.11 50.0027 14.1427 0 1 700 1 1.39979 0.503 0.00277858 -0.0734263 
600.11 50.0051 14.1427 0 1 700 1 1.39979 0.503 0.05665 0.0173347 
600.11 50.0035 14.1427 0 1 700 1 1.39979 0.503 0.0246098 0.155804 
600.11 50.0007 14.1428 0 1 700 1 1.39979 0.503 -0.0476373 -0.0835858 
600.11 50.0038 14.1427 0 1 700 1 1.39979 0.503 0.029336 0.0933866 
600.11 50.003 14.1427 0 1 700 1 1.39979 0.503 0.0106202 0.00506579 
600.11 49.9981 14.1429 0 1 700 1 1.39979 0.503 -0.117062 0.0337624 
600.11 50.0035 14.1427 0 1 700 1 1.39979 0.503 0.0229604 -0.0316368 
600.11 50.0027 14.1427 0 1 700 1 1.39979 0.503 0.00377843 -0.00900187 
600.11 50.0028 14.1427 0 1 700 1 1.39979 0.503 0.00703844 0.031252 
600.11 50.0026 14.1428 0 1 700 1 1.39979 0.503 0.000751004 0.0120079 
600.11 50.0056 14.1426 0 1 700 1 1.39979 0.503 0.0689034 0.0953812 
600.11 50.0004 14.1428 0 1 700 1 1.39979 0.503 -0.0541532 -0.0342772 
600.11 50.0062 14.1426 0 1 700 1 1.39979 0.503 0.0786765 -0.00144415 
600.11 50.0068 14.1426 0 1 700 1 1.39979 0.503 0.0912861 0.0133686 
600.11 49.9983 14.1429 0 1 700 1 1.39979 0.503 -0.110524 0.0634315 
600.11 50.0024 14.1428 0 1 700 1 1.39979 0.503 -0.00411063 -0.0652164 
600.11 50.0003 14.1428 0 1 700 1 1.39979 0.503 -0.0580208 0.0309301 
600.11 49.9994 14.1429 0 1 700 1 1.39979 0.503 -0.0816338 -0.0148158 
600.11 49.9986 14.1429 0 1 700 1 1.39979 0.503 -0.103774 -0.0429247 
600.11 49.9983 14.1429 0 1 700 1 1.39979 0.503 -0.112464 0.179019 
600.11 50.0014 14.1428 0 1 700 1 1.39979 0.503 -0.0295433 0.0642694 
600.11 50.0001 14.1429 0 1 700 1 1.39979 0.503 -0.062817 -0.0159324 
600.11 50.0004 14.1428 0 1 700 1 1.39979 0.503 -0.0545635 0.059149 
600.11 50.0028 14.1427 0 1 700 1 1.39979 0.503 0.00558325 -0.095238 
600.11 50.0047 14.1427 0 1 700 1 1.39979 0.503 0.0497409 0.00859972 
600.11 50 14.1429 0 1 700 1 1.39979 0.503 -0.0665679 -0.191152 
600.11 50.0045 14.1427 0 1 700 1 1.39979 0.503 0.0461245 0.0958422 
600.11 50.0003 14.1428 0 1 700 1 1.39979 0.503 -0.0585764 0.0399287 
600.11 50.0051 14.1426 0 1 700 1 1.39979 0.503 0.0582963 -0.020867 
600.11 50.0047 14.1427 0 1 700 1 1.39979 0.503 0.0501534 0.0632361 
600.11 50.0023 14.1428 0 1 700 1 1.39979 0.503 -0.00603645 0.0841873 
600.11 50.0014 14.1428 0 1 700 1 1.39979 0.503 -0.0285215 -0.0331709 
600.11 50.0036 14.1427 0 1 700 1 1.39979 0.503 0.0254456 0.11908 
600.11 50.0003 14.1428 0 1 700 1 1.39979 0.503 -0.0567482 -0.0489197 
600.11 50.0036 14.1427 0 1 700 1 1.39979 0.503 0.0242634 0.0700511 
600.11 50.0031 14.1427 0 1 700 1 1.39979 0.503 0.0129549 -0.062447 
600.11 49.9989 14.1429 0 1 700 1 1.39979 0.503 -0.0964513 0.0486478 
600.11 50.0032 14.1427 0 1 700 1 1.39979 0.503 0.014862 -0.0622684 
600.11 50.0031 14.1427 0 1 700 1 1.39979 0.503 0.0127805 0.046598 
600.11 50.0062 14.1426 0 1 700 1 1.39979 0.503 0.0789127 -0.0620114 
600.11 50.0012 14.1428 0 1 700 1 1.39979 0.503 -0.0349151 0.0260881 
600.11 50.0019 14.1428 0 1 700 1 1.39979 0.503 -0.016393 -0.00973851 
600.11 50.0024 14.1428 0 1 700 1 1.39979 0.503 -0.00327197 -0.107258 
600.11 50.0062 14.1426 0 1 700 1 1.39979 0.503 0.0796496 0.0233447 
600.11 50.0063 14.1426 0 1 700 1 1.39979 0.503 0.0809982 0.0716574 
600.11 50.0046 14.1427 0 1 700 1 1.39979 0.503 0.048657 -0.102315 
600.11 50.0076 14.1425 0 1 700 1 1.39979 0.503 0.105015 0.0276093 
600.11 50.0025 14.1428 0 1 700 1 1.39979 0.503 -0.00204495 0.0168863 
600.11 50.0091 14.1425 0 1 700 1 1.39979 0.503 0.129852 0.0773496 
600.11 50.0026 14.1428 0 1 700 1 1.39979 0.503 0.00165194 -0.136595 
600.11 50.0012 14.1428 0 1 700 1 1.39979 0.503 -0.0343434 0.0174513 
600.11 49.993 14.1431 0 1 700 1 1.39979 0.503 -0.232972 0.0251905 
600.11 49.9978 14.1429 0 1 700 1 1.39979 0.503 -0.124918 0.128312 
600.11 50.0048 14.1427 0 1 700 1 1.39979 0.503 0.0521768 -0.0719164 
600.11 50.0041 14.1427 0 1 700 1 1.39979 0.503 0.0370597 0.13734 
600.11 50.0025 14.1428 0 1 700 1 1.39979 0.503 -0.00158838 -0.0745827 
600.11 50.0027 14.1427 0 1 700 1 1.39979 0.503 0.00476252 0.0972369 
600.11 50.0094 14.1425 0 1 700 1 1.39979 0.503 0.134289 -0.0223016 
600.11 50.0005 14.1428 0 1 700 1 1.39979 0.503 -0.0522507 -0.0986971 
600.11 50.0016 14.1428 0 1 700 1 1.39979 0.503 -0.0251485 -0.0657955 
600.11 50.0094 14.1425 0 1 700 1 1.39979 0.503 0.133763 0.0264286 
600.11 50.003 14.1427 0 1 700 1 1.39979 0.503 0.0111546 -0.0499243 
600.11 50.0012 14.1428 0 1 700 1 1.39979 0.503 -0.035064 -0.0857856 
600.11 50.0007 14.1428 0 1 700 1 1.39979 0.503 -0.048237 -0.0990548 
600.11 50.0026 14.1428 0 1 700 1 1.39979 0.503 0.0014221 -0.0215547 
600.11 50.001 14.1428 0 1 700 1 1.39979 0.503 -0.0405181 0.0252088 
600.11 50.0023 14.1428 0 1 700 1 1.39979 0.503 -0.00744635 -0.0518543 
600.11 50.0007 14.1428 0 1 700 1 1.39979 0.503 -0.0484235 -0.0125916 
600.11 50.0016 14.1428 0 1 700 1 1.39979 0.503 -0.0250691 0.00137386 
600.11 50.0004 14.1428 0 1 700 1 1.39979 0.503 -0.0550586 0.0149091 
600.11 50.0037 14.1427 0 1 700 1 1.39979 0.503 0.0292445 -0.136043 
600.11 50.0064 14.1426 0 1 700 1 1.39979 0.503 0.0838368 -0.0499449 
600.11 50.0004 14.1428 0 1 700 1 1.39979 0.503 -0.0552911 0.0262323 
600.11 49.9993 14.1429 0 1 700 1 1.39979 0.503 -0.0855454 0.00421181 
600.11 50.0041 14.1427 0 1 700 1 1.39979 0.503 0.0349307 0.00450137 
600.11 50.0058 14.1426 0 1 700 1 1.39979 0.503 0.0719763 -0.0313763 
600.11 49.999 14.1429 0 1 700 1 1.39979 0.503 -0.0940505 -0.0489284 
600.11 50.0056 14.1426 0 1 700 1 1.39979 0.503 0.0674317 0.0840376 
600.11 50.0066 14.1426 0 1 700 1 1.39979 0.503 0.0866913 -0.0426688 
600.11 50.0018 14.1428 0 1 700 1 1.39979 0.503 -0.0199266 -0.0164635 
600.11 50.0053 14.1426 0 1 700 1 1.39979 0.503 0.0621321 0.069369 
600.11 50.0071 14.1426 0 1 700 1 1.39979 0.503 0.0962288 0.0682809 
600.11 50.0039 14.1427 0 1 700 1 1.39979 0.503 0.030846 0.036045 
600.11 50.0075 14.1426 0 1 700 1 1.39979 0.503 0.102477 0.039511 
600.11 49.9999 14.1429 0 1 700 1 1.39979 0.503 -0.0677949 -0.0111979 
600.11 49.9962 14.143 0 1 700 1 1.39979 0.503 -0.16332 -0.0643372 
600.11 50.0006 14.1428 0 1 700 1 1.39979 0.503 -0.0496697 0.040536 
600.11 50.0025 14.1428 0 1 700 1 1.39979 0.503 -0.000628911 0.0549775 
600.11 49.9981 14.1429 0 1 700 1 1.39979 0.503 -0.115191 0.0261402 
600.11 50.0021 14.1428 0 1 700 1 1.39979 0.503 -0.011921 -0.0936036 
600.11 50.0044 14.1427 0 1 700 1 1.39979 0.503 0.0412753 -0.0313303 
600.11 50.0039 14.1427 0 1 700 1 1.39979 0.503 0.0326313 -0.0125896 
600.11 50.0033 14.1427 0 1 700 1 1.39979 0.503 0.0162987 -0.00582234 
600.11 50.0009 14.1428 0 1 700 1 1.39979 0.503 -0.0409467 0.000739081 
600.11 50.0037 14.1427 0 1 700 1 1.39979 0.503 0.0282607 0.146569 
600.11 50.0026 14.1428 0 1 700 1 1.39979 0.503 0.000273487 -0.0311398 
600.11 50.0053 14.1426 0 1 700 1 1.39979 0.503 0.0623059 -0.0330789 
600.11 50.0035 14.1427 0 1 700 1 1.39979 0.503 0.0216032 0.00708022 
600.11 50.0011 14.1428 0 1 700 1 1.39979 0.503 -0.0376151 0.000818613 
600.11 50.0002 14.1428 0 1 700 1 1.39979 0.503 -0.0608785 -0.0293689 
600.11 50.0054 14.1426 0 1 700 1 1.39979 0.503 0.0652166 0.124004 
600.11 50.0013 14.1428 0 1 700 1 1.39979 0.503 -0.0310831 0.0325845 
600.11 50.003 14.1427 0 1 700 1 1.39979 0.503 0.0106072 0.00560781 
600.11 50.0052 14.1426 0 1 700 1 1.39979 0.503 0.0603635 0.0728127 
600.11 50.0055 14.1426 0 1 700 1 1.39979 0.503 0.0653463 -0.0768805 
600.11 50.0012 14.1428 0 1 700 1 1.39979 0.503 -0.0346738 -0.0366718 
600.11 50.0034 14.1427 0 1 700 1 1.39979 0.503 0.0205411 -0.0787649 
600.11 50.0082 14.1425 0 1 700 1 1.39979 0.503 0.117592 -0.120779 
600.11 50.0033 14.1427 0 1 700 1 1.39979 0.503 0.0174699 -0.0154644 
600.11 50.0017 14.1428 0 1 700 1 1.39979 0.503 -0.0219568 -0.0903345 
600.11 50.0024 14.1428 0 1 700 1 1.39979 0.503 -0.00403007 0.0380901 
600.11 50.0008 14.1428 0 1 700 1 1.39979 0.503 -0.0458287 0.0348698 
600.11 50.0022 14.1428 0 1 700 1 1.39979 0.503 -0.00877105 -0.0227758 
600.11 50.0015 14.1428 0 1 700 1 1.39979 0.503 -0.0268357 -0.114385 
600.11 50.0046 14.1427 0 1 700 1 1.39979 0.503 0.0489541 0.100999 
600.11 50.0044 14.1427 0 1 700 1 1.39979 0.503 0.0424173 0.0675705 
600.11 50.005 14.1427 0 1 700 1 1.39979 0.503 0.0555374 0.0248234 
600.11 50.0094 14.1425 0 1 700 1 1.39979 0.503 0.132937 -0.00608051 
600.11 50.0016 14.1428 0 1 700 1 1.39979 0.503 -0.0252303 -0.0705588 
600.11 50.0016 14.1428 0 1 700 1 1.39979 0.503 -0.0247918 0.0112422 
600.11 49.9997 14.1429 0 1 700 1 1.39979 0.503 -0.0742536 0.0167918 
600.11 50.0037 14.1427 0 1 700 1 1.39979 0.503 0.0282818 -0.0932733 
600.11 50.0038 14.1427 0 1 700 1 1.39979 0.503 0.0278029 0.0236845 
600.11 50.0017 14.1428 0 1 700 1 1.39979 0.503 -0.0221241 0.0648349 
600.11 50.0043 14.1427 0 1 700 1 1.39979 0.503 0.039714 0.0277969 
600.11 50.0003 14.1428 0 1 700 1 1.39979 0.503 -0.0589553 0.0617935 
600.11 50.0057 14.1426 0 1 700 1 1.39979 0.503 0.0700025 0.0527373 
600.11 50.0028 14.1427 0 1 700 1 1.39979 0.503 0.00652584 -0.154032 
600.11 50.0018 14.1428 0 1 700 1 1.39979 0.503 -0.0189402 0.135136 
600.11 49.9996 14.1429 0 1 700 1 1.39979 0.503 -0.0760153 -0.0460913 
600.11 50.0017 14.1428 0 1 700 1 1.39979 0.503 -0.0221457 0.0303441 
600.11 50.0052 14.1426 0 1 700 1 1.39979 0.503 0.0591423 -0.0893946 
600.11 49.9992 14.1429 0 1 700 1 1.39979 0.503 -0.0879954 -0.051429 
600.11 50.001 14.1428 0 1 700 1 1.39979 0.503 -0.0399448 -0.033473 
600.11 50.0015 14.1428 0 1 700 1 1.39979 0.503 -0.0258717 0.0545187 
600.11 49.999 14.1429 0 1 700 1 1.39979 0.503 -0.0930527 -0.08759 
600.11 50.0046 14.1427 0 1 700 1 1.39979 0.503 0.0534579 -0.239802 
600.11 49.9999 14.1429 0 1 700 1 1.39979 0.503 -0.069937 -0.0495881 
600.11 50.0032 14.1427 0 1 700 1 1.39979 0.503 0.0148189 -0.0289325 
600.11 49.9992 14.1429 0 1 700 1 1.39979 0.503 -0.0874484 -0.0246187 
600.11 50.0086 14.1425 0 1 700 1 1.39979 0.503 0.12058 -0.0351114 
600.11 50.0034 14.1427 0 1 700 1 1.39979 0.503 0.0202214 -0.0225525 
600.11 50.0007 14.1428 0 1 700 1 1.39979 0.503 -0.0479859 0.0849782 
600.11 50.0026 14.1428 0 1 700 1 1.39979 0.503 0.000624823 -0.0132043 
600.11 50 14.1429 0 1 700 1 1.39979 0.503 -0.0662837 -0.0365439 
600.11 50.0029 14.1427 0 1 700 1 1.39979 0.503 0.00937557 -0.0892427 
600.11 50.0062 14.1426 0 1 700 1 1.39979 0.503 0.0788845 -0.00473627 
600.11 49.9997 14.1429 0 1 700 1 1.39979 0.503 -0.0736618 -0.0168098 
600.11 50.001 14.1428 0 1 700 1 1.39979 0.503 -0.0383651 -0.0598648 
600.11 50.0025 14.1428 0 1 700 1 1.39979 0.503 -0.00217287 0.0174619 
600.11 50.006 14.1426 0 1 700 1 1.39979 0.503 0.0769775 0.070493 
600.11 50.0014 14.1428 0 1 700 1 1.39979 0.503 -0.0302629 -0.0176451 
600.11 50.0036 14.1427 0 1 700 1 1.39979 0.503 0.0242916 0.0638052 
600.11 50.0029 14.1427 0 1 700 1 1.39979 0.503 0.0080467 0.0324055 
600.11 50.0004 14.1428 0 1 700 1 1.39979 0.503 -0.0548857 0.0693732 
600.11 50.001 14.1428 0 1 700 1 1.39979 0.503 -0.0399083 0.0710859 
600.11 50.0043 14.1427 0 1 700 1 1.39979 0.503 0.0399225 -0.00936154 
600.11 50.0038 14.1427 0 1 700 1 1.39979 0.503 0.0291579 0.0937559 
600.11 50.0055 14.1426 0 1 700 1 1.39979 0.503 0.0668486 0.0775055 
600.11 50.0042 14.1427 0 1 700 1 1.39979 0.503 0.0371207 -0.0361446 
600.11 50.003 14.1427 0 1 700 1 1.39979 0.503 0.0096514 -0.0124799 
600.11 50.0053 14.1426 0 1 700 1 1.39979 0.503 0.0612882 0.0227819 
600.11 50.0051 14.1427 0 1 700 1 1.39979 0.503 0.0565948 -0.0630041 
600.11 50.0029 14.1427 0 1 700 1 1.39979 0.503 0.00923761 -0.00739163 
600.11 50.002 14.1428 0 1 700 1 1.39979 0.503 -0.013807 0.0587056 
600.11 50.0058 14.1426 0 1 700 1 1.39979 0.503 0.0708146 -0.0204626 
600.11 50.0008 14.1428 0 1 700 1 1.39979 0.503 -0.0463988 -0.055534 
600.11 50.0062 14.1426 0 1 700 1 1.39979 0.503 0.079091 0.0579753 
600.11 50.0046 14.1427 0 1 700 1 1.39979 0.503 0.0478266 0.0815448 
600.11 50.0016 14.1428 0 1 700 1 1.39979 0.503 -0.0223468 0.171857 
600.11 49.998 14.1429 0 1 700 1 1.39979 0.503 -0.119677 -0.0779491 
600.11 50.0027 14.1427 0 1 700 1 1.39979 0.503 0.0028358 0.0449523 
600.11 50.0069 14.1426 0 1 700 1 1.39979 0.503 0.092137 0.0640158 
600.11 50.0042 14.1427 0 1 700 1 1.39979 0.503 0.0387805 -0.102224 
600.11 49.9962 14.143 0 1 700 1 1.39979 0.503 -0.162565 0.00662336 
600.11 50.0075 14.1426 0 1 700 1 1.39979 0.503 0.103685 0.0607993 
600.11 50.0022 14.1428 0 1 700 1 1.39979 0.503 -0.00778271 0.0554158 
600.11 50.0009 14.1428 0 1 700 1 1.39979 0.503 -0.0413239 -0.0248091 
600.11 50.0001 14.1429 0 1 700 1 1.39979 0.503 -0.064332 -0.019265 
600.11 49.9989 14.1429 0 1 700 1 1.39979 0.503 -0.0958701 0.00156894 
600.11 50.0029 14.1427 0 1 700 1 1.39979 0.503 0.00816438 -0.098788 
600.11 49.9987 14.1429 0 1 700 1 1.39979 0.503 -0.100482 0.0442545 
600.11 50.0004 14.1428 0 1 700 1 1.39979 0.503 -0.0565195 0.0603897 
600.11 50.0042 14.1427 0 1 700 1 1.39979 0.503 0.0382918 -0.0531067 
600.11 50.0023 14.1428 0 1 700 1 1.39979 0.503 -0.00695524 0.064062 
600.11 50.0014 14.1428 0 1 700 1 1.39979 0.503 -0.0277377 -0.12265 
600.11 50.002 14.1428 0 1 700 1 1.39979 0.503 -0.0134236 -0.0773676 
600.11 50.0003 14.1428 0 1 700 1 1.39979 0.503 -0.0585954 -0.0577268 
600.11 50.0039 14.1427 0 1 700 1 1.39979 0.503 0.0303696 -0.0253333 
600.11 50.0016 14.1428 0 1 700 1 1.39979 0.503 -0.0240868 0.0681999 
600.11 50.0037 14.1427 0 1 700 1 1.39979 0.503 0.0265451 0.00919399 
600.11 49.9958 14.143 0 1 700 1 1.39979 0.503 -0.172894 0.0581295 
600.11 50.0028 14.1427 0 1 700 1 1.39979 0.503 0.00642053 0.0412865 
600.11 49.9945 14.1431 0 1 700 1 1.39979 0.503 -0.20263 -0.0165104 
600.11 50.0027 14.1427 0 1 700 1 1.39979 0.503 0.00446938 -0.0370858 
600.11 50.0024 14.1428 0 1 700 1 1.39979 0.503 -0.00443527 0.121587 
600.11 50.0108 14.1424 0 1 700 1 1.39979 0.503 0.153662 0.0235169 
600.11 49.9998 14.1429 0 1 700 1 1.39979 0.503 -0.0711012 -0.047759 
600.11 50.0009 14.1428 0 1 700 1 1.39979 0.503 -0.0412621 -0.0745477 
600.11 50.0067 14.1426 0 1 700 1 1.39979 0.503 0.0908832 -0.118901 
600.11 50.0036 14.1427 0 1 700 1 1.39979 0.503 0.0234161 0.0234251 
600.11 50.0047 14.1427 0 1 700 1 1.39979 0.503 0.048904 0.00105091 
600.11 50.0017 14.1428 0 1 700 1 1.39979 0.503 -0.0211321 -0.0540372 
600.11 49.9991 14.1429 0 1 700 1 1.39979 0.503 -0.0893803 0.0737326 
600.11 50.0021 14.1428 0 1 700 1 1.39979 0.503 -0.01167 -0.051341 
600.11 49.999 14.1429 0 1 700 1 1.39979 0.503 -0.0936994 0.00694652 
600.11 50.0032 14.1427 0 1 700 1 1.39979 0.503 0.0157097 -0.0221719 
600.11 50.0046 14.1427 0 1 700 1 1.39979 0.503 0.046445 -0.0595128 
600.11 50.0032 14.1427 0 1 700 1 1.39979 0.503 0.0148641 0.0262198 
600.11 50.0045 14.1427 0 1 700 1 1.39979 0.503 0.0453595 0.0402716 
600.11 50.0023 14.1428 0 1 700 1 1.39979 0.503 -0.00619745 0.0597169 
600.11 50.0022 14.1428 0 1 700 1 1.39979 0.503 -0.00809529 0.0675642 
600.11 50.0033 14.1427 0 1 700 1 1.39979 0.503 0.0180373 -0.0607997 
600.11 50.004 14.1427 0 1 700 1 1.39979 0.503 0.0342247 0.0462216 
600.11 50.0088 14.1425 0 1 700 1 1.39979 0.503 0.126519 0.111373 
600.11 50.0064 14.1426 0 1 700 1 1.39979 0.503 0.0834701 -0.0182945 
600.11 50.0003 14.1428 0 1 700 1 1.39979 0.503 -0.0579621 -0.000736885 
600.11 50.0018 14.1428 0 1 700 1 1.39979 0.503 -0.0195608 0.086939 
600.11 50.0001 14.1429 0 1 700 1 1.39979 0.503 -0.0625242 -0.0469512 
600.11 50.0105 14.1424 0 1 700 1 1.39979 0.503 0.149765 -0.0176787 
600.11 50.0035 14.1427 0 1 700 1 1.39979 0.503 0.0234827 -0.0952555 
600.11 50.0013 14.1428 0 1 700 1 1.39979 0.503 -0.0318233 -0.0411238 
600.11 50.0036 14.1427 0 1 700 1 1.39979 0.503 0.0258346 -0.0709317 
600.11 50.0081 14.1425 0 1 700 1 1.39979 0.503 0.112952 0.0349771 
600.11 49.9982 14.1429 0 1 700 1 1.39979 0.503 -0.115293 -0.0676145 
600.11 50.0029 14.1427 0 1 700 1 1.39979 0.503 0.0078848 -0.0194392 
600.11 50.0062 14.1426 0 1 700 1 1.39979 0.503 0.0798485 -0.0178269 
600.11 50.0036 14.1427 0 1 700 1 1.39979 0.503 0.0249883 0.03873 
600.11 50.0035 14.1427 0 1 700 1 1.39979 0.503 0.0246138 -0.125267 
600.11 49.9997 14.1429 0 1 700 1 1.39979 0.503 -0.0728489 -0.054036 
600.11 50.0014 14.1428 0 1 700 1 1.39979 0.503 -0.0284319 -0.0208437 
600.11 50.0006 14.1428 0 1 700 1 1.39979 0.503 -0.0491121 -0.0608632 
600.11 49.9952 14.1431 0 1 700 1 1.39979 0.503 -0.187466 0.0791365 
600.11 50.0018 14.1428 0 1 700 1 1.39979 0.503 -0.0189325 0.0226739 
600.11 49.9995 14.1429 0 1 700 1 1.39979 0.503 -0.0804755 -0.135372 
600.11 50.0044 14.1427 0 1 700 1 1.39979 0.503 0.0428762 -0.0645723 
600.11 50.0031 14.1427 0 1 700 1 1.39979 0.503 0.013114 -0.0295786 
600.11 50.0036 14.1427 0 1 700 1 1.39979 0.503 0.0252959 0.100271 
600.11 50.0008 14.1428 0 1 700 1 1.39979 0.503 -0.0458102 -0.00321756 
600.11 49.9977 14.143 0 1 700 1 1.39979 0.503 -0.126408 -0.00241275 
600.11 50.0003 14.1428 0 1 700 1 1.39979 0.503 -0.0591 -0.160182 
600.11 50.0045 14.1427 0 1 700 1 1.39979 0.503 0.0448308 0.0956696 
600.11 50.0025 14.1428 0 1 700 1 1.39979 0.503 -0.00125385 -0.0265474 
600.11 50.0032 14.1427 0 1 700 1 1.39979 0.503 0.0141978 0.0118608 
600.11 49.9973 14.143 0 1 700 1 1.39979 0.503 -0.137004 0.0553649 
600.11 50.0003 14.1428 0 1 700 1 1.39979 0.503 -0.0570113 -0.0618403 
600.11 50.0032 14.1427 0 1 700 1 1.39979 0.503 0.0142451 -0.00213227 
600.11 50.0013 14.1428 0 1 700 1 1.39979 0.503 -0.0328486 -0.0131204 
600.11 50.002 14.1428 0 1 700 1 1.39979 0.503 -0.0146595 -0.0875837 
600.11 50.0036 14.1427 0 1 700 1 1.39979 0.503 0.0261459 -0.0936791 
600.11 50.0094 14.1425 0 1 700 1 1.39979 0.503 0.133996 0.0844665 
600.11 50.0037 14.1427 0 1 700 1 1.39979 0.503 0.0272296 0.0416915 
600.11 50.0033 14.1427 0 1 700 1 1.39979 0.503 0.0169302 0.0527309 
600.11 50.0048 14.1427 0 1 700 1 1.39979 0.503 0.0507412 -0.0624022 
600.11 50.0029 14.1427 0 1 700 1 1.39979 0.503 0.00805897 -0.0241267 
600.11 49.9991 14.1429 0 1 700 1 1.39979 0.503 -0.089587 0.0246682 
600.11 50.0004 14.1428 0 1 700 1 1.39979 0.503 -0.0553989 0.0411321 
600.11 50.0042 14.1427 0 1 700 1 1.39979 0.503 0.0378492 -0.0490505 
600.11 50.0006 14.1428 0 1 700 1 1.39979 0.503 -0.04943 -0.0674624 
600.11 50.0002 14.1429 0 1 700 1 1.39979 0.503 -0.062289 0.046064 
600.11 50.0057 14.1426 0 1 700 1 1.39979 0.503 0.070351 -0.076486 
600.11 50.0053 14.1426 0 1 700 1 1.39979 0.503 0.0610333 0.0295361 
600.11 49.9966 14.143 0 1 700 1 1.39979 0.503 -0.155462 0.0101964 
600.11 50.0026 14.1428 0 1 700 1 1.39979 0.503 0.00032971 -0.0100991 
600.11 50.0057 14.1426 0 1 700 1 1.39979 0.503 0.0704943 0.0119156 
600.11 50.0026 14.1428 0 1 700 1 1.39979 0.503 0.00176099 0.0187525 
600.11 50 14.1429 0 1 700 1 1.39979 0.503 -0.0649405 -0.0565374 
600.11 50.0034 14.1427 0 1 700 1 1.39979 0.503 0.0191596 -0.0620586 
600.11 50.0055 14.1426 0 1 700 1 1.39979 0.503 0.0649814 -0.0308598 
600.11 50.0036 14.1427 0 1 700 1 1.39979 0.503 0.0240027 -0.0678694 
600.11 50.0023 14.1428 0 1 700 1 1.39979 0.503 -0.0052534 -0.128544 
600.11 50.0056 14.1426 0 1 700 1 1.39979 0.503 0.0684906 0.0184188 
600.11 50.0009 14.1428 0 1 700 1 1.39979 0.503 -0.0418488 -0.0673416 
600.11 50.0042 14.1427 0 1 700 1 1.39979 0.503 0.0397343 -0.105236 
600.11 49.9993 14.1429 0 1 700 1 1.39979 0.503 -0.0845469 0.054774 
600.11 50.0025 14.1428 0 1 700 1 1.39979 0.503 -0.00133926 -0.00883597 
600.11 50.0082 14.1425 0 1 700 1 1.39979 0.503 0.114397 -0.0537827 
600.11 50.0036 14.1427 0 1 700 1 1.39979 0.503 0.0232169 -0.0104474 
600.11 50.0009 14.1428 0 1 700 1 1.39979 0.503 -0.042308 -0.052985 
600.11 50.0004 14.1428 0 1 700 1 1.39979 0.503 -0.054337 -0.0510765 
600.11 50.0029 14.1427 0 1 700 1 1.39979 0.503 0.00843768 -0.0116084 
600.11 50.0066 14.1426 0 1 700 1 1.39979 0.503 0.0868286 0.0142345 
600.11 50.0021 14.1428 0 1 700 1 1.39979 0.503 -0.0121849 0.0594577 
600.11 50.0019 14.1428 0 1 700 1 1.39979 0.503 -0.0166549 0.0504607 
600.11 50.0006 14.1428 0 1 700 1 1.39979 0.503 -0.0514084 0.0099563 
600.11 50.0012 14.1428 0 1 700 1 1.39979 0.503 -0.0348067 -0.0413491 
600.11 50.0039 14.1427 0 1 700 1 1.39979 0.503 0.0305129 0.0657927 
600.11 50.0045 14.1427 0 1 700 1 1.39979 0.503 0.0458695 -0.0493595 
600.11 50.0025 14.1428 0 1 700 1 1.39979 0.503 -0.0024161 -0.0232 
600.11 50.0066 14.1426 0 1 700 1 1.39979 0.503 0.0862896 -0.0371571 
600.11 50.0025 14.1428 0 1 700 1 1.39979 0.503 -0.00213445 0.0205831 
600.11 50.002 14.1428 0 1 700 1 1.39979 0.503 -0.0139977 -0.0819576 
600.11 50.0031 14.1427 0 1 700 1 1.39979 0.503 0.0128341 0.0361535 
600.11 49.9988 14.1429 0 1 700 1 1.39979 0.503 -0.0986506 0.102549 
600.11 49.9943 14.1431 0 1 700 1 1.39979 0.503 -0.207271 -0.0255031 
600.11 50.0034 14.1427 0 1 700 1 1.39979 0.503 0.020647 -0.00757667 
600.11 50.0045 14.1427 0 1 700 1 1.39979 0.503 0.0456524 -0.0516802 
600.11 50.0021 14.1428 0 1 700 1 1.39979 0.503 -0.0113147 -0.0528036 
600.11 49.9989 14.1429 0 1 700 1 1.39979 0.503 -0.0956333 0.0799327 
600.11 50.0007 14.1428 0 1 700 1 1.39979 0.503 -0.0462793 0.0870538 
600.11 50.002 14.1428 0 1 700 1 1.39979 0.503 -0.0126869 0.0355493 
600.11 50.0112 14.1424 0 1 700 1 1.39979 0.503 0.159971 -0.0221347 
600.11 49.9979 14.1429 0 1 700 1 1.39979 0.503 -0.121294 -0.0416351 
600.11 50.0061 14.1426 0 1 700 1 1.39979 0.503 0.0780526 -0.00656594 
600.11 50.0028 14.1427 0 1 700 1 1.39979 0.503 0.00738707 -0.109838 
600.11 50.0026 14.1428 0 1 700 1 1.39979 0.503 0.00079713 0.0992161 
600.11 50.0037 14.1427 0 1 700 1 1.39979 0.503 0.0264067 0.0277269 
600.11 50.0028 14.1427 0 1 700 1 1.39979 0.503 0.00488668 -0.0303845 
600.11 50.0038 14.1427 0 1 700 1 1.39979 0.503 0.0283405 -0.000484835 
600.11 50.0079 14.1425 0 1 700 1 1.39979 0.503 0.110408 -0.0353256 
600.11 50.0037 14.1427 0 1 700 1 1.39979 0.503 0.0265486 -0.0872489 
600.11 50.0087 14.1425 0 1 700 1 1.39979 0.503 0.125568 -0.127518 
600.11 50.0037 14.1427 0 1 700 1 1.39979 0.503 0.0276853 -0.00671736 
600.11 50.0007 14.1428 0 1 700 1 1.39979 0.503 -0.0479141 -0.087346 
600.11 50.0027 14.1427 0 1 700 1 1.39979 0.503 0.00274177 -0.00616071 
600.11 50.005 14.1427 0 1 700 1 1.39979 0.503 0.0549668 -0.0481341 
600.11 50.0017 14.1428 0 1 700 1 1.39979 0.503 -0.0201419 0.0729073 
600.11 50.0058 14.1426 0 1 700 1 1.39979 0.503 0.0706574 -0.00887611 
600.11 50.0033 14.1427 0 1 700 1 1.39979 0.503 0.0193829 -0.104399 
600.11 50.0073 14.1426 0 1 700 1 1.39979 0.503 0.100355 0.0389096 
600.11 49.998 14.1429 0 1 700 1 1.39979 0.503 -0.120163 -0.00227559 
600.11 50.0022 14.1428 0 1 700 1 1.39979 0.503 -0.00786299 0.166282 
600.11 50.0035 14.1427 0 1 700 1 1.39979 0.503 0.023183 0.0446731 
600.11 49.9991 14.1429 0 1 700 1 1.39979 0.503 -0.0893887 -0.0928946 
600.11 50.0008 14.1428 0 1 700 1 1.39979 0.503 -0.0439928 -0.0456689 
600.11 50.0046 14.1427 0 1 700 1 1.39979 0.503 0.0462582 -0.0540071 
600.11 50.0049 14.1427 0 1 700 1 1.39979 0.503 0.0542612 -0.0597192 
600.11 50.0017 14.1428 0 1 700 1 1.39979 0.503 -0.0221906 -0.0498563 
600.11 50.001 14.1428 0 1 700 1 1.39979 0.503 -0.038761 -0.00229805 
600.11 50.0074 14.1426 0 1 700 1 1.39979 0.503 0.101823 0.0649762 
600.11 50.0033 14.1427 0 1 700 1 1.39979 0.503 0.017193 -0.0467859 
600.11 50.0015 14.1428 0 1 700 1 1.39979 0.503 -0.0257413 -0.0777826 
600.11 49.9996 14.1429 0 1 700 1 1.39979 0.503 -0.077041 0.0583824 
600.11 50.0006 14.1428 0 1 700 1 1.39979 0.503 -0.0492417 0.0350771 
600.11 50.007 14.1426 0 1 700 1 1.39979 0.503 0.0941238 0.0206931 
600.11 50.0062 14.1426 0 1 700 1 1.39979 0.503 0.0792933 0.0261597 
600.11 50.0015 14.1428 0 1 700 1 1.39979 0.503 -0.0268382 0.0162209 
600.11 49.9995 14.1429 0 1 700 1 1.39979 0.503 -0.0797269 0.00762996 
600.11 50.0009 14.1428 0 1 700 1 1.39979 0.503 -0.0409643 -0.0632294 
600.11 50.0033 14.1427 0 1 700 1 1.39979 0.503 0.0184708 0.122561 
600.11 49.9993 14.1429 0 1 700 1 1.39979 0.503 -0.0851039 -0.0116082 
600.11 50.0059 14.1426 0 1 700 1 1.39979 0.503 0.0744485 0.0107985 
600.11 49.9991 14.1429 0 1 700 1 1.39979 0.503 -0.0897039 0.0529687 
600.11 50.0044 14.1427 0 1 700 1 1.39979 0.503 0.0428613 -0.00391668 
600.11 50.0037 14.1427 0 1 700 1 1.39979 0.503 0.026139 0.00548089 
600.11 50.0031 14.1427 0 1 700 1 1.39979 0.503 0.0148778 -0.113227 
600.11 50.0055 14.1426 0 1 700 1 1.39979 0.503 0.0664005 -0.0970182 
600.11 50.0021 14.1428 0 1 700 1 1.39979 0.503 -0.0106602 -0.00868362 
600.11 50.0027 14.1427 0 1 700 1 1.39979 0.503 0.00249845 -0.00748231 
600.11 50.0011 14.1428 0 1 700 1 1.39979 0.503 -0.0372793 0.0502554 
600.11 50.0078 14.1425 0 1 700 1 1.39979 0.503 0.109376 -0.0712801 
600.11 50.0019 14.1428 0 1 700 1 1.39979 0.503 -0.0158368 -0.147674 
600.11 50.0041 14.1427 0 1 700 1 1.39979 0.503 0.0368341 -0.0580472 
600.11 50.0083 14.1425 0 1 700 1 1.39979 0.503 0.117268 -0.0240339 
600.11 50.0017 14.1428 0 1 700 1 1.39979 0.503 -0.0226842 0.0228217 
600.11 50.0033 14.1427 0 1 700 1 1.39979 0.503 0.0184905 0.100375 
600.11 50.0062 14.1426 0 1 700 1 1.39979 0.503 0.0797347 0.0942456 
600.11 50.0021 14.1428 0 1 700 1 1.39979 0.503 -0.0104898 0.0683337 
600.11 50.0015 14.1428 0 1 700 1 1.39979 0.503 -0.0265572 0.0818119 
600.11 50.0058 14.1426 0 1 700 1 1.39979 0.503 0.0711536 0.0121855 
600.11 50.0066 14.1426 0 1 700 1 1.39979 0.503 0.0871951 -0.0465825 
600.11 49.9955 14.143 0 1 700 1 1.39979 0.503 -0.179492 -0.0623047 
600.11 50.0009 14.1428 0 1 700 1 1.39979 0.503 -0.0436141 0.00768072 
600.11 50.001 14.1428 0 1 700 1 1.39979 0.503 -0.0396784 0.035886 
600.11 49.9996 14.1429 0 1 700 1 1.39979 0.503 -0.0763623 -0.0168096 
600.11 49.9976 14.143 0 1 700 1 1.39979 0.503 -0.129173 -0.0195278 
600.11 49.9984 14.1429 0 1 700 1 1.39979 0.503 -0.109841 0.00190075 
600.11 49.9986 14.1429 0 1 700 1 1.39979 0.503 -0.103834 0.0343581 
600.11 49.9973 14.143 0 1 700 1 1.39979 0.503 -0.137796 -0.102522 
600.11 50.0061 14.1426 0 1 700 1 1.39979 0.503 0.0770761 0.0156179 
600.11 50.01 14.1425 0 1 700 1 1.39979 0.503 0.14314 0.0192283 
600.11 49.9995 14.1429 0 1 700 1 1.39979 0.503 -0.0802976 0.02382 
600.11 49.9998 14.1429 0 1 700 1 1.39979 0.503 -0.0702143 0.0257373 
600.11 50.0063 14.1426 0 1 700 1 1.39979 0.503 0.0816683 -0.0727046 
600.11 50.0056 14.1426 0 1 700 1 1.39979 0.503 0.0681332 0.0820067 
600.11 50.0039 14.1427 0 1 700 1 1.39979 0.503 0.0308927 0.00986456 
600.11 50.0034 14.1427 0 1 700 1 1.39979 0.503 0.0204445 -0.0768374 
600.11 50.0029 14.1427 0 1 700 1 1.39979 0.503 0.00914044 0.00586951 
600.11 49.9995 14.1429 0 1 700 1 1.39979 0.503 -0.0795159 -0.045235 
600.11 50.0006 14.1428 0 1 700 1 1.39979 0.503 -0.0509731 -0.00835912 
600.11 50.0034 14.1427 0 1 700 1 1.39979 0.503 0.0212335 -0.0452023 
600.11 49.9985 14.1429 0 1 700 1 1.39979 0.503 -0.105702 0.0145321 
600.11 50.001 14.1428 0 1 700 1 1.39979 0.503 -0.0397013 -0.0242043 
600.11 50.0016 14.1428 0 1 700 1 1.39979 0.503 -0.0239017 -0.00198095 
600.11 49.999 14.1429 0 1 700 1 1.39979 0.503 -0.0924287 -0.0926836 
600.11 49.9997 14.1429 0 1 700 1 1.39979 0.503 -0.0737403 0.0438886 
600.11 50.0007 14.1428 0 1 700 1 1.39979 0.503 -0.0484936 -0.0468271 
600.11 50.0047 14.1427 0 1 700 1 1.39979 0.503 0.0503283 -0.0873822 
600.11 50.01 14.1425 0 1 700 1 1.39979 0.503 0.144629 -0.101041 
600.11 50.0037 14.1427 0 1 700 1 1.39979 0.503 0.026311 -0.00404866 
600.11 50.0058 14.1426 0 1 700 1 1.39979 0.503 0.0704801 1.84126e-05 
600.11 50.0009 14.1428 0 1 700 1 1.39979 0.503 -0.0424476 0.083657 
600.11 50.0018 14.1428 0 1 700 1 1.39979 0.503 -0.0198562 -0.0677364 
600.11 50.001 14.1428 0 1 700 1 1.39979 0.503 -0.0386371 -0.0539532 
600.11 50.0033 14.1427 0 1 700 1 1.39979 0.503 0.0186556 -0.0236681 
600.11 50.0023 14.1428 0 1 700 1 1.39979 0.503 -0.00580435 0.0561875 
600.11 50.0057 14.1426 0 1 700 1 1.39979 0.503 0.0691609 0.00389572 
600.11 50.0072 14.1426 0 1 700 1 1.39979 0.503 0.0972666 -0.0110764 
600.11 50.002 14.1428 0 1 700 1 1.39979 0.503 -0.0148077 -0.0469775 
600.11 50.0048 14.1427 0 1 700 1 1.39979 0.503 0.0513557 -0.0192226 
600.11 50.003 14.1427 0 1 700 1 1.39979 0.503 0.0111368 0.0138166 
600.11 49.9995 14.1429 0 1 700 1 1.39979 0.503 -0.0809294 -0.153415 
600.11 50.0055 14.1426 0 1 700 1 1.39979 0.503 0.0656078 -0.0324227 
600.11 50.0027 14.1427 0 1 700 1 1.39979 0.503 0.00339036 0.0816076 
600.11 50.0036 14.1427 0 1 700 1 1.39979 0.503 0.0244427 0.00529436 
600.11 50.0008 14.1428 0 1 700 1 1.39979 0.503 -0.0463545 -8.86417e-05 
600.11 50.0024 14.1428 0 1 700 1 1.39979 0.503 -0.00261873 -0.0707889 
600.11 50.0008 14.1428 0 1 700 1 1.39979 0.503 -0.045208 -0.0228418 
600.11 50.0084 14.1425 0 1 700 1 1.39979 0.503 0.117831 0.0286658 
600.11 50.0016 14.1428 0 1 700 1 1.39979 0.503 -0.0251603 0.0275705 
600.11 50.0012 14.1428 0 1 700 1 1.39979 0.503 -0.0354483 -0.0444985 
600.11 50.0011 14.1428 0 1 700 1 1.39979 0.503 -0.0363285 0.0810161 
600.11 50.0033 14.1427 0 1 700 1 1.39979 0.503 0.0173247 0.077991 
600.11 50.0063 14.1426 0 1 700 1 1.39979 0.503 0.0818793 0.0426929 
600.11 50.0034 14.1427 0 1 700 1 1.39979 0.503 0.020201 0.0476653 
600.11 50.0068 14.1426 0 1 700 1 1.39979 0.503 0.0924456 -0.0872989 
600.11 50.0031 14.1427 0 1 700 1 1.39979 0.503 0.0125006 0.0096749 
600.11 50.0006 14.1428 0 1 700 1 1.39979 0.503 -0.0503305 -0.105967 
600.11 50.0024 14.1428 0 1 700 1 1.39979 0.503 -0.00310215 0.034973 
600.11 50.0107 14.1424 0 1 700 1 1.39979 0.503 0.152613 0.045173 
600.11 50.0061 14.1426 0 1 700 1 1.39979 0.503 0.0763326 0.0211253 
600.11 50.001 14.1428 0 1 700 1 1.39979 0.503 -0.04024 -0.132025 
600.11 50.0049 14.1427 0 1 700 1 1.39979 0.503 0.0552262 0.0941223 
600.11 50.0019 14.1428 0 1 700 1 1.39979 0.503 -0.0168306 0.013483 
600.11 50.0014 14.1428 0 1 700 1 1.39979 0.503 -0.028326 0.071944 
600.11 50.0003 14.1428 0 1 700 1 1.39979 0.503 -0.0592979 -0.0889352 
600.11 49.9996 14.1429 0 1 700 1 1.39979 0.503 -0.0765781 0.0263074 
600.11 50.0054 14.1426 0 1 700 1 1.39979 0.503 0.0642362 -0.085994 
600.11 50.005 14.1427 0 1 700 1 1.39979 0.503 0.0546815 0.00806324 
600.11 50.0018 14.1428 0 1 700 1 1.39979 0.503 -0.0191125 0.129135 
600.11 50.0012 14.1428 0 1 700 1 1.39979 0.503 -0.0332713 -0.092724 
600.11 50.0018 14.1428 0 1 700 1 1.39979 0.503 -0.0196427 0.013755 
600.11 50.0008 14.1428 0 1 700 1 1.39979 0.503 -0.0441284 -0.00997103 
600.11 50.004 14.1427 0 1 700 1 1.39979 0.503 0.0333963 -0.0431539 
600.11 50.0136 14.1423 0 1 700 1 1.39979 0.503 0.190985 0.0755272 
600.11 50.0018 14.1428 0 1 700 1 1.39979 0.503 -0.0182033 0.0280262 
600.11 49.9992 14.1429 0 1 700 1 1.39979 0.503 -0.0866847 0.0110404 
600.11 50.0006 14.1428 0 1 700 1 1.39979 0.503 -0.0505798 0.0450683 
600.11 50.0007 14.1428 0 1 700 1 1.39979 0.503 -0.0470817 0.0887702 
600.11 50.0016 14.1428 0 1 700 1 1.39979 0.503 -0.0234698 0.0407103 
600.11 50.0039 14.1427 0 1 700 1 1.39979 0.503 0.0314034 -0.0571281 
600.11 50.0032 14.1427 0 1 700 1 1.39979 0.503 0.0139203 -0.0193327 
600.11 50.0071 14.1426 0 1 700 1 1.39979 0.503 0.0961361 -0.0945209 
600.11 50.0112 14.1424 0 1 700 1 1.39979 0.503 0.15923 0.00619897 
600.11 50.0021 14.1428 0 1 700 1 1.39979 0.503 -0.0118442 -0.0347276 
600.11 50.0015 14.1428 0 1 700 1 1.39979 0.503 -0.0261998 0.0429584 
600.11 50.0007 14.1428 0 1 700 1 1.39979 0.503 -0.0489483 -0.0233166 
600.11 50.0047 14.1427 0 1 700 1 1.39979 0.503 0.0498073 0.0949817 
600.11 50.0067 14.1426 0 1 700 1 1.39979 0.503 0.0899304 -0.0825987 
600.11 50.002 14.1428 0 1 700 1 1.39979 0.503 -0.0148164 -0.0116566 
600.11 49.9984 14.1429 0 1 700 1 1.39979 0.503 -0.109027 0.0281645 
600.11 50.0023 14.1428 0 1 700 1 1.39979 0.503 -0.00626014 0.0239891 
600.11 50.0082 14.1425 0 1 700 1 1.39979 0.503 0.115297 0.000947024 
600.11 50.0002 14.1429 0 1 700 1 1.39979 0.503 -0.0620013 -0.0548175 
600.11 50.003 14.1427 0 1 700 1 1.39979 0.503 0.0105095 0.0905283 
600.11 50.0018 14.1428 0 1 700 1 1.39979 0.503 -0.0203675 -0.0301878 
600.11 50.0042 14.1427 0 1 700 1 1.39979 0.503 0.0379759 -0.0944299 
600.11 49.9993 14.1429 0 1 700 1 1.39979 0.503 -0.0862767 0.115018 
600.11 50.0015 14.1428 0 1 700 1 1.39979 0.503 -0.026108 -0.0249927 
600.11 50.0075 14.1426 0 1 700 1 1.39979 0.503 0.103476 0.105339 
600.11 50.0017 14.1428 0 1 700 1 1.39979 0.503 -0.0203502 0.0567868 
600.11 50.0042 14.1427 0 1 700 1 1.39979 0.503 0.0379866 0.0884119 
600.11 50.0015 14.1428 0 1 700 1 1.39979 0.503 -0.0274463 -0.000785209 
600.11 50.0018 14.1428 0 1 700 1 1.39979 0.503 -0.0192921 -0.0231251 
600.11 50.0008 14.1428 0 1 700 1 1.39979 0.503 -0.0440873 0.0378089 
600.11 49.9995 14.1429 0 1 700 1 1.39979 0.503 -0.0788164 -0.0770436 
600.11 50.0021 14.1428 0 1 700 1 1.39979 0.503 -0.0110199 0.0602662 
600.11 50.0023 14.1428 0 1 700 1 1.39979 0.503 -0.00742684 -0.0329938 
600.11 50.0003 14.1428 0 1 700 1 1.39979 0.503 -0.0583982 -0.00581056 
600.11 50.0074 14.1426 0 1 700 1 1.39979 0.503 0.103564 0.118587 
600.11 50.0035 14.1427 0 1 700 1 1.39979 0.503 0.022588 -0.0814508 
600.11 50.004 14.1427 0 1 700 1 1.39979 0.503 0.0344801 -0.0341762 
600.11 50.0032 14.1427 0 1 700 1 1.39979 0.503 0.0164699 -0.042949 
600.11 50.0041 14.1427 0 1 700 1 1.39979 0.503 0.0354232 -0.0163322 
600.11 50.0027 14.1427 0 1 700 1 1.39979 0.503 0.00408668 -0.0897652 
600.11 49.9979 14.1429 0 1 700 1 1.39979 0.503 -0.121788 -0.0252354 
600.11 49.999 14.1429 0 1 700 1 1.39979 0.503 -0.0922525 0.135945 
600.11 50.0039 14.1427 0 1 700 1 1.39979 0.503 0.031166 -0.104251 
600.11 50.0017 14.1428 0 1 700 1 1.39979 0.503 -0.020358 0.020773 
600.11 50.0009 14.1428 0 1 700 1 1.39979 0.503 -0.0416617 -0.0449719 
600.11 49.9978 14.1429 0 1 700 1 1.39979 0.503 -0.124807 -0.0737511 
600.11 50.0016 14.1428 0 1 700 1 1.39979 0.503 -0.02375 -0.0499872 
600.11 50.0059 14.1426 0 1 700 1 1.39979 0.503 0.0744262 -0.0466453 
600.11 50.0032 14.1427 0 1 700 1 1.39979 0.503 0.0158682 -0.0264602 
600.11 50.0063 14.1426 0 1 700 1 1.39979 0.503 0.0808588 0.0378816 
600.11 50.0051 14.1427 0 1 700 1 1.39979 0.503 0.0572093 0.013733 
600.11 50.0014 14.1428 0 1 700 1 1.39979 0.503 -0.030129 -0.0432499 
600.11 50.0054 14.1426 0 1 700 1 1.39979 0.503 0.0639511 0.0750979 
600.11 50.005 14.1427 0 1 700 1 1.39979 0.503 0.0564157 -0.0150638 
600.11 49.9999 14.1429 0 1 700 1 1.39979 0.503 -0.0702804 0.0623988 
600.11 50.0045 14.1427 0 1 700 1 1.39979 0.503 0.0450797 0.0637727 
600.11 50.0047 14.1427 0 1 700 1 1.39979 0.503 0.0483671 0.0335424 
600.11 50.0048 14.1427 0 1 700 1 1.39979 0.503 0.0517968 -0.000503263 
600.11 50.0039 14.1427 0 1 700 1 1.39979 0.503 0.0324559 0.111993 
600.11 50.01 14.1425 0 1 700 1 1.39979 0.503 0.143102 0.00923908 
600.11 50.0038 14.1427 0 1 700 1 1.39979 0.503 0.0298315 0.034908 
600.11 50.0048 14.1427 0 1 700 1 1.39979 0.503 0.0517532 0.0479108 
600.11 50.0022 14.1428 0 1 700 1 1.39979 0.503 -0.00854067 -0.0791899 
600.11 50.0004 14.1428 0 1 700 1 1.39979 0.503 -0.0552028 -0.0387405 
600.11 50.0022 14.1428 0 1 700 1 1.39979 0.503 -0.00963808 0.103964 
600.11 50.0036 14.1427 0 1 700 1 1.39979 0.503 0.0245871 0.0244459 
600.11 50.0099 14.1425 0 1 700 1 1.39979 0.503 0.141919 -0.0749207 
600.11 49.9973 14.143 0 1 700 1 1.39979 0.503 -0.13714 0.117607 
600.11 50.0017 14.1428 0 1 700 1 1.39979 0.503 -0.021188 0.0449563 
600.11 49.9981 14.1429 0 1 700 1 1.39979 0.503 -0.116464 -0.00416825 
600.11 50.0004 14.1428 0 1 700 1 1.39979 0.503 -0.0545895 0.0635362 
600.11 50.0078 14.1425 0 1 700 1 1.39979 0.503 0.108481 -0.0228409 
600.11 49.9996 14.1429 0 1 700 1 1.39979 0.503 -0.0771603 -0.15973 
600.11 50.0061 14.1426 0 1 700 1 1.39979 0.503 0.0776727 -0.00229343 
600.11 50.0062 14.1426 0 1 700 1 1.39979 0.503 0.0780656 0.00265221 
600.11 49.9989 14.1429 0 1 700 1 1.39979 0.503 -0.0946759 0.0656655 
600.11 50.0028 14.1427 0 1 700 1 1.39979 0.503 0.00517938 0.0157446 
600.11 50.0018 14.1428 0 1 700 1 1.39979 0.503 -0.019649 -0.0343482 
600.11 50.0023 14.1428 0 1 700 1 1.39979 0.503 -0.00686247 0.011895 
600.11 50.0064 14.1426 0 1 700 1 1.39979 0.503 0.0831114 0.0226528 
600.11 50.0001 14.1429 0 1 700 1 1.39979 0.503 -0.0639137 -0.0433442 
600.11 50.0027 14.1427 0 1 700 1 1.39979 0.503 0.00408268 -0.0771834 
600.11 50.0052 14.1426 0 1 700 1 1.39979 0.503 0.0594312 -0.040562 
600.11 50.0011 14.1428 0 1 700 1 1.39979 0.503 -0.0364829 0.00358305 
600.11 49.9981 14.1429 0 1 700 1 1.39979 0.503 -0.117143 0.0357388 
600.11 50.0062 14.1426 0 1 700 1 1.39979 0.503 0.0789703 -0.0527961 
600.11 50.0015 14.1428 0 1 700 1 1.39979 0.503 -0.0270875 0.0266972 
600.11 50.0041 14.1427 0 1 700 1 1.39979 0.503 0.0348976 0.00499441 
600.11 50.0059 14.1426 0 1 700 1 1.39979 0.503 0.0739668 -0.109439 
600.11 50.0034 14.1427 0 1 700 1 1.39979 0.503 0.0187838 0.00499005 
600.11 50.0095 14.1425 0 1 700 1 1.39979 0.503 0.136157 -0.0229102 
600.11 50.0053 14.1426 0 1 700 1 1.39979 0.503 0.0618518 0.038425 
600.11 50.0011 14.1428 0 1 700 1 1.39979 0.503 -0.0366296 0.0389126 
600.11 50.0017 14.1428 0 1 700 1 1.39979 0.503 -0.0230111 -0.0393666 
600.11 50.0093 14.1425 0 1 700 1 1.39979 0.503 0.133415 -0.0858143 
600.11 50.0052 14.1426 0 1 700 1 1.39979 0.503 0.0586015 -0.00282992 
600.11 50.002 14.1428 0 1 700 1 1.39979 0.503 -0.0147635 -0.0130528 
600.11 50.0019 14.1428 0 1 700 1 1.39979 0.503 -0.0157903 -0.0576864 
600.11 50.0048 14.1427 0 1 700 1 1.39979 0.503 0.0519201 -0.0264939 
600.11 50.0056 14.1426 0 1 700 1 1.39979 0.503 0.0674974 -0.0692553 
600.11 50.0064 14.1426 0 1 700 1 1.39979 0.503 0.0829853 0.0515461 
600.11 50.0109 14.1424 0 1 700 1 1.39979 0.503 0.155914 -0.0625405 
600.11 50.0101 14.1424 0 1 700 1 1.39979 0.503 0.144163 -0.0338647 
600.11 50.0019 14.1428 0 1 700 1 1.39979 0.503 -0.0164146 -0.0578823 
600.11 50.002 14.1428 0 1 700 1 1.39979 0.503 -0.0140609 -0.00754577 
600.11 50.0069 14.1426 0 1 700 1 1.39979 0.503 0.0929674 0.070667 
600.11 50.0027 14.1427 0 1 700 1 1.39979 0.503 0.00253215 -0.0145468 
600.11 50.0001 14.1429 0 1 700 1 1.39979 0.503 -0.0637587 -0.00722506 
600.11 50.0073 14.1426 0 1 700 1 1.39979 0.503 0.100975 -0.0818803 
600.11 50.009 14.1425 0 1 700 1 1.39979 0.503 0.127714 0.000836506 
600.11 50.0107 14.1424 0 1 700 1 1.39979 0.503 0.153713 0.0403203 
600.11 50.001 14.1428 0 1 700 1 1.39979 0.503 -0.040301 0.0143573 
600.11 50.0016 14.1428 0 1 700 1 1.39979 0.503 -0.0241983 0.0189556 
600.11 50.009 14.1425 0 1 700 1 1.39979 0.503 0.127221 -0.0241982 
600.11 50.0059 14.1426 0 1 700 1 1.39979 0.503 0.0754473 -0.152078 
600.11 50.0031 14.1427 0 1 700 1 1.39979 0.503 0.0120888 -0.0140657 
600.11 50.0003 14.1428 0 1 700 1 1.39979 0.503 -0.0583626 0.0602417 
600.11 50.0015 14.1428 0 1 700 1 1.39979 0.503 -0.0266497 0.0368681 
600.11 49.9975 14.143 0 1 700 1 1.39979 0.503 -0.132545 -0.048623 
600.11 50.0019 14.1428 0 1 700 1 1.39979 0.503 -0.0154595 0.0313173 
600.11 49.9977 14.1429 0 1 700 1 1.39979 0.503 -0.126833 -0.0492763 
600.11 49.9985 14.1429 0 1 700 1 1.39979 0.503 -0.107644 0.13385 
600.11 50.0046 14.1427 0 1 700 1 1.39979 0.503 0.0472595 -0.0105889 
600.11 49.9981 14.1429 0 1 700 1 1.39979 0.503 -0.116786 -0.00800237 
600.11 50.0081 14.1425 0 1 700 1 1.39979 0.503 0.112185 0.00379666 
600.11 50.0039 14.1427 0 1 700 1 1.39979 0.503 0.031658 -0.0267812 
600.11 50.0006 14.1428 0 1 700 1 1.39979 0.503 -0.0491314 -0.15336 
600.11 49.9997 14.1429 0 1 700 1 1.39979 0.503 -0.0735458 -0.00251399 
600.11 49.9996 14.1429 0 1 700 1 1.39979 0.503 -0.0772209 -0.127435 
600.11 50.0176 14.1421 0 1 700 1 1.39979 0.503 0.231327 0.022168 
600.11 50.0044 14.1427 0 1 700 1 1.39979 0.503 0.0430513 0.0144398 
600.11 49.9996 14.1429 0 1 700 1 1.39979 0.503 -0.0779893 -0.0124288 
600.11 50.0013 14.1428 0 1 700 1 1.39979 0.503 -0.0329638 -0.0166092 
600.11 50.0015 14.1428 0 1 700 1 1.39979 0.503 -0.0271649 -0.0710083 
600.11 50.0054 14.1426 0 1 700 1 1.39979 0.503 0.064687 0.0330284 
600.11 50.0008 14.1428 0 1 700 1 1.39979 0.503 -0.0439275 0.0144396 
600.11 50.0022 14.1428 0 1 700 1 1.39979 0.503 -0.00843778 0.034174 
600.11 50.0073 14.1426 0 1 700 1 1.39979 0.503 0.0994219 -0.0398743 
