600.11 50.0022 14.1428 117.856 -1 -700 0.2 0.0546624 0.503 -0.00949816 0.0784499 
600.11 50.0003 14.1428 117.857 -1 -700 0.2 0.0546624 0.503 -0.0576261 0.0441215 
600.11 50.0047 14.1427 117.856 -1 -700 0.2 0.0546624 0.503 0.0490693 0.0449344 
600.11 50.0001 14.1429 117.857 -1 -700 0.2 0.0546624 0.503 -0.0628416 0.0476006 
600.11 50.0005 14.1428 117.857 -1 -700 0.2 0.0546624 0.503 -0.0516497 0.0305124 
600.11 49.9993 14.1429 117.857 -1 -700 0.2 0.0546624 0.503 -0.0858743 -0.000998718 
600.11 49.9985 14.1429 117.858 -1 -700 0.2 0.0546624 0.503 -0.105249 0.0120455 
600.11 50.0014 14.1428 117.857 -1 -700 0.2 0.0546624 0.503 -0.0286068 -0.159409 
600.11 50.0045 14.1427 117.856 -1 -700 0.2 0.0546624 0.503 0.0452756 -0.0404665 
600.11 49.9993 14.1429 117.857 -1 -700 0.2 0.0546624 0.503 -0.0844414 -0.0282629 
600.11 50.004 14.1427 117.856 -1 -700 0.2 0.0546624 0.503 0.0342259 0.0488892 
600.11 49.9971 14.143 117.858 -1 -700 0.2 0.0546624 0.503 -0.141654 -0.000949398 
600.11 49.9982 14.1429 117.858 -1 -700 0.2 0.0546624 0.503 -0.113815 0.0245504 
600.11 50.0054 14.1426 117.855 -1 -700 0.2 0.0546624 0.503 0.0635282 -0.0273614 
600.11 50.0074 14.1426 117.855 -1 -700 0.2 0.0546624 0.503 0.101876 0.0969815 
600.11 50.003 14.1427 117.856 -1 -700 0.2 0.0546624 0.503 0.0115188 0.160772 
600.11 50.0005 14.1428 117.857 -1 -700 0.2 0.0546624 0.503 -0.0533943 0.101834 
600.11 50.0025 14.1428 117.856 -1 -700 0.2 0.0546624 0.503 -0.00156054 -0.0207128 
600.11 49.9985 14.1429 117.858 -1 -700 0.2 0.0546624 0.503 -0.106275 -0.0198688 
600.11 50.0055 14.1426 117.855 -1 -700 0.2 0.0546624 0.503 0.0648672 0.00142072 
600.11 50.0021 14.1428 117.856 -1 -700 0.2 0.0546624 0.503 -0.0117806 -0.0647641 
600.11 50.0051 14.1427 117.855 -1 -700 0.2 0.0546624 0.503 0.0582631 -0.0487313 
600.11 50.0052 14.1426 117.855 -1 -700 0.2 0.0546624 0.503 0.0601915 -0.0890982 
600.11 50.0069 14.1426 117.855 -1 -700 0.2 0.0546624 0.503 0.0922974 -0.00672178 
600.11 50.0003 14.1428 117.857 -1 -700 0.2 0.0546624 0.503 -0.0575319 0.0889601 
600.11 50.0004 14.1428 117.857 -1 -700 0.2 0.0546624 0.503 -0.0551612 -0.0250954 
600.11 50.0031 14.1427 117.856 -1 -700 0.2 0.0546624 0.503 0.0135109 0.024711 
600.11 50.0009 14.1428 117.857 -1 -700 0.2 0.0546624 0.503 -0.0410979 -0.0137143 
600.11 50.0018 14.1428 117.857 -1 -700 0.2 0.0546624 0.503 -0.018267 0.0296712 
600.11 50.0004 14.1428 117.857 -1 -700 0.2 0.0546624 0.503 -0.0548412 -0.00690137 
600.11 49.9974 14.143 117.858 -1 -700 0.2 0.0546624 0.503 -0.135472 -0.010849 
600.11 50.0006 14.1428 117.857 -1 -700 0.2 0.0546624 0.503 -0.0497796 -0.0148653 
600.11 50.0024 14.1428 117.856 -1 -700 0.2 0.0546624 0.503 -0.00309167 0.01395 
600.11 50.0062 14.1426 117.855 -1 -700 0.2 0.0546624 0.503 0.0799451 0.099163 
600.11 50.0025 14.1428 117.856 -1 -700 0.2 0.0546624 0.503 -0.00183036 0.0920765 
600.11 50.006 14.1426 117.855 -1 -700 0.2 0.0546624 0.503 0.0776861 0.166134 
600.11 50.005 14.1427 117.856 -1 -700 0.2 0.0546624 0.503 0.0562987 -0.00293939 
600.11 50.0033 14.1427 117.856 -1 -700 0.2 0.0546624 0.503 0.0170401 -0.0447173 
600.11 50.0079 14.1425 117.855 -1 -700 0.2 0.0546624 0.503 0.110348 0.0420113 
600.11 50.0008 14.1428 117.857 -1 -700 0.2 0.0546624 0.503 -0.0459133 -0.0256477 
600.11 50.0015 14.1428 117.857 -1 -700 0.2 0.0546624 0.503 -0.0271415 -0.00132229 
600.11 50.0039 14.1427 117.856 -1 -700 0.2 0.0546624 0.503 0.0325979 -0.0691384 
600.11 50.0023 14.1428 117.856 -1 -700 0.2 0.0546624 0.503 -0.0061729 -0.0888213 
600.11 50.0078 14.1425 117.854 -1 -700 0.2 0.0546624 0.503 0.107034 0.00364566 
600.11 50.0021 14.1428 117.856 -1 -700 0.2 0.0546624 0.503 -0.0127057 0.0499688 
600.11 50.0022 14.1428 117.856 -1 -700 0.2 0.0546624 0.503 -0.00769635 0.121399 
600.11 50.001 14.1428 117.857 -1 -700 0.2 0.0546624 0.503 -0.0402302 -0.0964971 
600.11 50.0011 14.1428 117.857 -1 -700 0.2 0.0546624 0.503 -0.0386053 -0.0446723 
600.11 50.0066 14.1426 117.855 -1 -700 0.2 0.0546624 0.503 0.087909 -0.040945 
600.11 50.0022 14.1428 117.856 -1 -700 0.2 0.0546624 0.503 -0.00853709 -0.0210821 
600.11 50.0031 14.1427 117.856 -1 -700 0.2 0.0546624 0.503 0.0123562 -0.10154 
600.11 50.0021 14.1428 117.857 -1 -700 0.2 0.0546624 0.503 -0.0125453 0.0537389 
600.11 49.9999 14.1429 117.857 -1 -700 0.2 0.0546624 0.503 -0.0682678 0.0262316 
600.11 50.0032 14.1427 117.856 -1 -700 0.2 0.0546624 0.503 0.015904 -0.108797 
600.11 50.0022 14.1428 117.856 -1 -700 0.2 0.0546624 0.503 -0.00968082 0.0369768 
600.11 50.0038 14.1427 117.856 -1 -700 0.2 0.0546624 0.503 0.0280072 -0.0080137 
600.11 50.0049 14.1427 117.855 -1 -700 0.2 0.0546624 0.503 0.0539339 0.00797071 
600.11 50.0033 14.1427 117.856 -1 -700 0.2 0.0546624 0.503 0.0167466 -0.0541879 
600.11 50.0069 14.1426 117.855 -1 -700 0.2 0.0546624 0.503 0.0919957 0.0271891 
600.11 50.0045 14.1427 117.856 -1 -700 0.2 0.0546624 0.503 0.0461739 -0.087296 
600.11 50.0037 14.1427 117.856 -1 -700 0.2 0.0546624 0.503 0.0284954 -0.105515 
600.11 50.0041 14.1427 117.856 -1 -700 0.2 0.0546624 0.503 0.0356388 0.00401385 
600.11 50.0009 14.1428 117.857 -1 -700 0.2 0.0546624 0.503 -0.0432846 -0.0492804 
600.11 50.0139 14.1423 117.852 -1 -700 0.2 0.0546624 0.503 0.193733 0.0471928 
600.11 49.9992 14.1429 117.857 -1 -700 0.2 0.0546624 0.503 -0.0882499 -0.0284989 
600.11 50.0043 14.1427 117.856 -1 -700 0.2 0.0546624 0.503 0.0402176 0.0735486 
600.11 50.0045 14.1427 117.856 -1 -700 0.2 0.0546624 0.503 0.04543 0.0994529 
600.11 50.0002 14.1428 117.857 -1 -700 0.2 0.0546624 0.503 -0.061146 0.0958392 
600.11 50.0048 14.1427 117.856 -1 -700 0.2 0.0546624 0.503 0.0515557 -0.0256131 
600.11 50.0044 14.1427 117.856 -1 -700 0.2 0.0546624 0.503 0.0421464 -0.0582773 
600.11 50.0035 14.1427 117.856 -1 -700 0.2 0.0546624 0.503 0.0214722 -0.0510423 
600.11 49.998 14.1429 117.858 -1 -700 0.2 0.0546624 0.503 -0.118656 0.0583088 
600.11 50.0039 14.1427 117.856 -1 -700 0.2 0.0546624 0.503 0.0324922 0.0112715 
600.11 49.998 14.1429 117.858 -1 -700 0.2 0.0546624 0.503 -0.119863 0.00303041 
600.11 50.0131 14.1423 117.853 -1 -700 0.2 0.0546624 0.503 0.18394 0.025792 
600.11 50.0108 14.1424 117.854 -1 -700 0.2 0.0546624 0.503 0.155365 -0.085414 
600.11 50.0017 14.1428 117.857 -1 -700 0.2 0.0546624 0.503 -0.0228735 -0.0157946 
600.11 50.0075 14.1426 117.855 -1 -700 0.2 0.0546624 0.503 0.103899 -0.0404355 
600.11 50.0075 14.1426 117.855 -1 -700 0.2 0.0546624 0.503 0.104094 0.0824629 
600.11 49.9988 14.1429 117.858 -1 -700 0.2 0.0546624 0.503 -0.0980971 0.14562 
600.11 50 14.1429 117.857 -1 -700 0.2 0.0546624 0.503 -0.0654978 -0.0990466 
600.11 50.0026 14.1428 117.856 -1 -700 0.2 0.0546624 0.503 0.000257249 0.0305066 
600.11 50.0082 14.1425 117.854 -1 -700 0.2 0.0546624 0.503 0.115903 0.0589051 
600.11 50.0035 14.1427 117.856 -1 -700 0.2 0.0546624 0.503 0.022069 -0.0495757 
600.11 49.9988 14.1429 117.857 -1 -700 0.2 0.0546624 0.503 -0.0971054 -0.0774981 
600.11 50.0022 14.1428 117.857 -1 -700 0.2 0.0546624 0.503 -0.00861405 0.0660579 
600.11 50.0004 14.1428 117.857 -1 -700 0.2 0.0546624 0.503 -0.0550464 -0.0604471 
600.11 50.0071 14.1426 117.855 -1 -700 0.2 0.0546624 0.503 0.0960803 -0.047805 
600.11 50.0019 14.1428 117.856 -1 -700 0.2 0.0546624 0.503 -0.0155314 0.108473 
600.11 50.005 14.1427 117.855 -1 -700 0.2 0.0546624 0.503 0.0557583 0.0207035 
600.11 50.0025 14.1428 117.856 -1 -700 0.2 0.0546624 0.503 -0.00179558 0.0918471 
600.11 50.0046 14.1427 117.856 -1 -700 0.2 0.0546624 0.503 0.0466891 0.0534288 
600.11 50.0014 14.1428 117.857 -1 -700 0.2 0.0546624 0.503 -0.0286425 -0.00632372 
600.11 50.0002 14.1428 117.857 -1 -700 0.2 0.0546624 0.503 -0.0605723 0.12237 
600.11 50.0071 14.1426 117.855 -1 -700 0.2 0.0546624 0.503 0.0952314 -0.00744336 
600.11 50.0039 14.1427 117.856 -1 -700 0.2 0.0546624 0.503 0.0318222 -0.0051003 
600.11 50.0015 14.1428 117.857 -1 -700 0.2 0.0546624 0.503 -0.0266711 0.0655477 
600.11 50.0013 14.1428 117.857 -1 -700 0.2 0.0546624 0.503 -0.0321736 -0.0631411 
600.11 50.0016 14.1428 117.857 -1 -700 0.2 0.0546624 0.503 -0.0230801 0.040044 
600.11 50.0021 14.1428 117.856 -1 -700 0.2 0.0546624 0.503 -0.0112719 0.0137353 
600.11 49.9999 14.1429 117.857 -1 -700 0.2 0.0546624 0.503 -0.069084 0.0165882 
600.11 50.0026 14.1428 117.856 -1 -700 0.2 0.0546624 0.503 0.00213426 -0.057372 
600.11 50.0075 14.1426 117.855 -1 -700 0.2 0.0546624 0.503 0.103293 -0.013316 
600.11 50.0046 14.1427 117.856 -1 -700 0.2 0.0546624 0.503 0.0468535 -0.0344853 
600.11 50.0034 14.1427 117.856 -1 -700 0.2 0.0546624 0.503 0.0205103 -0.0193195 
600.11 50.0017 14.1428 117.857 -1 -700 0.2 0.0546624 0.503 -0.0200994 -0.0746839 
600.11 49.9995 14.1429 117.857 -1 -700 0.2 0.0546624 0.503 -0.0797638 -0.0982796 
600.11 50.0037 14.1427 117.856 -1 -700 0.2 0.0546624 0.503 0.0266466 0.0151148 
600.11 50.0013 14.1428 117.857 -1 -700 0.2 0.0546624 0.503 -0.0305612 -0.0354391 
600.11 50.0012 14.1428 117.857 -1 -700 0.2 0.0546624 0.503 -0.0334342 -0.0439613 
600.11 50.0023 14.1428 117.856 -1 -700 0.2 0.0546624 0.503 -0.00660892 -0.00406558 
600.11 50.001 14.1428 117.857 -1 -700 0.2 0.0546624 0.503 -0.0391563 0.0531339 
600.11 50.0038 14.1427 117.856 -1 -700 0.2 0.0546624 0.503 0.0284885 -0.0273129 
600.11 49.9951 14.1431 117.859 -1 -700 0.2 0.0546624 0.503 -0.188346 -0.00420266 
600.11 50.0048 14.1427 117.855 -1 -700 0.2 0.0546624 0.503 0.0516959 -0.0236798 
600.11 49.9993 14.1429 117.857 -1 -700 0.2 0.0546624 0.503 -0.0837 0.0242238 
600.11 50.0057 14.1426 117.855 -1 -700 0.2 0.0546624 0.503 0.0704401 -0.0654001 
600.11 50.0017 14.1428 117.857 -1 -700 0.2 0.0546624 0.503 -0.0216404 0.12738 
600.11 50 14.1429 117.857 -1 -700 0.2 0.0546624 0.503 -0.0671905 0.022707 
600.11 50.0043 14.1427 117.856 -1 -700 0.2 0.0546624 0.503 0.0406072 -0.0462307 
600.11 49.9997 14.1429 117.857 -1 -700 0.2 0.0546624 0.503 -0.0732252 0.0253151 
600.11 49.9972 14.143 117.858 -1 -700 0.2 0.0546624 0.503 -0.140409 -0.0459356 
600.11 50.0065 14.1426 117.855 -1 -700 0.2 0.0546624 0.503 0.0848803 -0.0669258 
600.11 50.0006 14.1428 117.857 -1 -700 0.2 0.0546624 0.503 -0.0515791 0.0821759 
600.11 50.0009 14.1428 117.857 -1 -700 0.2 0.0546624 0.503 -0.0426353 0.0224633 
600.11 50.0031 14.1427 117.856 -1 -700 0.2 0.0546624 0.503 0.0135915 -0.00907343 
600.11 49.9997 14.1429 117.857 -1 -700 0.2 0.0546624 0.503 -0.0734277 0.0587966 
600.11 50.0066 14.1426 117.855 -1 -700 0.2 0.0546624 0.503 0.0872836 -0.0993161 
600.11 49.9984 14.1429 117.858 -1 -700 0.2 0.0546624 0.503 -0.109233 0.168351 
600.11 50.0071 14.1426 117.855 -1 -700 0.2 0.0546624 0.503 0.0961568 0.0185686 
600.11 50.0051 14.1427 117.856 -1 -700 0.2 0.0546624 0.503 0.0567865 0.0466252 
600.11 50.0015 14.1428 117.857 -1 -700 0.2 0.0546624 0.503 -0.0259849 -0.0429078 
600.11 50.0037 14.1427 117.856 -1 -700 0.2 0.0546624 0.503 0.0260049 0.0378399 
600.11 50.0015 14.1428 117.857 -1 -700 0.2 0.0546624 0.503 -0.026311 0.0128152 
600.11 50.0019 14.1428 117.856 -1 -700 0.2 0.0546624 0.503 -0.017026 -0.041219 
600.11 50.0035 14.1427 117.856 -1 -700 0.2 0.0546624 0.503 0.0221863 0.0011116 
600.11 50.0068 14.1426 117.855 -1 -700 0.2 0.0546624 0.503 0.0911067 0.0952576 
600.11 50.0054 14.1426 117.855 -1 -700 0.2 0.0546624 0.503 0.0650415 -0.0783504 
600.11 49.9982 14.1429 117.858 -1 -700 0.2 0.0546624 0.503 -0.114765 -0.0240178 
600.11 50.0041 14.1427 117.856 -1 -700 0.2 0.0546624 0.503 0.0361615 -0.0388081 
600.11 49.9978 14.1429 117.858 -1 -700 0.2 0.0546624 0.503 -0.125158 -0.074706 
600.11 50.0005 14.1428 117.857 -1 -700 0.2 0.0546624 0.503 -0.0517173 0.00209301 
600.11 50.001 14.1428 117.857 -1 -700 0.2 0.0546624 0.503 -0.0398788 -0.0590542 
600.11 50.0033 14.1427 117.856 -1 -700 0.2 0.0546624 0.503 0.0183636 0.0556429 
600.11 50.0011 14.1428 117.857 -1 -700 0.2 0.0546624 0.503 -0.0375987 0.0747582 
600.11 50 14.1429 117.857 -1 -700 0.2 0.0546624 0.503 -0.0659147 0.0955712 
600.11 50.0034 14.1427 117.856 -1 -700 0.2 0.0546624 0.503 0.0200471 -0.0106071 
600.11 50.0025 14.1428 117.856 -1 -700 0.2 0.0546624 0.503 -0.000369552 -0.0647827 
600.11 50.0034 14.1427 117.856 -1 -700 0.2 0.0546624 0.503 0.0204144 -0.0575183 
600.11 50.0051 14.1427 117.856 -1 -700 0.2 0.0546624 0.503 0.0566912 0.0564705 
600.11 50.004 14.1427 117.856 -1 -700 0.2 0.0546624 0.503 0.0337163 -0.0704686 
600.11 50.0029 14.1427 117.856 -1 -700 0.2 0.0546624 0.503 0.00822725 0.0052264 
600.11 50.0035 14.1427 117.856 -1 -700 0.2 0.0546624 0.503 0.022744 -0.0337999 
600.11 50.0026 14.1428 117.856 -1 -700 0.2 0.0546624 0.503 0.00137098 -0.00472935 
600.11 50.0004 14.1428 117.857 -1 -700 0.2 0.0546624 0.503 -0.0552335 0.12801 
600.11 50.0058 14.1426 117.855 -1 -700 0.2 0.0546624 0.503 0.0734518 -0.114553 
600.11 50.0001 14.1429 117.857 -1 -700 0.2 0.0546624 0.503 -0.062632 0.0270981 
600.11 49.9956 14.143 117.859 -1 -700 0.2 0.0546624 0.503 -0.178523 0.0453907 
600.11 50.0042 14.1427 117.856 -1 -700 0.2 0.0546624 0.503 0.0386237 -0.0102394 
600.11 50.004 14.1427 117.856 -1 -700 0.2 0.0546624 0.503 0.0333811 0.0279576 
600.11 50.0015 14.1428 117.857 -1 -700 0.2 0.0546624 0.503 -0.0254247 0.0699997 
600.11 50.0014 14.1428 117.857 -1 -700 0.2 0.0546624 0.503 -0.0272478 0.14764 
600.11 50.0007 14.1428 117.857 -1 -700 0.2 0.0546624 0.503 -0.0474141 0.101032 
600.11 50.002 14.1428 117.856 -1 -700 0.2 0.0546624 0.503 -0.0155143 -0.00912717 
600.11 50.0015 14.1428 117.857 -1 -700 0.2 0.0546624 0.503 -0.0278672 0.00189232 
600.11 50.001 14.1428 117.857 -1 -700 0.2 0.0546624 0.503 -0.0388412 -0.0892767 
600.11 50.0055 14.1426 117.855 -1 -700 0.2 0.0546624 0.503 0.065966 -0.0737549 
600.11 49.9978 14.1429 117.858 -1 -700 0.2 0.0546624 0.503 -0.124716 0.024757 
600.11 50.004 14.1427 117.856 -1 -700 0.2 0.0546624 0.503 0.0349481 0.0984187 
600.11 50.0031 14.1427 117.856 -1 -700 0.2 0.0546624 0.503 0.0128017 -0.058519 
600.11 50.0039 14.1427 117.856 -1 -700 0.2 0.0546624 0.503 0.03243 -0.0576022 
600.11 50.0043 14.1427 117.856 -1 -700 0.2 0.0546624 0.503 0.0404275 0.0250264 
600.11 50.0022 14.1428 117.856 -1 -700 0.2 0.0546624 0.503 -0.00958385 -0.100473 
600.11 50.0005 14.1428 117.857 -1 -700 0.2 0.0546624 0.503 -0.0532882 -0.0866664 
600.11 50.0042 14.1427 117.856 -1 -700 0.2 0.0546624 0.503 0.038369 -0.0657519 
600.11 50.0098 14.1425 117.854 -1 -700 0.2 0.0546624 0.503 0.140356 0.0446313 
600.11 49.9992 14.1429 117.857 -1 -700 0.2 0.0546624 0.503 -0.0871612 -0.0110948 
600.11 49.9976 14.143 117.858 -1 -700 0.2 0.0546624 0.503 -0.129566 -0.00822696 
600.11 50.0035 14.1427 117.856 -1 -700 0.2 0.0546624 0.503 0.0235252 0.0589125 
600.11 50.0085 14.1425 117.854 -1 -700 0.2 0.0546624 0.503 0.120351 -0.00139313 
600.11 50.0025 14.1428 117.856 -1 -700 0.2 0.0546624 0.503 -0.00171343 -0.0396209 
600.11 50.0022 14.1428 117.856 -1 -700 0.2 0.0546624 0.503 -0.00930604 -0.0468636 
600.11 50.0023 14.1428 117.856 -1 -700 0.2 0.0546624 0.503 -0.00676062 0.0383821 
600.11 50.0061 14.1426 117.855 -1 -700 0.2 0.0546624 0.503 0.0777387 0.0552249 
600.11 50.0028 14.1427 117.856 -1 -700 0.2 0.0546624 0.503 0.00657602 0.072178 
600.11 50.0008 14.1428 117.857 -1 -700 0.2 0.0546624 0.503 -0.0448396 0.00664795 
600.11 50.0063 14.1426 117.855 -1 -700 0.2 0.0546624 0.503 0.0802808 -0.0212911 
600.11 49.9993 14.1429 117.857 -1 -700 0.2 0.0546624 0.503 -0.0843102 -0.00806057 
600.11 50.0054 14.1426 117.855 -1 -700 0.2 0.0546624 0.503 0.0637847 0.0245538 
600.11 50.0042 14.1427 117.856 -1 -700 0.2 0.0546624 0.503 0.0378699 0.0376874 
600.11 50.0009 14.1428 117.857 -1 -700 0.2 0.0546624 0.503 -0.0415995 -0.0182494 
600.11 49.9989 14.1429 117.857 -1 -700 0.2 0.0546624 0.503 -0.0945524 -0.0190358 
600.11 50.0037 14.1427 117.856 -1 -700 0.2 0.0546624 0.503 0.0278173 0.0989564 
600.11 50 14.1429 117.857 -1 -700 0.2 0.0546624 0.503 -0.0665612 -0.0332469 
600.11 50.0032 14.1427 117.856 -1 -700 0.2 0.0546624 0.503 0.0144793 0.078372 
600.11 50.0055 14.1426 117.855 -1 -700 0.2 0.0546624 0.503 0.0656694 -0.0438209 
600.11 50.0047 14.1427 117.856 -1 -700 0.2 0.0546624 0.503 0.0491517 0.0351261 
600.11 50.0045 14.1427 117.856 -1 -700 0.2 0.0546624 0.503 0.0446528 -0.00503243 
600.11 50.0058 14.1426 117.855 -1 -700 0.2 0.0546624 0.503 0.071665 -0.0556168 
600.11 49.9996 14.1429 117.857 -1 -700 0.2 0.0546624 0.503 -0.0771225 0.0185872 
600.11 50.0014 14.1428 117.857 -1 -700 0.2 0.0546624 0.503 -0.0282343 -0.0816121 
600.11 50.0009 14.1428 117.857 -1 -700 0.2 0.0546624 0.503 -0.0412699 -0.0641276 
600.11 50.0022 14.1428 117.856 -1 -700 0.2 0.0546624 0.503 -0.00908338 0.0716862 
600.11 50.003 14.1427 117.856 -1 -700 0.2 0.0546624 0.503 0.00991036 -0.0775202 
600.11 50.0037 14.1427 117.856 -1 -700 0.2 0.0546624 0.503 0.0270482 -0.0569295 
600.11 50.0028 14.1427 117.856 -1 -700 0.2 0.0546624 0.503 0.00674451 -0.00965413 
600.11 50.0041 14.1427 117.856 -1 -700 0.2 0.0546624 0.503 0.0355146 0.00602296 
600.11 50.0027 14.1427 117.856 -1 -700 0.2 0.0546624 0.503 0.00300661 0.0528182 
600.11 50.0025 14.1428 117.856 -1 -700 0.2 0.0546624 0.503 -0.00165252 -0.0205429 
600.11 50.0034 14.1427 117.856 -1 -700 0.2 0.0546624 0.503 0.01901 -0.0139433 
600.11 49.9977 14.143 117.858 -1 -700 0.2 0.0546624 0.503 -0.127554 0.108455 
600.11 50 14.1429 117.857 -1 -700 0.2 0.0546624 0.503 -0.065041 0.137309 
600.11 50.0036 14.1427 117.856 -1 -700 0.2 0.0546624 0.503 0.0249106 -0.00302132 
600.11 50.001 14.1428 117.857 -1 -700 0.2 0.0546624 0.503 -0.0396404 -0.128804 
600.11 49.9985 14.1429 117.858 -1 -700 0.2 0.0546624 0.503 -0.106002 0.0662691 
600.11 50.0018 14.1428 117.857 -1 -700 0.2 0.0546624 0.503 -0.0199421 0.00755689 
600.11 50.004 14.1427 117.856 -1 -700 0.2 0.0546624 0.503 0.032788 0.0380872 
600.11 50.0023 14.1428 117.856 -1 -700 0.2 0.0546624 0.503 -0.004367 0.13948 
600.11 49.9994 14.1429 117.857 -1 -700 0.2 0.0546624 0.503 -0.0821814 -0.07193 
600.11 50.0039 14.1427 117.856 -1 -700 0.2 0.0546624 0.503 0.0325706 -0.0623053 
600.11 50.001 14.1428 117.857 -1 -700 0.2 0.0546624 0.503 -0.040511 0.0146763 
600.11 50.0003 14.1428 117.857 -1 -700 0.2 0.0546624 0.503 -0.058063 -0.00316227 
600.11 50.0041 14.1427 117.856 -1 -700 0.2 0.0546624 0.503 0.0365933 0.0861214 
600.11 50.0004 14.1428 117.857 -1 -700 0.2 0.0546624 0.503 -0.0543023 -0.0631193 
600.11 50.0033 14.1427 117.856 -1 -700 0.2 0.0546624 0.503 0.0184099 -0.00976147 
600.11 50.0016 14.1428 117.857 -1 -700 0.2 0.0546624 0.503 -0.0234842 0.0109832 
600.11 50.0063 14.1426 117.855 -1 -700 0.2 0.0546624 0.503 0.0824048 -0.100325 
600.11 50.0022 14.1428 117.856 -1 -700 0.2 0.0546624 0.503 -0.00849609 -0.041865 
600.11 50.0057 14.1426 117.855 -1 -700 0.2 0.0546624 0.503 0.0694611 -0.0516548 
600.11 50.0043 14.1427 117.856 -1 -700 0.2 0.0546624 0.503 0.0412254 -0.0243279 
600.11 50.0023 14.1428 117.856 -1 -700 0.2 0.0546624 0.503 -0.00532594 -0.0933861 
600.11 50.0032 14.1427 117.856 -1 -700 0.2 0.0546624 0.503 0.0161904 0.018933 
600.11 50.0052 14.1426 117.855 -1 -700 0.2 0.0546624 0.503 0.0605843 -0.0448248 
600.11 50.001 14.1428 117.857 -1 -700 0.2 0.0546624 0.503 -0.0389527 0.0337471 
600.11 50.0062 14.1426 117.855 -1 -700 0.2 0.0546624 0.503 0.0794115 0.098277 
600.11 50.0007 14.1428 117.857 -1 -700 0.2 0.0546624 0.503 -0.0476513 -0.0419869 
600.11 50.0008 14.1428 117.857 -1 -700 0.2 0.0546624 0.503 -0.0444459 0.0618796 
600.11 50.0034 14.1427 117.856 -1 -700 0.2 0.0546624 0.503 0.0204744 -0.113943 
600.11 50.0039 14.1427 117.856 -1 -700 0.2 0.0546624 0.503 0.0315454 -0.0372957 
600.11 50 14.1429 117.857 -1 -700 0.2 0.0546624 0.503 -0.0655609 0.0409798 
600.11 50.0081 14.1425 117.854 -1 -700 0.2 0.0546624 0.503 0.112391 -0.0150827 
600.11 50.005 14.1427 117.856 -1 -700 0.2 0.0546624 0.503 0.0543092 -0.0199564 
600.11 50.0053 14.1426 117.855 -1 -700 0.2 0.0546624 0.503 0.0618854 0.00658883 
600.11 50.0038 14.1427 117.856 -1 -700 0.2 0.0546624 0.503 0.0304044 0.106446 
600.11 50.0042 14.1427 117.856 -1 -700 0.2 0.0546624 0.503 0.0381676 -0.0634686 
600.11 50.0044 14.1427 117.856 -1 -700 0.2 0.0546624 0.503 0.0436898 -0.0236891 
600.11 50.0018 14.1428 117.857 -1 -700 0.2 0.0546624 0.503 -0.0197763 -0.0708908 
600.11 50.0071 14.1426 117.855 -1 -700 0.2 0.0546624 0.503 0.0962332 -0.00131134 
600.11 50.003 14.1427 117.856 -1 -700 0.2 0.0546624 0.503 0.00979736 0.0166481 
600.11 50.0108 14.1424 117.854 -1 -700 0.2 0.0546624 0.503 0.154119 0.0201135 
600.11 50.0081 14.1425 117.854 -1 -700 0.2 0.0546624 0.503 0.114223 -0.0475298 
600.11 50.0013 14.1428 117.856 -1 -700 0.2 0.0546624 0.503 -0.0314459 0.0945799 
600.11 50.0034 14.1427 117.856 -1 -700 0.2 0.0546624 0.503 0.0191518 -0.0609112 
600.11 50.0031 14.1427 117.856 -1 -700 0.2 0.0546624 0.503 0.0136858 -0.019892 
600.11 50.0058 14.1426 117.855 -1 -700 0.2 0.0546624 0.503 0.0717727 -0.00121704 
600.11 50.0001 14.1429 117.857 -1 -700 0.2 0.0546624 0.503 -0.0624473 -0.0446538 
600.11 50.0036 14.1427 117.856 -1 -700 0.2 0.0546624 0.503 0.0247397 -0.0143072 
600.11 49.9993 14.1429 117.857 -1 -700 0.2 0.0546624 0.503 -0.0847537 0.013401 
600.11 50.0012 14.1428 117.857 -1 -700 0.2 0.0546624 0.503 -0.0349093 0.0808482 
600.11 50.0077 14.1425 117.855 -1 -700 0.2 0.0546624 0.503 0.106347 -0.0212289 
600.11 50.0033 14.1427 117.856 -1 -700 0.2 0.0546624 0.503 0.0177136 0.034524 
600.11 50.0066 14.1426 117.855 -1 -700 0.2 0.0546624 0.503 0.0870529 -0.0735945 
600.11 50.0032 14.1427 117.856 -1 -700 0.2 0.0546624 0.503 0.0153571 0.0303396 
600.11 50.0038 14.1427 117.856 -1 -700 0.2 0.0546624 0.503 0.0303817 0.0504424 
600.11 50.003 14.1427 117.856 -1 -700 0.2 0.0546624 0.503 0.00988494 -0.0133506 
600.11 50.0033 14.1427 117.856 -1 -700 0.2 0.0546624 0.503 0.0179075 -0.0272941 
600.11 50.0026 14.1428 117.856 -1 -700 0.2 0.0546624 0.503 0.000153212 0.0223289 
600.11 50.0027 14.1427 117.856 -1 -700 0.2 0.0546624 0.503 0.00378028 -0.116583 
600.11 49.9989 14.1429 117.857 -1 -700 0.2 0.0546624 0.503 -0.0967179 -0.0264396 
600.11 50.0026 14.1428 117.856 -1 -700 0.2 0.0546624 0.503 0.00153709 -0.0802736 
600.11 50.0015 14.1428 117.856 -1 -700 0.2 0.0546624 0.503 -0.026193 -0.0780118 
600.11 50.0031 14.1427 117.856 -1 -700 0.2 0.0546624 0.503 0.0119514 -0.0277434 
600.11 50.0034 14.1427 117.856 -1 -700 0.2 0.0546624 0.503 0.0190997 -0.0388024 
600.11 50 14.1429 117.857 -1 -700 0.2 0.0546624 0.503 -0.0658696 0.0113961 
600.11 50.0031 14.1427 117.856 -1 -700 0.2 0.0546624 0.503 0.0137148 -0.00982883 
600.11 50.0071 14.1426 117.855 -1 -700 0.2 0.0546624 0.503 0.0955691 -0.0575296 
600.11 50.0018 14.1428 117.856 -1 -700 0.2 0.0546624 0.503 -0.018433 0.111377 
600.11 49.9995 14.1429 117.857 -1 -700 0.2 0.0546624 0.503 -0.0806093 0.0732181 
600.11 50.0028 14.1427 117.856 -1 -700 0.2 0.0546624 0.503 0.00570008 0.0738829 
600.11 50.0018 14.1428 117.857 -1 -700 0.2 0.0546624 0.503 -0.0179856 -0.157564 
600.11 50.0088 14.1425 117.854 -1 -700 0.2 0.0546624 0.503 0.125087 0.0543542 
600.11 50.0007 14.1428 117.857 -1 -700 0.2 0.0546624 0.503 -0.0466264 -0.0177546 
600.11 50.0068 14.1426 117.855 -1 -700 0.2 0.0546624 0.503 0.0905683 -0.032596 
600.11 50.0061 14.1426 117.855 -1 -700 0.2 0.0546624 0.503 0.0783382 -0.00545533 
600.11 50.0035 14.1427 117.856 -1 -700 0.2 0.0546624 0.503 0.0233545 0.104798 
600.11 50.0041 14.1427 117.856 -1 -700 0.2 0.0546624 0.503 0.0375823 0.0979639 
600.11 50.0036 14.1427 117.856 -1 -700 0.2 0.0546624 0.503 0.024455 0.0509911 
600.11 50.0066 14.1426 117.855 -1 -700 0.2 0.0546624 0.503 0.0861791 -0.0424919 
600.11 50.0026 14.1428 117.856 -1 -700 0.2 0.0546624 0.503 0.00114451 0.0369886 
600.11 50 14.1429 117.857 -1 -700 0.2 0.0546624 0.503 -0.065868 0.132596 
600.11 50 14.1429 117.857 -1 -700 0.2 0.0546624 0.503 -0.0652324 -0.0369307 
600.11 50.0015 14.1428 117.857 -1 -700 0.2 0.0546624 0.503 -0.027436 0.129409 
600.11 49.9994 14.1429 117.857 -1 -700 0.2 0.0546624 0.503 -0.0826513 0.00727055 
600.11 49.9999 14.1429 117.857 -1 -700 0.2 0.0546624 0.503 -0.0683737 -0.0168214 
600.11 50.0013 14.1428 117.857 -1 -700 0.2 0.0546624 0.503 -0.0321266 0.0398596 
600.11 50.0009 14.1428 117.857 -1 -700 0.2 0.0546624 0.503 -0.0432174 -0.0260939 
600.11 50.0003 14.1428 117.857 -1 -700 0.2 0.0546624 0.503 -0.0582611 -0.0181129 
600.11 50.001 14.1428 117.857 -1 -700 0.2 0.0546624 0.503 -0.0394435 0.0196142 
600.11 50.006 14.1426 117.855 -1 -700 0.2 0.0546624 0.503 0.0749118 0.0162195 
600.11 50.0004 14.1428 117.857 -1 -700 0.2 0.0546624 0.503 -0.0542268 -0.146301 
600.11 50.0014 14.1428 117.857 -1 -700 0.2 0.0546624 0.503 -0.0296499 -0.0263865 
600.11 50.004 14.1427 117.856 -1 -700 0.2 0.0546624 0.503 0.033465 -0.0083022 
600.11 50 14.1429 117.857 -1 -700 0.2 0.0546624 0.503 -0.067196 -0.0131132 
600.11 49.9971 14.143 117.858 -1 -700 0.2 0.0546624 0.503 -0.140887 0.021175 
600.11 50.0056 14.1426 117.855 -1 -700 0.2 0.0546624 0.503 0.0689597 0.13355 
600.11 50.0003 14.1428 117.857 -1 -700 0.2 0.0546624 0.503 -0.0585822 0.107865 
600.11 50.002 14.1428 117.856 -1 -700 0.2 0.0546624 0.503 -0.0139927 0.0665057 
600.11 50.0033 14.1427 117.856 -1 -700 0.2 0.0546624 0.503 0.0174967 0.0174681 
600.11 49.9991 14.1429 117.857 -1 -700 0.2 0.0546624 0.503 -0.0911017 0.119052 
600.11 50.0058 14.1426 117.855 -1 -700 0.2 0.0546624 0.503 0.0731158 0.0837849 
600.11 50.0024 14.1428 117.856 -1 -700 0.2 0.0546624 0.503 -0.00386362 0.0204656 
600.11 50.0051 14.1427 117.855 -1 -700 0.2 0.0546624 0.503 0.0578759 -0.0764415 
600.11 49.9977 14.1429 117.858 -1 -700 0.2 0.0546624 0.503 -0.126678 0.0443234 
600.11 50.0003 14.1428 117.857 -1 -700 0.2 0.0546624 0.503 -0.0582616 -0.091889 
600.11 50.0045 14.1427 117.856 -1 -700 0.2 0.0546624 0.503 0.0453939 0.113531 
600.11 49.9988 14.1429 117.858 -1 -700 0.2 0.0546624 0.503 -0.0968286 0.0380816 
600.11 50.0064 14.1426 117.855 -1 -700 0.2 0.0546624 0.503 0.0838532 -0.0388312 
600.11 50.0053 14.1426 117.855 -1 -700 0.2 0.0546624 0.503 0.0625312 -0.00074593 
600.11 50.0014 14.1428 117.857 -1 -700 0.2 0.0546624 0.503 -0.0282463 0.182256 
600.11 50.0039 14.1427 117.856 -1 -700 0.2 0.0546624 0.503 0.0306874 -0.0765896 
600.11 50.0021 14.1428 117.856 -1 -700 0.2 0.0546624 0.503 -0.0103608 -0.0585109 
600.11 50.0014 14.1428 117.857 -1 -700 0.2 0.0546624 0.503 -0.0305848 -0.0143939 
600.11 50.0102 14.1424 117.854 -1 -700 0.2 0.0546624 0.503 0.146205 -0.0847961 
600.11 50.0094 14.1425 117.854 -1 -700 0.2 0.0546624 0.503 0.134036 0.0106406 
600.11 50.0026 14.1428 117.856 -1 -700 0.2 0.0546624 0.503 0.00151046 0.0231506 
600.11 50.0006 14.1428 117.857 -1 -700 0.2 0.0546624 0.503 -0.0516328 -0.0761293 
600.11 50.0023 14.1428 117.856 -1 -700 0.2 0.0546624 0.503 -0.00748806 0.0337739 
600.11 50.001 14.1428 117.857 -1 -700 0.2 0.0546624 0.503 -0.0393535 0.0139249 
600.11 50.0032 14.1427 117.856 -1 -700 0.2 0.0546624 0.503 0.0163385 0.0763288 
600.11 50.0037 14.1427 117.856 -1 -700 0.2 0.0546624 0.503 0.0267646 -0.0549819 
600.11 50.0047 14.1427 117.856 -1 -700 0.2 0.0546624 0.503 0.0483555 0.00306955 
600.11 49.9991 14.1429 117.857 -1 -700 0.2 0.0546624 0.503 -0.0907532 -0.0524555 
600.11 50.001 14.1428 117.857 -1 -700 0.2 0.0546624 0.503 -0.0401971 -0.0424162 
600.11 50.0028 14.1427 117.856 -1 -700 0.2 0.0546624 0.503 0.00590812 -0.00487522 
600.11 50.0046 14.1427 117.856 -1 -700 0.2 0.0546624 0.503 0.0461945 -0.0613722 
600.11 50.0087 14.1425 117.854 -1 -700 0.2 0.0546624 0.503 0.123563 0.00994769 
600.11 50.0085 14.1425 117.854 -1 -700 0.2 0.0546624 0.503 0.119495 0.0522072 
600.11 50.0032 14.1427 117.856 -1 -700 0.2 0.0546624 0.503 0.016187 0.0406775 
600.11 50.0024 14.1428 117.856 -1 -700 0.2 0.0546624 0.503 -0.00449889 -0.0890639 
600.11 50.0001 14.1429 117.857 -1 -700 0.2 0.0546624 0.503 -0.0640547 0.037122 
600.11 50.003 14.1427 117.856 -1 -700 0.2 0.0546624 0.503 0.0116328 -0.100829 
600.11 50.0007 14.1428 117.857 -1 -700 0.2 0.0546624 0.503 -0.0486119 0.0601752 
600.11 50.0078 14.1425 117.854 -1 -700 0.2 0.0546624 0.503 0.107309 0.0414524 
600.11 50.0076 14.1426 117.855 -1 -700 0.2 0.0546624 0.503 0.10523 -0.0577563 
600.11 50.0035 14.1427 117.856 -1 -700 0.2 0.0546624 0.503 0.0238369 0.0886789 
600.11 50.0027 14.1427 117.856 -1 -700 0.2 0.0546624 0.503 0.00345809 -0.0865533 
600.11 50.006 14.1426 117.855 -1 -700 0.2 0.0546624 0.503 0.076476 0.0607998 
600.11 50.0014 14.1428 117.857 -1 -700 0.2 0.0546624 0.503 -0.0293078 0.0576702 
600.11 49.9987 14.1429 117.858 -1 -700 0.2 0.0546624 0.503 -0.101131 0.0269211 
600.11 50.0041 14.1427 117.856 -1 -700 0.2 0.0546624 0.503 0.037414 0.0745154 
600.11 49.9988 14.1429 117.858 -1 -700 0.2 0.0546624 0.503 -0.0975383 -0.0309528 
600.11 50 14.1429 117.857 -1 -700 0.2 0.0546624 0.503 -0.0652958 -0.0216964 
600.11 50.0046 14.1427 117.856 -1 -700 0.2 0.0546624 0.503 0.0467029 0.0122073 
600.11 50.0045 14.1427 117.856 -1 -700 0.2 0.0546624 0.503 0.0454465 -0.0709605 
600.11 50.0022 14.1428 117.856 -1 -700 0.2 0.0546624 0.503 -0.00974154 0.0257975 
600.11 50.0068 14.1426 117.855 -1 -700 0.2 0.0546624 0.503 0.0923841 -0.125919 
600.11 50.0046 14.1427 117.856 -1 -700 0.2 0.0546624 0.503 0.0462149 -0.0330468 
600.11 50.0029 14.1427 117.856 -1 -700 0.2 0.0546624 0.503 0.00898992 -0.145778 
600.11 50.0056 14.1426 117.855 -1 -700 0.2 0.0546624 0.503 0.0673665 -0.00385741 
600.11 49.9998 14.1429 117.857 -1 -700 0.2 0.0546624 0.503 -0.0724388 -0.0391605 
600.11 50.0099 14.1425 117.854 -1 -700 0.2 0.0546624 0.503 0.141371 0.0625735 
600.11 50.0026 14.1428 117.856 -1 -700 0.2 0.0546624 0.503 0.00118349 -0.015022 
600.11 50.0026 14.1428 117.856 -1 -700 0.2 0.0546624 0.503 0.00184163 -0.0407686 
600.11 50.0041 14.1427 117.856 -1 -700 0.2 0.0546624 0.503 0.0369007 0.0512063 
600.11 50 14.1429 117.857 -1 -700 0.2 0.0546624 0.503 -0.0649895 -0.0517226 
600.11 50.0011 14.1428 117.857 -1 -700 0.2 0.0546624 0.503 -0.0378771 0.0320705 
600.11 50.0033 14.1427 117.856 -1 -700 0.2 0.0546624 0.503 0.0174984 0.040274 
600.11 50.0139 14.1423 117.853 -1 -700 0.2 0.0546624 0.503 0.195386 -0.109092 
600.11 50.0065 14.1426 117.855 -1 -700 0.2 0.0546624 0.503 0.0851962 0.0201289 
600.11 50.0094 14.1425 117.854 -1 -700 0.2 0.0546624 0.503 0.134677 -0.00927973 
600.11 50.0011 14.1428 117.857 -1 -700 0.2 0.0546624 0.503 -0.0364096 0.00500365 
600.11 50.0012 14.1428 117.857 -1 -700 0.2 0.0546624 0.503 -0.034747 -0.0508205 
600.11 50.006 14.1426 117.855 -1 -700 0.2 0.0546624 0.503 0.0749162 0.0598431 
600.11 49.9995 14.1429 117.857 -1 -700 0.2 0.0546624 0.503 -0.079883 -0.00109704 
600.11 50.0021 14.1428 117.856 -1 -700 0.2 0.0546624 0.503 -0.0104311 0.068482 
600.11 50.0035 14.1427 117.856 -1 -700 0.2 0.0546624 0.503 0.0230131 -0.0348425 
600.11 49.9988 14.1429 117.858 -1 -700 0.2 0.0546624 0.503 -0.0986859 -0.0756713 
600.11 49.9998 14.1429 117.857 -1 -700 0.2 0.0546624 0.503 -0.07268 -0.087619 
600.11 49.9978 14.1429 117.858 -1 -700 0.2 0.0546624 0.503 -0.125732 0.100943 
600.11 50.0036 14.1427 117.856 -1 -700 0.2 0.0546624 0.503 0.02619 0.0806315 
600.11 50.0014 14.1428 117.857 -1 -700 0.2 0.0546624 0.503 -0.0304073 0.0113422 
600.11 49.9978 14.1429 117.858 -1 -700 0.2 0.0546624 0.503 -0.124591 -0.138761 
600.11 50.0006 14.1428 117.857 -1 -700 0.2 0.0546624 0.503 -0.0493148 0.0771619 
600.11 50.0124 14.1424 117.853 -1 -700 0.2 0.0546624 0.503 0.175373 0.00363548 
600.11 50.0023 14.1428 117.856 -1 -700 0.2 0.0546624 0.503 -0.00580346 0.00803134 
600.11 50.0027 14.1427 117.856 -1 -700 0.2 0.0546624 0.503 0.0031521 -0.0434606 
600.11 50.0026 14.1428 117.856 -1 -700 0.2 0.0546624 0.503 0.000722842 -0.0163377 
600.11 49.9997 14.1429 117.857 -1 -700 0.2 0.0546624 0.503 -0.0733738 -0.0354954 
600.11 50.0017 14.1428 117.857 -1 -700 0.2 0.0546624 0.503 -0.0219372 0.072993 
600.11 50.0038 14.1427 117.856 -1 -700 0.2 0.0546624 0.503 0.0290549 0.0451548 
600.11 50.0057 14.1426 117.855 -1 -700 0.2 0.0546624 0.503 0.0703385 -0.0867672 
600.11 50.0003 14.1428 117.857 -1 -700 0.2 0.0546624 0.503 -0.0589957 0.112392 
600.11 50.001 14.1428 117.857 -1 -700 0.2 0.0546624 0.503 -0.0404242 0.0364933 
600.11 50.0027 14.1427 117.856 -1 -700 0.2 0.0546624 0.503 0.00238429 -0.000219838 
600.11 50.0023 14.1428 117.856 -1 -700 0.2 0.0546624 0.503 -0.00644199 0.0243349 
600.11 49.9965 14.143 117.858 -1 -700 0.2 0.0546624 0.503 -0.158131 -0.077009 
600.11 50.0045 14.1427 117.856 -1 -700 0.2 0.0546624 0.503 0.0447422 0.0630835 
600.11 49.997 14.143 117.858 -1 -700 0.2 0.0546624 0.503 -0.14548 -0.080626 
600.11 50.0018 14.1428 117.856 -1 -700 0.2 0.0546624 0.503 -0.0176092 -0.0930455 
600.11 50.0029 14.1427 117.856 -1 -700 0.2 0.0546624 0.503 0.00761329 -0.0384138 
600.11 50.0054 14.1426 117.855 -1 -700 0.2 0.0546624 0.503 0.064609 -0.0784189 
600.11 50.0003 14.1428 117.857 -1 -700 0.2 0.0546624 0.503 -0.0576003 -0.0982634 
600.11 50.0022 14.1428 117.856 -1 -700 0.2 0.0546624 0.503 -0.00949891 -0.0250397 
600.11 49.9999 14.1429 117.857 -1 -700 0.2 0.0546624 0.503 -0.0686667 -0.00316353 
600.11 50 14.1429 117.857 -1 -700 0.2 0.0546624 0.503 -0.0664347 0.00492535 
600.11 49.9986 14.1429 117.858 -1 -700 0.2 0.0546624 0.503 -0.104837 -0.0470836 
600.11 50.0019 14.1428 117.857 -1 -700 0.2 0.0546624 0.503 -0.0169525 0.0760342 
600.11 50.0003 14.1428 117.857 -1 -700 0.2 0.0546624 0.503 -0.0580188 0.0239539 
600.11 50.0021 14.1428 117.856 -1 -700 0.2 0.0546624 0.503 -0.011965 0.00880591 
600.11 50.0008 14.1428 117.857 -1 -700 0.2 0.0546624 0.503 -0.044977 0.0725918 
600.11 50.0026 14.1428 117.856 -1 -700 0.2 0.0546624 0.503 0.00192314 -0.0514327 
600.11 50.0068 14.1426 117.855 -1 -700 0.2 0.0546624 0.503 0.0914624 -0.0289963 
600.11 50.008 14.1425 117.855 -1 -700 0.2 0.0546624 0.503 0.113041 -0.085475 
600.11 49.9993 14.1429 117.857 -1 -700 0.2 0.0546624 0.503 -0.0862149 -0.012946 
600.11 50.0017 14.1428 117.857 -1 -700 0.2 0.0546624 0.503 -0.0201952 0.0719407 
600.11 50.0013 14.1428 117.857 -1 -700 0.2 0.0546624 0.503 -0.0315576 -0.157568 
600.11 50.0024 14.1428 117.856 -1 -700 0.2 0.0546624 0.503 -0.00345113 -0.0216503 
600.11 50.0049 14.1427 117.855 -1 -700 0.2 0.0546624 0.503 0.0533438 -0.0454489 
600.11 50.0041 14.1427 117.856 -1 -700 0.2 0.0546624 0.503 0.0382575 -0.129782 
600.11 50.0076 14.1426 117.855 -1 -700 0.2 0.0546624 0.503 0.104551 0.000402641 
600.11 50.0043 14.1427 117.856 -1 -700 0.2 0.0546624 0.503 0.0394997 0.0586377 
600.11 50.0026 14.1428 117.856 -1 -700 0.2 0.0546624 0.503 0.000794539 -0.00691028 
600.11 50.0027 14.1427 117.856 -1 -700 0.2 0.0546624 0.503 0.00517463 -0.110068 
600.11 50.0039 14.1427 117.856 -1 -700 0.2 0.0546624 0.503 0.0311803 0.0670154 
600.11 50.0031 14.1427 117.856 -1 -700 0.2 0.0546624 0.503 0.0123486 -0.0205804 
600.11 50.0023 14.1428 117.856 -1 -700 0.2 0.0546624 0.503 -0.00639416 0.00474396 
600.11 50.0034 14.1427 117.856 -1 -700 0.2 0.0546624 0.503 0.0193742 -0.0722857 
600.11 50.0025 14.1428 117.856 -1 -700 0.2 0.0546624 0.503 -0.00133267 -0.0299747 
600.11 50.0002 14.1428 117.857 -1 -700 0.2 0.0546624 0.503 -0.0609383 -0.0404456 
600.11 50.0019 14.1428 117.856 -1 -700 0.2 0.0546624 0.503 -0.0170605 -0.00875946 
600.11 50.005 14.1427 117.856 -1 -700 0.2 0.0546624 0.503 0.0558995 -0.00252959 
600.11 49.9985 14.1429 117.858 -1 -700 0.2 0.0546624 0.503 -0.107024 0.0216423 
600.11 50.0002 14.1429 117.857 -1 -700 0.2 0.0546624 0.503 -0.0623247 0.000714134 
600.11 50.0025 14.1428 117.856 -1 -700 0.2 0.0546624 0.503 -0.00215812 -0.0805809 
600.11 50.0037 14.1427 117.856 -1 -700 0.2 0.0546624 0.503 0.025897 -0.00362505 
600.11 50.0018 14.1428 117.857 -1 -700 0.2 0.0546624 0.503 -0.0185508 0.0708408 
600.11 50.0027 14.1427 117.856 -1 -700 0.2 0.0546624 0.503 0.00298592 -0.0360934 
600.11 50.0062 14.1426 117.855 -1 -700 0.2 0.0546624 0.503 0.0796673 0.083817 
600.11 50.0052 14.1426 117.856 -1 -700 0.2 0.0546624 0.503 0.0592491 0.0110124 
600.11 49.998 14.1429 117.858 -1 -700 0.2 0.0546624 0.503 -0.118284 0.0372767 
600.11 50.0074 14.1426 117.855 -1 -700 0.2 0.0546624 0.503 0.102077 -0.0257751 
600.11 50.0026 14.1428 117.856 -1 -700 0.2 0.0546624 0.503 0.00166828 -0.0517491 
600.11 50.0017 14.1428 117.857 -1 -700 0.2 0.0546624 0.503 -0.0224686 0.0105166 
600.11 50.0055 14.1426 117.855 -1 -700 0.2 0.0546624 0.503 0.0654756 0.0579862 
600.11 50.0064 14.1426 117.855 -1 -700 0.2 0.0546624 0.503 0.0832544 -0.0544604 
600.11 50.0022 14.1428 117.856 -1 -700 0.2 0.0546624 0.503 -0.00790545 0.0680918 
600.11 50.0024 14.1428 117.856 -1 -700 0.2 0.0546624 0.503 -0.00261443 -0.0460903 
600.11 50.0023 14.1428 117.856 -1 -700 0.2 0.0546624 0.503 -0.00504226 0.109026 
600.11 50.0029 14.1427 117.856 -1 -700 0.2 0.0546624 0.503 0.00838926 -0.0460163 
600.11 50.0061 14.1426 117.855 -1 -700 0.2 0.0546624 0.503 0.0790262 0.0805507 
600.11 50.0061 14.1426 117.855 -1 -700 0.2 0.0546624 0.503 0.0782933 -0.0890569 
600.11 50.0048 14.1427 117.855 -1 -700 0.2 0.0546624 0.503 0.0521051 -0.0749447 
600.11 50.0024 14.1428 117.856 -1 -700 0.2 0.0546624 0.503 -0.00395279 -0.0657831 
600.11 49.9993 14.1429 117.857 -1 -700 0.2 0.0546624 0.503 -0.084879 -0.0467728 
600.11 50.0019 14.1428 117.857 -1 -700 0.2 0.0546624 0.503 -0.0161821 -0.0260664 
600.11 49.9996 14.1429 117.857 -1 -700 0.2 0.0546624 0.503 -0.0774754 0.0808422 
600.11 50.0031 14.1427 117.856 -1 -700 0.2 0.0546624 0.503 0.0138746 -0.0548816 
600.11 50.0027 14.1427 117.856 -1 -700 0.2 0.0546624 0.503 0.00510277 -0.171986 
600.11 50.0025 14.1428 117.856 -1 -700 0.2 0.0546624 0.503 -0.00158535 -0.00146154 
600.11 50.0073 14.1426 117.855 -1 -700 0.2 0.0546624 0.503 0.0997841 0.0360968 
600.11 50.0056 14.1426 117.855 -1 -700 0.2 0.0546624 0.503 0.0667368 0.0358792 
600.11 50.0041 14.1427 117.856 -1 -700 0.2 0.0546624 0.503 0.0361008 -0.00571608 
600.11 50.0088 14.1425 117.854 -1 -700 0.2 0.0546624 0.503 0.124635 -0.0630788 
600.11 50.0083 14.1425 117.854 -1 -700 0.2 0.0546624 0.503 0.117187 0.0839465 
600.11 49.9989 14.1429 117.857 -1 -700 0.2 0.0546624 0.503 -0.0964341 0.0264977 
600.11 50.0057 14.1426 117.855 -1 -700 0.2 0.0546624 0.503 0.0706299 0.0777809 
600.11 50.0028 14.1427 117.856 -1 -700 0.2 0.0546624 0.503 0.00602482 -0.0158186 
600.11 50 14.1429 117.857 -1 -700 0.2 0.0546624 0.503 -0.0663663 0.0433978 
600.11 50.0001 14.1429 117.857 -1 -700 0.2 0.0546624 0.503 -0.0636258 -0.0333504 
600.11 50.0002 14.1428 117.857 -1 -700 0.2 0.0546624 0.503 -0.0610335 0.0259471 
600.11 50.0069 14.1426 117.855 -1 -700 0.2 0.0546624 0.503 0.0922519 0.0102221 
600.11 50.0065 14.1426 117.855 -1 -700 0.2 0.0546624 0.503 0.0850801 -0.0515239 
600.11 50.0054 14.1426 117.855 -1 -700 0.2 0.0546624 0.503 0.0629386 -0.0612223 
600.11 50.0029 14.1427 117.856 -1 -700 0.2 0.0546624 0.503 0.00959758 -0.0752099 
600.11 50.0062 14.1426 117.855 -1 -700 0.2 0.0546624 0.503 0.0796745 -0.031805 
600.11 50.0021 14.1428 117.856 -1 -700 0.2 0.0546624 0.503 -0.0120109 0.0375699 
600.11 50.0022 14.1428 117.856 -1 -700 0.2 0.0546624 0.503 -0.00920866 -0.0166307 
600.11 50.0032 14.1427 117.856 -1 -700 0.2 0.0546624 0.503 0.0154788 0.000974729 
600.11 50.0029 14.1427 117.856 -1 -700 0.2 0.0546624 0.503 0.0068408 -0.0182537 
600.11 50.0005 14.1428 117.857 -1 -700 0.2 0.0546624 0.503 -0.0532786 0.0869833 
600.11 49.9995 14.1429 117.857 -1 -700 0.2 0.0546624 0.503 -0.0787472 -0.0142968 
600.11 50.0002 14.1428 117.857 -1 -700 0.2 0.0546624 0.503 -0.0612007 -0.0512616 
600.11 50.0003 14.1428 117.857 -1 -700 0.2 0.0546624 0.503 -0.0594096 -0.0401415 
600.11 50.0017 14.1428 117.857 -1 -700 0.2 0.0546624 0.503 -0.0208704 0.0881014 
600.11 49.9995 14.1429 117.857 -1 -700 0.2 0.0546624 0.503 -0.079394 0.104106 
600.11 50.0199 14.1421 117.851 -1 -700 0.2 0.0546624 0.503 0.252405 0.0252602 
600.11 50.002 14.1428 117.856 -1 -700 0.2 0.0546624 0.503 -0.0130178 -0.0527769 
600.11 49.9991 14.1429 117.857 -1 -700 0.2 0.0546624 0.503 -0.0914445 -0.0667899 
600.11 50.0017 14.1428 117.857 -1 -700 0.2 0.0546624 0.503 -0.0203199 -0.0596505 
600.11 50.0036 14.1427 117.856 -1 -700 0.2 0.0546624 0.503 0.0245839 0.00816247 
600.11 50.0031 14.1427 117.856 -1 -700 0.2 0.0546624 0.503 0.0116082 -0.0234933 
600.11 50.0032 14.1427 117.856 -1 -700 0.2 0.0546624 0.503 0.015552 0.0563925 
600.11 50.0034 14.1427 117.856 -1 -700 0.2 0.0546624 0.503 0.0209638 -0.0699185 
600.11 50.001 14.1428 117.857 -1 -700 0.2 0.0546624 0.503 -0.0410717 0.0234794 
600.11 50.0052 14.1426 117.855 -1 -700 0.2 0.0546624 0.503 0.0592717 -0.0174831 
600.11 50.0042 14.1427 117.856 -1 -700 0.2 0.0546624 0.503 0.0372965 0.0390619 
600.11 50.0059 14.1426 117.855 -1 -700 0.2 0.0546624 0.503 0.0743163 -0.0219885 
600.11 50.0003 14.1428 117.857 -1 -700 0.2 0.0546624 0.503 -0.0587195 0.108056 
600.11 50.001 14.1428 117.857 -1 -700 0.2 0.0546624 0.503 -0.0393338 0.00480973 
600.11 50.0031 14.1427 117.856 -1 -700 0.2 0.0546624 0.503 0.0124714 0.0232684 
600.11 50.0037 14.1427 117.856 -1 -700 0.2 0.0546624 0.503 0.0271973 0.0242601 
600.11 49.9992 14.1429 117.857 -1 -700 0.2 0.0546624 0.503 -0.0864581 0.00134239 
600.11 50.0046 14.1427 117.856 -1 -700 0.2 0.0546624 0.503 0.0460178 -0.00120764 
600.11 50.0048 14.1427 117.856 -1 -700 0.2 0.0546624 0.503 0.0504585 -0.00991021 
600.11 50.0028 14.1427 117.856 -1 -700 0.2 0.0546624 0.503 0.00459073 -0.00123486 
600.11 49.9996 14.1429 117.857 -1 -700 0.2 0.0546624 0.503 -0.0783226 0.0664663 
600.11 50.0017 14.1428 117.857 -1 -700 0.2 0.0546624 0.503 -0.0217049 0.0350464 
600.11 50.0055 14.1426 117.855 -1 -700 0.2 0.0546624 0.503 0.0653733 0.0243767 
600.11 50.0037 14.1427 117.856 -1 -700 0.2 0.0546624 0.503 0.0273877 0.0130056 
600.11 50.0015 14.1428 117.857 -1 -700 0.2 0.0546624 0.503 -0.0253121 -0.123899 
600.11 49.9952 14.1431 117.859 -1 -700 0.2 0.0546624 0.503 -0.187876 0.0168375 
600.11 50.0031 14.1427 117.856 -1 -700 0.2 0.0546624 0.503 0.0140109 -0.101051 
600.11 50.0017 14.1428 117.857 -1 -700 0.2 0.0546624 0.503 -0.0225863 0.00759591 
600.11 50.0052 14.1426 117.855 -1 -700 0.2 0.0546624 0.503 0.0593859 0.00550896 
600.11 50.0074 14.1426 117.855 -1 -700 0.2 0.0546624 0.503 0.100238 0.0310675 
600.11 50 14.1429 117.857 -1 -700 0.2 0.0546624 0.503 -0.0656207 0.0407947 
600.11 50.0005 14.1428 117.857 -1 -700 0.2 0.0546624 0.503 -0.0540426 0.024877 
600.11 49.9999 14.1429 117.857 -1 -700 0.2 0.0546624 0.503 -0.0677629 -0.0769577 
600.11 50.0113 14.1424 117.853 -1 -700 0.2 0.0546624 0.503 0.160318 -0.0259482 
600.11 49.9976 14.143 117.858 -1 -700 0.2 0.0546624 0.503 -0.130365 -0.109263 
600.11 49.9989 14.1429 117.858 -1 -700 0.2 0.0546624 0.503 -0.0953174 0.0117162 
600.11 50.0004 14.1428 117.857 -1 -700 0.2 0.0546624 0.503 -0.0552898 0.106296 
600.11 50.0025 14.1428 117.856 -1 -700 0.2 0.0546624 0.503 -0.000562656 -0.0158011 
600.11 50.0037 14.1427 117.856 -1 -700 0.2 0.0546624 0.503 0.0270757 -0.0164066 
600.11 50.0056 14.1426 117.855 -1 -700 0.2 0.0546624 0.503 0.0698711 0.130469 
600.11 49.9994 14.1429 117.857 -1 -700 0.2 0.0546624 0.503 -0.0836594 0.0490094 
600.11 50.0011 14.1428 117.857 -1 -700 0.2 0.0546624 0.503 -0.0360489 0.0659861 
600.11 50.0056 14.1426 117.855 -1 -700 0.2 0.0546624 0.503 0.0668865 0.028637 
600.11 49.9981 14.1429 117.858 -1 -700 0.2 0.0546624 0.503 -0.115836 0.0280914 
600.11 50.0023 14.1428 117.856 -1 -700 0.2 0.0546624 0.503 -0.00711573 -0.0645851 
600.11 50.0028 14.1427 117.856 -1 -700 0.2 0.0546624 0.503 0.00703825 -0.0639847 
600.11 49.998 14.1429 117.858 -1 -700 0.2 0.0546624 0.503 -0.118628 -0.0408936 
600.11 50.0045 14.1427 117.856 -1 -700 0.2 0.0546624 0.503 0.046844 -0.11298 
600.11 50.0014 14.1428 117.857 -1 -700 0.2 0.0546624 0.503 -0.0281095 -0.068156 
600.11 50.0012 14.1428 117.857 -1 -700 0.2 0.0546624 0.503 -0.0347669 -0.0841441 
600.11 50.0092 14.1425 117.854 -1 -700 0.2 0.0546624 0.503 0.130479 0.0388249 
600.11 50.0015 14.1428 117.857 -1 -700 0.2 0.0546624 0.503 -0.0256954 0.12727 
600.11 50.0059 14.1426 117.855 -1 -700 0.2 0.0546624 0.503 0.0735132 -0.0774262 
600.11 50.0004 14.1428 117.857 -1 -700 0.2 0.0546624 0.503 -0.0550555 0.0889099 
600.11 49.9985 14.1429 117.858 -1 -700 0.2 0.0546624 0.503 -0.105509 0.103011 
600.11 49.9998 14.1429 117.857 -1 -700 0.2 0.0546624 0.503 -0.0726047 0.0651191 
600.11 50.002 14.1428 117.856 -1 -700 0.2 0.0546624 0.503 -0.0128494 0.0508103 
600.11 50.004 14.1427 117.856 -1 -700 0.2 0.0546624 0.503 0.0331316 -0.0514015 
600.11 50.0038 14.1427 117.856 -1 -700 0.2 0.0546624 0.503 0.0294443 -0.00166943 
600.11 50.0049 14.1427 117.856 -1 -700 0.2 0.0546624 0.503 0.053433 0.0677508 
600.11 49.9972 14.143 117.858 -1 -700 0.2 0.0546624 0.503 -0.139237 -0.00911613 
600.11 50.0006 14.1428 117.857 -1 -700 0.2 0.0546624 0.503 -0.0514326 -0.0255719 
600.11 50.0004 14.1428 117.857 -1 -700 0.2 0.0546624 0.503 -0.0557052 0.0402658 
600.11 49.9971 14.143 117.858 -1 -700 0.2 0.0546624 0.503 -0.142835 0.059294 
600.11 50.0038 14.1427 117.856 -1 -700 0.2 0.0546624 0.503 0.028895 0.00787466 
600.11 49.9993 14.1429 117.857 -1 -700 0.2 0.0546624 0.503 -0.0839218 -0.0944084 
600.11 50.0005 14.1428 117.857 -1 -700 0.2 0.0546624 0.503 -0.0534689 -0.0738542 
600.11 50.0054 14.1426 117.855 -1 -700 0.2 0.0546624 0.503 0.0630503 -0.0397701 
600.11 50.0007 14.1428 117.857 -1 -700 0.2 0.0546624 0.503 -0.046926 0.0535819 
600.11 50.0021 14.1428 117.856 -1 -700 0.2 0.0546624 0.503 -0.0106366 -0.0826962 
600.11 50.008 14.1425 117.854 -1 -700 0.2 0.0546624 0.503 0.110952 0.0516673 
600.11 50.0042 14.1427 117.856 -1 -700 0.2 0.0546624 0.503 0.0384578 0.0842959 
600.11 50.0033 14.1427 117.856 -1 -700 0.2 0.0546624 0.503 0.0176172 0.0992769 
600.11 49.9983 14.1429 117.858 -1 -700 0.2 0.0546624 0.503 -0.111577 0.0399709 
600.11 50.0092 14.1425 117.854 -1 -700 0.2 0.0546624 0.503 0.131136 -0.0559867 
600.11 50.0006 14.1428 117.857 -1 -700 0.2 0.0546624 0.503 -0.0512489 -0.0856833 
600.11 50.0016 14.1428 117.857 -1 -700 0.2 0.0546624 0.503 -0.0234659 -0.00482916 
600.11 50.0049 14.1427 117.856 -1 -700 0.2 0.0546624 0.503 0.0531799 0.0517387 
600.11 49.9991 14.1429 117.857 -1 -700 0.2 0.0546624 0.503 -0.0899449 0.0570619 
600.11 50.0035 14.1427 117.856 -1 -700 0.2 0.0546624 0.503 0.0219011 -0.0341382 
600.11 50.0026 14.1428 117.856 -1 -700 0.2 0.0546624 0.503 0.000787123 -0.000699824 
600.11 49.9989 14.1429 117.858 -1 -700 0.2 0.0546624 0.503 -0.0959422 0.0596567 
600.11 49.9985 14.1429 117.858 -1 -700 0.2 0.0546624 0.503 -0.106644 -0.0599113 
600.11 50.0043 14.1427 117.856 -1 -700 0.2 0.0546624 0.503 0.0396421 -0.00852597 
600.11 50.0012 14.1428 117.857 -1 -700 0.2 0.0546624 0.503 -0.034232 -0.00700032 
600.11 49.9983 14.1429 117.858 -1 -700 0.2 0.0546624 0.503 -0.112167 0.17158 
600.11 50.0094 14.1425 117.854 -1 -700 0.2 0.0546624 0.503 0.133972 0.00528483 
600.11 49.9983 14.1429 117.858 -1 -700 0.2 0.0546624 0.503 -0.111325 -0.0419094 
600.11 49.999 14.1429 117.857 -1 -700 0.2 0.0546624 0.503 -0.0918722 -0.0777513 
600.11 49.9997 14.1429 117.857 -1 -700 0.2 0.0546624 0.503 -0.0744312 -0.0154444 
600.11 49.9999 14.1429 117.857 -1 -700 0.2 0.0546624 0.503 -0.0693482 0.206493 
600.11 49.9977 14.143 117.858 -1 -700 0.2 0.0546624 0.503 -0.12919 -0.18661 
600.11 50.007 14.1426 117.855 -1 -700 0.2 0.0546624 0.503 0.0947751 0.0449224 
600.11 50.0021 14.1428 117.857 -1 -700 0.2 0.0546624 0.503 -0.0119795 -0.0972658 
600.11 50.0006 14.1428 117.857 -1 -700 0.2 0.0546624 0.503 -0.0495409 -0.15669 
600.11 49.9994 14.1429 117.857 -1 -700 0.2 0.0546624 0.503 -0.0820453 0.0334524 
600.11 50.0004 14.1428 117.857 -1 -700 0.2 0.0546624 0.503 -0.0566423 0.0572968 
600.11 50.0048 14.1427 117.855 -1 -700 0.2 0.0546624 0.503 0.0502626 -0.00924616 
600.11 50.0049 14.1427 117.856 -1 -700 0.2 0.0546624 0.503 0.0532835 0.0948801 
600.11 50.0035 14.1427 117.856 -1 -700 0.2 0.0546624 0.503 0.0224628 -0.0727133 
600.11 50.0036 14.1427 117.856 -1 -700 0.2 0.0546624 0.503 0.0254199 0.00975605 
600.11 50.0011 14.1428 117.857 -1 -700 0.2 0.0546624 0.503 -0.0364123 -0.0218192 
600.11 50.0037 14.1427 117.856 -1 -700 0.2 0.0546624 0.503 0.0277205 -0.00186206 
600.11 50.0033 14.1427 117.856 -1 -700 0.2 0.0546624 0.503 0.0167977 0.0428809 
600.11 50.0035 14.1427 117.856 -1 -700 0.2 0.0546624 0.503 0.0214665 0.0351107 
600.11 50.0059 14.1426 117.855 -1 -700 0.2 0.0546624 0.503 0.0741569 -0.0416602 
600.11 49.9991 14.1429 117.857 -1 -700 0.2 0.0546624 0.503 -0.0902373 -0.00622901 
600.11 50.0056 14.1426 117.855 -1 -700 0.2 0.0546624 0.503 0.068362 0.0530444 
600.11 50.005 14.1427 117.855 -1 -700 0.2 0.0546624 0.503 0.0566155 -0.105881 
600.11 50.0012 14.1428 117.857 -1 -700 0.2 0.0546624 0.503 -0.0347682 0.0253974 
600.11 50.0024 14.1428 117.856 -1 -700 0.2 0.0546624 0.503 -0.00508378 0.0722227 
600.11 50.009 14.1425 117.854 -1 -700 0.2 0.0546624 0.503 0.128609 -0.0820066 
600.11 50.003 14.1427 117.856 -1 -700 0.2 0.0546624 0.503 0.0102317 0.00757198 
600.11 50.0007 14.1428 117.857 -1 -700 0.2 0.0546624 0.503 -0.046449 -0.0452752 
600.11 50.0023 14.1428 117.856 -1 -700 0.2 0.0546624 0.503 -0.00616177 -0.0611763 
