600.11 51.4825 0.00140832 0.00140773 8.91511e-07 -0.000774458 0.0985492 0.0546624 0.0003 3.02297 1.82879 
600.11 50.0001 0.00141429 0.00141429 3.07057e-10 -0.000702815 0.0985532 0.0546624 0.0003 1.24723 -3.20961 
600.11 48.2265 0.00142149 0.00142131 5.05309e-08 -0.000728995 0.0985531 0.0546624 0.0003 -1.47214 -0.199433 
600.11 55.6948 0.00139163 0.00138229 1.87885e-05 -0.000838965 0.0984667 0.0546624 0.0003 2.41251 1.29657 
600.11 51.1583 0.00140962 0.0014089 1.37385e-06 -0.000720383 0.0985469 0.0546624 0.0003 1.7622 -1.4334 
600.11 50 0.00141429 0.00141429 2.26699e-12 -0.000702465 0.0985532 0.0546624 0.0003 -0.0262986 -3.86647 
600.11 49.9638 0.00141443 0.00141437 1.02581e-07 -0.000567205 0.0985527 0.0546624 0.0003 -0.51479 -0.0792682 
600.11 50.0023 0.00141428 0.00141428 -7.38652e-09 -0.000682017 0.0985532 0.0546624 0.0003 0.949405 -2.34094 
600.11 62.8918 0.00136402 0.00134723 3.35227e-05 -0.00136591 0.098399 0.0546624 0.0003 3.61257 -0.922078 
600.11 50.077 0.00141397 0.00141368 6.16783e-07 -0.00064644 0.0985503 0.0546624 0.0003 1.73432 2.15453 
600.11 49.498 0.00141632 0.00141617 -4.06647e-08 -0.000689225 0.0985535 0.0546624 0.0003 -3.7394 1.7503 
600.11 39.4622 0.00145817 0.0014467 2.24513e-05 -0.000350638 0.0984501 0.0546624 0.0003 -2.94099 -0.790012 
600.11 49.989 0.00141433 0.00141438 -9.67299e-08 -0.0007019 0.0985536 0.0546624 0.0003 -2.55639 2.67655 
600.11 49.9933 0.00141431 0.0014143 2.38438e-08 -0.000777705 0.098553 0.0546624 0.0003 -2.5304 2.75982 
600.11 51.3309 0.00140893 0.00141112 -4.08624e-06 -0.000736875 0.0985718 0.0546624 0.0003 1.30849 -0.76707 
600.11 49.9049 0.00141467 0.00141449 3.33773e-07 -0.000449205 0.0985516 0.0546624 0.0003 -0.711073 -0.0230323 
600.11 61.0417 0.00137104 0.00137801 -1.41163e-05 -0.00105959 0.0986182 0.0546624 0.0003 3.23655 -1.14924 
600.11 60.3101 0.00137384 0.00136787 1.77308e-05 -0.00116369 0.0984689 0.0546624 0.0003 4.18127 -0.219419 
600.11 50.1014 0.00141388 0.00141406 -3.28882e-07 -0.000691768 0.0985547 0.0546624 0.0003 1.04546 1.46691 
600.11 93.1536 0.00125905 0.00126702 -1.74796e-05 -0.00214753 0.0986343 0.0546624 0.0003 3.17518 -0.101786 
600.11 50 0.00141429 0.00141429 -3.28725e-11 -0.00070287 0.0985532 0.0546624 0.0003 0.2282 2.738 
600.11 49.4079 0.00141668 0.00141902 -4.8512e-06 -0.000654239 0.0985756 0.0546624 0.0003 -2.95179 1.85685 
600.11 49.8532 0.00141488 0.00141473 3.27659e-07 -0.000708157 0.0985516 0.0546624 0.0003 -3.43477 2.15105 
600.11 50.0072 0.00141426 0.00141421 9.06753e-08 -0.000703318 0.0985527 0.0546624 0.0003 0.987341 -2.12474 
600.11 50.6599 0.00141162 0.00140794 7.80065e-06 -0.00074536 0.0985171 0.0546624 0.0003 3.19636 2.02487 
600.11 50 0.00141429 0.00141429 7.0635e-12 -0.000702813 0.0985532 0.0546624 0.0003 1.45568 3.69588 
600.11 49.9999 0.00141429 0.00141429 2.88599e-10 -0.000701227 0.0985532 0.0546624 0.0003 -0.381244 -2.33676 
600.11 49.8031 0.00141508 0.00141525 -3.21329e-07 -0.000692978 0.0985546 0.0546624 0.0003 -3.30273 2.10641 
600.11 50.0004 0.00141428 0.00141428 -1.0928e-09 -0.000660016 0.0985532 0.0546624 0.0003 2.14543 3.26673 
600.11 50 0.00141429 0.00141429 3.35258e-11 -0.000704161 0.0985532 0.0546624 0.0003 1.2819 -3.95279 
600.11 47.9912 0.00142245 0.00142536 -7.23405e-06 -0.000599066 0.0985871 0.0546624 0.0003 -4.06496 -1.0572 
600.11 49.6681 0.00141563 0.00141714 -3.14025e-06 -0.000672822 0.0985677 0.0546624 0.0003 -1.34649 -1.13286 
600.11 50.2537 0.00141326 0.0014137 -8.37128e-07 -0.00071092 0.098557 0.0546624 0.0003 0.777264 -0.365279 
600.11 50.0082 0.00141425 0.00141426 -2.19092e-08 -0.000680464 0.0985533 0.0546624 0.0003 0.141316 -0.434096 
600.11 49.9999 0.00141429 0.00141429 5.11541e-10 -0.000717879 0.0985532 0.0546624 0.0003 -0.141015 -1.73457 
600.11 51.1244 0.00140976 0.00141046 -1.49277e-06 -0.000634257 0.0985601 0.0546624 0.0003 3.21027 1.88979 
600.11 50 0.00141429 0.00141429 -2.93146e-14 -0.000703079 0.0985532 0.0546624 0.0003 -0.346649 4.2335 
600.11 50.0586 0.00141405 0.00141416 -2.06685e-07 -0.000702555 0.0985541 0.0546624 0.0003 0.959177 -1.53115 
600.11 50.0004 0.00141428 0.00141428 6.38443e-09 -0.00065606 0.0985531 0.0546624 0.0003 -0.00866069 -1.34197 
600.11 50.1916 0.00141351 0.00141325 7.29345e-07 -0.000714937 0.0985497 0.0546624 0.0003 0.702508 0.265082 
600.11 50 0.00141429 0.00141429 -1.21391e-12 -0.000702115 0.0985532 0.0546624 0.0003 -0.175169 -3.59186 
600.11 50.178 0.00141357 0.00141374 -3.28967e-07 -0.000671994 0.0985547 0.0546624 0.0003 0.755172 -0.618119 
600.11 66.9339 0.001349 0.00133787 2.15155e-05 -0.00152297 0.0984546 0.0546624 0.0003 3.21257 -0.955446 
600.11 49.9668 0.00141442 0.00141467 -5.30726e-07 -0.000850484 0.0985556 0.0546624 0.0003 -3.21639 2.49537 
600.11 49.9981 0.00141429 0.00141431 -2.68894e-08 -0.000818678 0.0985533 0.0546624 0.0003 -0.269008 1.23877 
600.11 50.189 0.00141352 0.00141385 -5.98299e-07 -0.000576403 0.0985559 0.0546624 0.0003 0.937853 -1.05363 
600.11 49.9954 0.0014143 0.00141432 -3.11854e-08 -0.000706143 0.0985533 0.0546624 0.0003 -0.199198 -0.380338 
600.11 51.9162 0.00140658 0.0014047 3.64402e-06 -0.000792361 0.0985365 0.0546624 0.0003 2.02732 -1.46541 
600.11 49.9816 0.00141436 0.00141435 7.81793e-10 -0.00072276 0.0985532 0.0546624 0.0003 -3.18086 2.61136 
600.11 50.1542 0.00141366 0.00141394 -5.07624e-07 -0.000694186 0.0985555 0.0546624 0.0003 0.772847 -0.775631 
600.11 46.65 0.00142795 0.00142501 5.71806e-06 -0.000630205 0.0985269 0.0546624 0.0003 -1.77034 -0.488544 
600.11 50.0003 0.00141428 0.00141428 3.31773e-09 -0.000703292 0.0985531 0.0546624 0.0003 0.684307 -2.52125 
600.11 48.5588 0.00142013 0.00141787 4.25066e-06 -0.000663666 0.0985337 0.0546624 0.0003 -2.57937 1.54921 
600.11 49.6165 0.00141584 0.0014177 -3.90188e-06 -0.000790697 0.0985712 0.0546624 0.0003 -2.77027 1.95528 
600.11 50.0001 0.00141429 0.00141429 -2.83981e-11 -0.000702118 0.0985532 0.0546624 0.0003 1.03127 -2.98035 
600.11 59.9957 0.00137503 0.00138278 -1.50688e-05 -0.0010071 0.0986223 0.0546624 0.0003 4.11966 -0.469569 
600.11 40.7771 0.00145258 0.00145985 -1.35043e-05 -0.000241357 0.0986148 0.0546624 0.0003 -3.86521 0.101538 
600.11 49.7161 0.00141543 0.0014173 -3.97976e-06 -0.000769691 0.0985716 0.0546624 0.0003 -1.49598 1.38156 
600.11 50 0.00141429 0.00141429 -1.52995e-10 -0.00070339 0.0985532 0.0546624 0.0003 0.861565 3.01345 
600.11 50.0011 0.00141428 0.00141426 3.77626e-08 -0.000702247 0.098553 0.0546624 0.0003 0.0671338 1.26316 
600.11 49.9892 0.00141433 0.00141439 -1.17653e-07 -0.000801824 0.0985537 0.0546624 0.0003 -0.601922 1.27446 
600.11 50.0017 0.00141428 0.00141427 1.78291e-08 -0.000616804 0.0985531 0.0546624 0.0003 1.07051 2.50031 
600.11 50.0419 0.00141412 0.0014142 -1.52133e-07 -0.000702696 0.0985538 0.0546624 0.0003 2.43604 2.55337 
600.11 35.8776 0.00147377 0.00147702 -4.45308e-06 -5.41782e-05 0.0985727 0.0546624 0.0003 -2.56394 0.388696 
600.11 83.1102 0.00129208 0.00131563 -4.71747e-05 -0.0014604 0.0987702 0.0546624 0.0003 3.3828 0.392315 
600.11 54.8446 0.00139497 0.00139024 8.41708e-06 -0.000647658 0.0985149 0.0546624 0.0003 4.01276 1.0766 
600.11 49.9291 0.00141457 0.0014146 -3.627e-08 -0.000699549 0.0985533 0.0546624 0.0003 -2.0746 -2.16189 
600.11 50.0649 0.00141402 0.00141408 -9.94617e-08 -0.000703196 0.0985536 0.0546624 0.0003 2.90304 -2.53003 
600.11 49.9977 0.00141429 0.00141435 -1.13084e-07 -0.000748457 0.0985537 0.0546624 0.0003 -1.24133 -2.40828 
600.11 55.5933 0.00139203 0.00138307 1.75022e-05 -0.00100532 0.0984729 0.0546624 0.0003 2.2431 1.21286 
600.11 64.0299 0.0013598 0.00136278 -1.47923e-06 -0.00115266 0.0985579 0.0546624 0.0003 4.06682 -0.0599936 
600.11 50.0003 0.00141428 0.00141428 9.35736e-09 -0.000661735 0.0985531 0.0546624 0.0003 2.5133 3.39249 
600.11 50.0001 0.00141429 0.00141429 -4.20541e-10 -0.000703456 0.0985532 0.0546624 0.0003 1.32702 3.14388 
600.11 50.0007 0.00141428 0.00141428 1.50536e-08 -0.000685902 0.0985531 0.0546624 0.0003 2.63623 3.26577 
600.11 30.9383 0.00149574 0.00148577 2.06488e-05 8.95877e-05 0.099282 1.39979 0.0003 -2.8 -0.0836474 
600.11 50.007 0.00141426 0.00141427 -2.4531e-08 -0.000716464 0.0985533 0.0546624 0.0003 1.02699 -2.16868 
600.11 49.5384 0.00141615 0.00141557 1.11152e-06 -0.000770069 0.0985481 0.0546624 0.0003 -3.1872 -1.91258 
600.11 49.9918 0.00141432 0.00141432 -5.51477e-09 -0.00071703 0.0985532 0.0546624 0.0003 -1.94869 -2.55745 
600.11 50.021 0.0014142 0.00141422 -3.11641e-08 -0.000705925 0.0985533 0.0546624 0.0003 1.36866 -2.20279 
600.11 50.3657 0.00141281 0.00141145 2.7756e-06 -0.000839603 0.0985404 0.0546624 0.0003 0.929889 0.657081 
600.11 49.9781 0.00141437 0.00141448 -2.21287e-07 -0.000487928 0.0985542 0.0546624 0.0003 -1.04064 -1.6856 
600.11 50.0568 0.00141406 0.00141403 4.45317e-08 -0.000682751 0.098553 0.0546624 0.0003 0.479761 -0.434193 
600.11 65.8426 0.00135306 0.00136895 -3.07982e-05 -0.00115652 0.0986944 0.0546624 0.0003 2.98142 1.01111 
600.11 38.4218 0.00146269 0.00147319 -2.01924e-05 -0.00012008 0.0986456 0.0546624 0.0003 -3.59228 0.430349 
600.11 50 0.00141429 0.00141429 5.4739e-13 -0.000693053 0.0985532 0.0546624 0.0003 -0.944685 3.75181 
600.11 50.0004 0.00141428 0.00141427 3.14257e-08 -0.000698479 0.098553 0.0546624 0.0003 0.781939 2.55622 
600.11 49.9872 0.00141434 0.00141438 -8.10205e-08 -0.000707749 0.0985535 0.0546624 0.0003 -2.51761 -2.64082 
600.11 50.0044 0.00141427 0.00141425 2.96244e-08 -0.000490398 0.098553 0.0546624 0.0003 0.518099 -1.6967 
600.11 48.6341 0.00141983 0.00142293 -6.25508e-06 -0.000632228 0.0985819 0.0546624 0.0003 -3.68092 -1.47213 
600.11 49.6473 0.00141571 0.00141674 -2.126e-06 -0.000693733 0.098563 0.0546624 0.0003 -2.36615 1.88573 
600.11 36.7815 0.00146978 0.00147077 -3.82634e-06 -0.000142801 0.0985715 0.0546624 0.0003 -2.7187 -0.571382 
600.11 50.0008 0.00141428 0.00141427 1.6424e-08 -0.000702742 0.0985531 0.0546624 0.0003 1.89379 3.08134 
600.11 59.2941 0.00137771 0.00138472 -1.42623e-05 -0.000872474 0.0986188 0.0546624 0.0003 3.51858 -1.1299 
600.11 50 0.00141429 0.00141429 -7.37222e-16 -0.000698955 0.0985532 0.0546624 0.0003 -0.0262837 -3.97365 
600.11 49.9972 0.0014143 0.00141429 8.97408e-09 -0.000720029 0.0985531 0.0546624 0.0003 -3.04905 2.94925 
600.11 50.0573 0.00141405 0.00141396 1.44064e-07 -0.00043558 0.0985525 0.0546624 0.0003 2.6329 2.52948 
600.11 90.885 0.00126638 0.00128626 -4.08183e-05 -0.00210401 0.0987414 0.0546624 0.0003 2.71889 0.12175 
600.11 93.6578 0.00125743 0.00125794 -3.20393e-06 -0.0024442 0.0985689 0.0546624 0.0003 3.16231 -0.0583365 
600.11 47.5093 0.00142442 0.00142151 5.6476e-06 -0.000623797 0.0985273 0.0546624 0.0003 -1.76598 0.719932 
600.11 50 0.00141429 0.00141429 -1.18397e-15 -0.000705355 0.0985532 0.0546624 0.0003 -0.126419 3.8494 
600.11 50 0.00141429 0.00141429 -1.69444e-11 -0.000702759 0.0985532 0.0546624 0.0003 1.23062 3.57002 
600.11 49.958 0.00141446 0.00141438 1.39877e-07 -0.0007023 0.0985525 0.0546624 0.0003 -1.48675 1.93717 
600.11 50 0.00141429 0.00141429 -2.17671e-09 -0.000717353 0.0985532 0.0546624 0.0003 -0.38505 2.41654 
600.11 49.9999 0.00141429 0.00141429 4.90226e-10 -0.000650615 0.0985532 0.0546624 0.0003 -0.174702 -1.91641 
600.11 50 0.00141429 0.00141429 1.08683e-09 -0.000698826 0.0985532 0.0546624 0.0003 1.44524 3.62209 
600.11 42.1024 0.00144692 0.00143868 1.61931e-05 -0.000487936 0.0984788 0.0546624 0.0003 -2.54654 -0.839418 
600.11 50.0195 0.00141421 0.00141421 -1.63407e-08 -0.000618733 0.0985532 0.0546624 0.0003 0.388876 0.875532 
600.11 50.0088 0.00141425 0.00141411 2.96627e-07 -0.000640562 0.0985518 0.0546624 0.0003 2.99746 2.89266 
600.11 50 0.00141429 0.00141429 2.84634e-11 -0.000702903 0.0985532 0.0546624 0.0003 -0.852915 2.92353 
600.11 50.2635 0.00141322 0.00141358 -6.7652e-07 -0.000556295 0.0985563 0.0546624 0.0003 3.46446 -2.19573 
600.11 50.2582 0.00141324 0.00141275 9.1112e-07 -0.000703 0.098549 0.0546624 0.0003 3.25016 2.23513 
600.11 64.669 0.00135737 0.00136487 -2.17562e-05 -0.0012551 0.0986563 0.0546624 0.0003 2.81558 1.03195 
600.11 49.9458 0.0014145 0.00141486 -7.6525e-07 -0.000720719 0.0985567 0.0546624 0.0003 -1.61223 -1.96684 
600.11 50 0.00141429 0.00141429 1.7704e-15 -0.000703065 0.0985532 0.0546624 0.0003 -0.363173 -4.22253 
600.11 54.7457 0.00139536 0.00138982 1.09297e-05 -0.000958326 0.098503 0.0546624 0.0003 2.02743 1.12202 
600.11 50.0001 0.00141429 0.00141429 -2.62425e-10 -0.000694476 0.0985532 0.0546624 0.0003 0.87003 2.90651 
600.11 44.3888 0.00143732 0.00143114 1.17998e-05 -0.000587171 0.0984991 0.0546624 0.0003 -3.9751 0.542498 
600.11 38.1042 0.00146406 0.0014755 -2.24047e-05 -0.000156256 0.098656 0.0546624 0.0003 -2.35257 0.300492 
600.11 51.8836 0.00140672 0.00140715 -2.32821e-07 -0.000695777 0.098554 0.0546624 0.0003 3.62218 -1.6499 
600.11 65.2245 0.00135532 0.00135006 9.18776e-06 -0.00118352 0.0985115 0.0546624 0.0003 2.53296 0.918792 
600.11 52.4047 0.00140463 0.00139829 1.38701e-05 -0.00054169 0.0984888 0.0546624 0.0003 3.24568 -1.67662 
600.11 48.9085 0.00141871 0.00141738 2.56191e-06 -0.000738314 0.0985414 0.0546624 0.0003 -3.40008 -1.63996 
600.11 56.6395 0.00138796 0.0013889 -2.26343e-06 -0.00098716 0.0985637 0.0546624 0.0003 3.50978 -1.27103 
600.11 50 0.00141429 0.00141429 9.11727e-16 -0.000699791 0.0985532 0.0546624 0.0003 -0.382451 -4.16794 
600.11 49.9994 0.00141429 0.00141429 1.58839e-09 -0.000706806 0.0985531 0.0546624 0.0003 -1.91332 2.99407 
600.11 50.1855 0.00141354 0.00141188 3.55906e-06 -0.000577768 0.0985367 0.0546624 0.0003 2.28098 -2.20575 
600.11 50.0012 0.00141428 0.00141428 -3.03874e-09 -0.000657202 0.0985532 0.0546624 0.0003 1.31221 2.73774 
600.11 50 0.00141429 0.00141429 1.4054e-10 -0.000703072 0.0985532 0.0546624 0.0003 -1.97143 3.43996 
600.11 50 0.00141429 0.00141429 -3.24669e-13 -0.00070311 0.0985532 0.0546624 0.0003 -0.00554049 -3.91686 
600.11 50.0049 0.00141427 0.00141428 -1.85002e-08 -0.000703161 0.0985532 0.0546624 0.0003 0.76022 -1.98208 
600.11 50 0.00141429 0.00141429 -3.21976e-11 -0.000703123 0.0985532 0.0546624 0.0003 0.155924 2.5898 
600.11 50.0111 0.00141424 0.00141414 2.35605e-07 -0.00067967 0.0985521 0.0546624 0.0003 0.860718 1.88813 
600.11 48.1175 0.00142193 0.0014192 5.17237e-06 -0.000708951 0.0985295 0.0546624 0.0003 -2.61836 1.47296 
600.11 45.6301 0.00143217 0.00143149 1.45174e-06 -0.0005617 0.0985464 0.0546624 0.0003 -4.14904 -0.412646 
600.11 50.0193 0.00141421 0.00141425 -6.98994e-08 -0.000703424 0.0985535 0.0546624 0.0003 1.17622 2.06707 
600.11 50.0749 0.00141398 0.00141409 -2.08845e-07 -0.000705467 0.0985541 0.0546624 0.0003 1.55389 -2.04421 
600.11 49.9995 0.00141429 0.00141429 8.10822e-10 -0.00068778 0.0985532 0.0546624 0.0003 -1.21214 -2.6934 
600.11 50 0.00141429 0.00141429 6.44748e-11 -0.000637373 0.0985532 0.0546624 0.0003 -0.185336 -2.79498 
600.11 35.3006 0.00147629 0.00147425 5.02065e-06 -7.66688e-05 0.0985296 0.0546624 0.0003 -2.63067 0.406685 
600.11 42.1609 0.00144667 0.00143873 1.49483e-05 -0.000474497 0.0984848 0.0546624 0.0003 -2.0668 -0.215848 
600.11 49.9699 0.00141441 0.00141445 -5.13969e-08 -0.00071199 0.0985534 0.0546624 0.0003 -2.08909 -2.3535 
600.11 44.574 0.00143657 0.00144751 -2.222e-05 -0.000429261 0.0986555 0.0546624 0.0003 -2.98583 1.13081 
600.11 50.3404 0.00141291 0.00141335 -7.14792e-07 -0.000695248 0.0985564 0.0546624 0.0003 3.5149 -2.12616 
600.11 50 0.00141429 0.00141429 -6.07153e-14 -0.000740108 0.0985532 0.0546624 0.0003 0.318616 -3.64086 
600.11 50.2147 0.00141342 0.00141382 -7.26716e-07 -0.00070776 0.0985565 0.0546624 0.0003 2.54788 2.24339 
600.11 43.9331 0.00143922 0.00143166 1.45731e-05 -0.000542984 0.0984864 0.0546624 0.0003 -2.85583 -1.07135 
600.11 50.3937 0.0014127 0.00141103 3.40623e-06 -0.000737867 0.0985375 0.0546624 0.0003 1.14498 -1.09719 
600.11 56.7247 0.00138761 0.00137123 3.34604e-05 -0.00116645 0.098399 0.0546624 0.0003 2.78751 1.34845 
600.11 57.8465 0.00138326 0.00137013 2.64855e-05 -0.00115543 0.0984312 0.0546624 0.0003 2.36605 1.14465 
600.11 68.4589 0.00134346 0.00136047 -3.35537e-05 -0.00123117 0.0987073 0.0546624 0.0003 2.96708 -0.933745 
600.11 49.8774 0.00141478 0.0014153 -1.06015e-06 -0.000727856 0.098558 0.0546624 0.0003 -1.40691 1.56718 
600.11 45.225 0.00143384 0.00142863 9.8204e-06 -0.00057025 0.0985083 0.0546624 0.0003 -3.79251 -0.880436 
600.11 49.9978 0.00141429 0.00141434 -1.10735e-07 -0.000704401 0.0985537 0.0546624 0.0003 -0.375033 -1.42929 
600.11 50.9939 0.00141028 0.00140897 2.40673e-06 -0.000732081 0.0985422 0.0546624 0.0003 1.12584 0.473987 
600.11 50 0.00141429 0.00141429 -2.19213e-11 -0.000511772 0.0985532 0.0546624 0.0003 -0.38994 -3.04717 
600.11 41.097 0.00145119 0.00144273 1.67362e-05 -0.000464758 0.0984763 0.0546624 0.0003 -2.25867 0.493256 
600.11 50 0.00141429 0.00141429 1.98775e-11 -0.0007031 0.0985532 0.0546624 0.0003 1.50011 3.68905 
600.11 50.0006 0.00141428 0.00141428 6.65591e-09 -0.000671096 0.0985531 0.0546624 0.0003 -0.0482013 0.455007 
600.11 50 0.00141429 0.00141429 -7.05539e-12 -0.000702209 0.0985532 0.0546624 0.0003 0.0177253 -2.84968 
600.11 49.7167 0.00141543 0.00141533 1.99049e-07 -0.000692751 0.0985522 0.0546624 0.0003 -0.983249 0.323292 
600.11 73.8224 0.00132418 0.00131404 2.63292e-05 -0.00178605 0.0984293 0.0546624 0.0003 2.81623 -0.767651 
600.11 41.7868 0.00144826 0.0014428 9.15476e-06 -0.000490662 0.0985119 0.0546624 0.0003 -3.68169 0.638032 
600.11 69.2641 0.00134053 0.00135639 -3.10136e-05 -0.00110423 0.0986955 0.0546624 0.0003 3.70845 -0.573795 
600.11 49.4846 0.00141637 0.00141716 -1.61814e-06 -0.000691829 0.0985606 0.0546624 0.0003 -1.12553 0.268559 
600.11 50 0.00141429 0.00141429 -1.22246e-09 -0.000703438 0.0985532 0.0546624 0.0003 -0.0972529 -2.42023 
600.11 50 0.00141429 0.00141429 -8.77181e-15 -0.000710914 0.0985532 0.0546624 0.0003 -0.231691 -3.97913 
600.11 49.9976 0.0014143 0.00141429 8.8754e-09 -0.000703101 0.0985531 0.0546624 0.0003 -1.28489 2.43205 
600.11 50 0.00141429 0.00141429 -2.27393e-12 -0.000701197 0.0985532 0.0546624 0.0003 -0.558237 3.46356 
600.11 51.8116 0.00140701 0.00140949 -4.58931e-06 -0.000754651 0.0985741 0.0546624 0.0003 1.33312 -0.607492 
600.11 50 0.00141429 0.00141429 -2.21979e-12 -0.000702761 0.0985532 0.0546624 0.0003 0.0260601 -2.93926 
600.11 49.9983 0.00141429 0.00141429 4.91898e-09 -0.000570565 0.0985531 0.0546624 0.0003 -0.265478 1.26288 
600.11 50 0.00141429 0.00141429 5.88541e-10 -0.000703207 0.0985532 0.0546624 0.0003 1.01914 3.23488 
600.11 49.6824 0.00141557 0.00141575 -3.43357e-07 -0.000675624 0.0985547 0.0546624 0.0003 -1.64919 1.49513 
600.11 50.0028 0.00141427 0.0014143 -4.39606e-08 -0.00074336 0.0985534 0.0546624 0.0003 0.0378579 -0.635414 
600.11 49.9571 0.00141446 0.0014146 -2.95827e-07 -0.000699607 0.0985545 0.0546624 0.0003 -0.611254 -0.561781 
600.11 50.1721 0.00141359 0.00141328 6.7746e-07 -0.000538669 0.09855 0.0546624 0.0003 3.38487 2.30373 
600.11 49.9962 0.0014143 0.00141429 2.05968e-08 -0.000703185 0.0985531 0.0546624 0.0003 -0.165964 -0.141135 
600.11 31.5724 0.00149288 0.00148469 1.7262e-05 7.49216e-05 0.0992738 1.39979 0.0003 -3.26812 -0.0910812 
600.11 50.6452 0.00141169 0.00141251 -1.50115e-06 -0.000716507 0.09856 0.0546624 0.0003 1.04141 -0.568569 
600.11 50 0.00141429 0.00141428 2.99374e-09 -0.000704989 0.0985531 0.0546624 0.0003 0.338759 2.68385 
600.11 49.8727 0.0014148 0.00141583 -2.2157e-06 -0.000729333 0.0985634 0.0546624 0.0003 -1.01654 1.01141 
600.11 50.0001 0.00141429 0.00141429 -1.205e-10 -0.000703053 0.0985532 0.0546624 0.0003 0.35452 2.50973 
600.11 50.0059 0.00141426 0.00141426 4.56928e-09 -0.000667486 0.0985531 0.0546624 0.0003 2.51307 -2.91995 
600.11 49.8415 0.00141493 0.00141561 -1.48722e-06 -0.00072362 0.0985601 0.0546624 0.0003 -1.12091 1.10016 
600.11 50 0.00141429 0.00141429 1.89739e-12 -0.000702819 0.0985532 0.0546624 0.0003 0.772473 3.98712 
600.11 49.9799 0.00141437 0.00141438 -1.92018e-08 -0.000748859 0.0985532 0.0546624 0.0003 -1.427 2.07116 
600.11 73.7321 0.00132445 0.00130815 3.02526e-05 -0.00184832 0.0984151 0.0546624 0.0003 3.34978 -0.710663 
600.11 49.9999 0.00141429 0.00141429 3.36194e-10 -0.000700998 0.0985532 0.0546624 0.0003 -0.936238 2.78352 
600.11 49.7519 0.00141529 0.00141561 -9.31399e-07 -0.000704529 0.0985576 0.0546624 0.0003 -3.71247 -1.94769 
600.11 50.0144 0.00141423 0.00141413 1.95059e-07 -0.000699689 0.0985523 0.0546624 0.0003 1.91565 -2.59046 
600.11 49.9991 0.00141429 0.00141429 3.39067e-09 -0.000701462 0.0985531 0.0546624 0.0003 -1.85321 2.91873 
600.11 49.9949 0.00141431 0.00141431 1.08439e-09 -0.000702841 0.0985532 0.0546624 0.0003 -0.405843 -1.16643 
600.11 78.4416 0.00130797 0.0012931 2.83775e-05 -0.00185078 0.0984233 0.0546624 0.0003 2.46768 0.408052 
600.11 49.9572 0.00141446 0.00141437 1.51424e-07 -0.000700959 0.0985525 0.0546624 0.0003 -1.2761 -1.7468 
600.11 49.8729 0.0014148 0.00141457 4.17622e-07 -0.000700239 0.0985513 0.0546624 0.0003 -2.19364 -2.07516 
600.11 64.2701 0.00135888 0.00135728 2.83345e-06 -0.00103389 0.0985403 0.0546624 0.0003 2.71308 1.02141 
600.11 49.9872 0.00141434 0.00141433 3.11014e-09 -0.000705415 0.0985531 0.0546624 0.0003 -2.11198 2.53317 
600.11 50.9113 0.00141061 0.00141138 -1.53526e-06 -0.000731646 0.0985602 0.0546624 0.0003 1.91401 1.62542 
600.11 50.0011 0.00141428 0.00141427 1.45439e-08 -0.000702138 0.0985531 0.0546624 0.0003 1.25475 2.71232 
600.11 50.0001 0.00141429 0.00141429 -2.2241e-10 -0.00070388 0.0985532 0.0546624 0.0003 0.554462 -2.63746 
600.11 60.6837 0.00137238 0.00135873 2.71653e-05 -0.00132526 0.0984283 0.0546624 0.0003 3.28051 1.15364 
600.11 49.9938 0.00141431 0.00141432 -2.18261e-08 -0.000712368 0.0985533 0.0546624 0.0003 -0.333071 -0.876292 
600.11 50.0012 0.00141428 0.00141427 1.86873e-08 -0.000702407 0.0985531 0.0546624 0.0003 -0.0327663 0.168651 
600.11 50.0001 0.00141429 0.00141429 4.41948e-10 -0.000668617 0.0985532 0.0546624 0.0003 2.06251 3.51231 
600.11 65.1995 0.00135541 0.00134488 2.03549e-05 -0.00144378 0.0984599 0.0546624 0.0003 3.37533 0.960778 
600.11 59.6984 0.00137613 0.00135772 3.73649e-05 -0.00126861 0.0983811 0.0546624 0.0003 3.38504 1.16458 
600.11 49.9972 0.0014143 0.00141429 9.2562e-09 -0.000704708 0.0985531 0.0546624 0.0003 -0.998328 2.16663 
600.11 49.4533 0.0014165 0.00141599 9.36519e-07 -0.000684686 0.0985489 0.0546624 0.0003 -3.49686 -1.81116 
600.11 49.9083 0.00141466 0.00141452 2.36244e-07 -0.000671058 0.0985521 0.0546624 0.0003 -3.16636 2.29106 
600.11 50.5906 0.00141191 0.00141274 -1.43951e-06 -0.000714476 0.0985597 0.0546624 0.0003 1.92199 -1.756 
600.11 49.9842 0.00141435 0.00141434 2.88914e-08 -0.00070263 0.098553 0.0546624 0.0003 -1.10475 1.84674 
600.11 50.0899 0.00141392 0.00141407 -2.74225e-07 -0.000689829 0.0985544 0.0546624 0.0003 0.576435 0.465297 
600.11 44.5891 0.0014365 0.00144521 -1.73227e-05 -0.000436058 0.0986328 0.0546624 0.0003 -4.0602 0.39702 
600.11 45.2206 0.00143387 0.00143496 -1.87449e-06 -0.000581424 0.0985616 0.0546624 0.0003 -3.5386 1.05491 
600.11 50 0.00141429 0.00141429 -1.65278e-13 -0.000704318 0.0985532 0.0546624 0.0003 1.0274 4.05234 
600.11 50.012 0.00141424 0.00141426 -3.83916e-08 -0.000703475 0.0985533 0.0546624 0.0003 0.495536 1.33789 
600.11 57.7557 0.00138361 0.00136499 3.81574e-05 -0.00112957 0.0983773 0.0546624 0.0003 1.86555 0.660808 
600.11 50.0002 0.00141428 0.00141429 -6.29114e-10 -0.000702942 0.0985532 0.0546624 0.0003 0.645415 -2.54764 
600.11 50 0.00141429 0.00141429 1.26225e-12 -0.000699665 0.0985532 0.0546624 0.0003 -0.369076 -3.13288 
600.11 50 0.00141429 0.00141429 -5.36685e-13 -0.00070302 0.0985532 0.0546624 0.0003 -0.279204 2.51594 
600.11 49.9907 0.00141432 0.00141431 2.36596e-08 -0.000702332 0.098553 0.0546624 0.0003 -2.71243 2.72707 
600.11 49.7669 0.00141523 0.00141578 -1.1323e-06 -0.000769259 0.0985584 0.0546624 0.0003 -1.67041 1.61113 
600.11 50.1158 0.00141382 0.00141378 7.17564e-08 -0.00070744 0.0985528 0.0546624 0.0003 1.50365 -1.89855 
600.11 47.1378 0.00142594 0.00142218 7.21206e-06 -0.000562922 0.0985201 0.0546624 0.0003 -1.82799 0.728796 
600.11 50 0.00141429 0.00141429 -2.02205e-12 -0.000703032 0.0985532 0.0546624 0.0003 -0.12143 3.45625 
600.11 57.8053 0.00138345 0.0013904 -1.30955e-05 -0.000673285 0.098613 0.0546624 0.0003 1.6994 -0.157372 
600.11 50.1828 0.00141355 0.00141378 -4.72031e-07 -0.000704697 0.0985553 0.0546624 0.0003 1.72266 -1.94038 
600.11 41.8697 0.00144793 0.00146022 -2.45506e-05 -0.000224399 0.0986661 0.0546624 0.0003 -2.51386 0.803873 
600.11 33.0547 0.00148626 0.00148546 4.7448e-06 5.08723e-05 0.0992442 1.39979 0.0003 -3.14068 0.377909 
600.11 48.9072 0.00141871 0.00141703 3.1713e-06 -0.000746647 0.0985387 0.0546624 0.0003 -2.94278 -1.68667 
600.11 49.9988 0.00141429 0.00141429 4.13063e-09 -0.000706839 0.0985531 0.0546624 0.0003 -0.458649 -1.74954 
600.11 50 0.00141429 0.00141429 2.6176e-10 -0.000621222 0.0985532 0.0546624 0.0003 -0.313736 2.58254 
600.11 33.7776 0.00148303 0.00148488 -2.87689e-06 6.05785e-05 0.0992252 1.39979 0.0003 -3.3911 -0.228654 
600.11 50 0.00141429 0.00141429 -1.17033e-11 -0.000703115 0.0985532 0.0546624 0.0003 -1.19587 -3.34423 
600.11 68.6448 0.00134273 0.00133009 2.22901e-05 -0.00160217 0.098452 0.0546624 0.0003 3.92364 0.103785 
600.11 54.5996 0.00139594 0.00138961 1.41893e-05 -0.000865538 0.0984872 0.0546624 0.0003 4.06951 1.04464 
600.11 45.7661 0.00143159 0.00142589 1.09005e-05 -0.00063178 0.0985033 0.0546624 0.0003 -1.78764 0.22629 
600.11 50.0021 0.00141428 0.00141428 -4.00337e-09 -0.000711741 0.0985532 0.0546624 0.0003 0.274391 1.52473 
600.11 49.6598 0.00141566 0.00141562 9.66434e-08 -0.000694469 0.0985527 0.0546624 0.0003 -2.73158 -1.98001 
600.11 50.0017 0.00141428 0.00141428 4.26882e-09 -0.000672624 0.0985531 0.0546624 0.0003 1.1635 -2.57468 
600.11 34.4133 0.00148022 0.00148712 -1.27784e-05 1.97133e-07 0.0992014 1.39979 0.0003 -3.48285 -0.106651 
600.11 53.6514 0.00139967 0.00138754 2.51666e-05 -0.000993369 0.098437 0.0546624 0.0003 1.43201 0.0581982 
600.11 49.9994 0.00141429 0.00141429 2.40256e-09 -0.000494583 0.0985531 0.0546624 0.0003 -0.322269 1.70838 
600.11 50 0.00141429 0.00141429 -3.03997e-11 -0.000716007 0.0985532 0.0546624 0.0003 -0.0564654 2.83294 
600.11 50.0304 0.00141416 0.00141371 9.92049e-07 -0.000652618 0.0985486 0.0546624 0.0003 1.50289 -2.21635 
600.11 47.2094 0.00142566 0.00143003 -8.77458e-06 -0.000577793 0.0985935 0.0546624 0.0003 -1.89385 -0.840802 
600.11 41.7258 0.00144852 0.00144025 1.59398e-05 -0.000499673 0.0984801 0.0546624 0.0003 -3.70746 -0.603391 
600.11 49.9999 0.00141429 0.00141429 2.14366e-10 -0.000493193 0.0985532 0.0546624 0.0003 -1.57845 -3.19287 
600.11 49.9991 0.00141429 0.00141429 3.07305e-09 -0.000749582 0.0985531 0.0546624 0.0003 -2.14784 -3.01628 
600.11 50.0002 0.00141428 0.00141428 2.14552e-08 -0.000615776 0.0985531 0.0546624 0.0003 0.948796 2.77934 
600.11 59.6377 0.00137637 0.00136443 2.33955e-05 -0.00115898 0.0984458 0.0546624 0.0003 3.80438 -0.929285 
600.11 50.0022 0.00141428 0.00141426 3.88693e-08 -0.000704836 0.098553 0.0546624 0.0003 1.60827 2.7909 
600.11 50.0022 0.00141428 0.00141428 -8.44215e-09 -0.000702967 0.0985532 0.0546624 0.0003 0.866455 2.27386 
600.11 49.9999 0.00141429 0.00141429 -2.28625e-09 -0.000706928 0.0985532 0.0546624 0.0003 -0.0969249 -1.69322 
600.11 62.4113 0.00136587 0.00137114 -6.90798e-06 -0.00115163 0.0985832 0.0546624 0.0003 4.10117 -0.221884 
600.11 49.9113 0.00141464 0.00141455 1.52771e-07 -0.000789146 0.0985525 0.0546624 0.0003 -0.701364 -0.159161 
600.11 49.8182 0.00141502 0.0014147 5.89808e-07 -0.000698258 0.0985505 0.0546624 0.0003 -1.29557 -1.30406 
600.11 31.4216 0.00149356 0.00148792 1.23474e-05 0.000111614 0.099262 1.39979 0.0003 -3.24668 -0.106749 
600.11 49.6847 0.00141556 0.00141519 7.36108e-07 -0.000694833 0.0985498 0.0546624 0.0003 -1.56043 1.41215 
600.11 50.0059 0.00141426 0.00141423 6.73337e-08 -0.000718073 0.0985528 0.0546624 0.0003 1.54281 -2.57557 
600.11 49.9891 0.00141433 0.00141441 -1.78984e-07 -0.000692713 0.098554 0.0546624 0.0003 -0.969506 1.80039 
600.11 50.6836 0.00141153 0.00140856 6.19587e-06 -0.000763366 0.0985245 0.0546624 0.0003 1.26023 1.03791 
600.11 71.9671 0.00133079 0.00135089 -3.96408e-05 -0.00140516 0.0987352 0.0546624 0.0003 2.19358 0.228332 
600.11 49.9991 0.00141429 0.00141429 3.60575e-09 -0.000700514 0.0985531 0.0546624 0.0003 -0.814551 2.23286 
600.11 50.0001 0.00141429 0.00141429 -3.79832e-10 -0.000702637 0.0985532 0.0546624 0.0003 2.06653 -3.43822 
600.11 50.359 0.00141284 0.00141119 3.45931e-06 -0.000570328 0.0985372 0.0546624 0.0003 1.20818 1.23478 
600.11 49.9906 0.00141432 0.00141432 5.69268e-09 -0.000703286 0.0985531 0.0546624 0.0003 -2.36452 -2.66629 
600.11 50.0022 0.00141428 0.00141423 1.04788e-07 -0.000676093 0.0985527 0.0546624 0.0003 0.0543886 0.900377 
600.11 50.0023 0.00141428 0.00141427 7.13496e-09 -0.00070235 0.0985531 0.0546624 0.0003 1.72842 2.83913 
600.11 49.9988 0.00141429 0.0014143 -1.17489e-08 -0.000771987 0.0985532 0.0546624 0.0003 -0.893126 2.24942 
600.11 60.5905 0.00137273 0.00135772 2.99964e-05 -0.00132962 0.0984152 0.0546624 0.0003 3.95443 -0.712228 
600.11 50.0006 0.00141428 0.00141428 -1.34687e-10 -0.000638244 0.0985532 0.0546624 0.0003 0.648829 -2.352 
600.11 48.6848 0.00141962 0.00141959 3.7646e-07 -0.000642267 0.0985513 0.0546624 0.0003 -1.40971 -0.372218 
600.11 50.0003 0.00141428 0.00141428 -7.73915e-10 -0.000703246 0.0985532 0.0546624 0.0003 2.36939 3.35466 
600.11 50.0015 0.00141428 0.00141424 9.7889e-08 -0.000679489 0.0985527 0.0546624 0.0003 0.268778 -1.61721 
600.11 49.9723 0.0014144 0.00141439 4.33552e-09 -0.00070149 0.0985531 0.0546624 0.0003 -1.52997 -2.07087 
600.11 46.9354 0.00142678 0.00142405 5.4023e-06 -0.000629263 0.0985283 0.0546624 0.0003 -1.77224 -0.575008 
600.11 40.3975 0.00145419 0.00146151 -1.36015e-05 -0.000183323 0.0986152 0.0546624 0.0003 -2.51667 0.69693 
600.11 49.9999 0.00141429 0.00141429 4.72032e-10 -0.000702551 0.0985532 0.0546624 0.0003 -1.82351 -3.19578 
600.11 66.1402 0.00135197 0.00136519 -2.44505e-05 -0.00120432 0.0986647 0.0546624 0.0003 2.91142 0.998286 
600.11 50.0662 0.00141402 0.00141414 -2.21227e-07 -0.000697289 0.0985542 0.0546624 0.0003 0.523454 -0.507021 
600.11 50 0.00141429 0.00141429 -2.97914e-11 -0.000702842 0.0985532 0.0546624 0.0003 -0.122325 2.76623 
600.11 50.034 0.00141415 0.0014141 8.5148e-08 -0.000568898 0.0985528 0.0546624 0.0003 1.58965 2.24862 
600.11 49.8464 0.00141491 0.00141506 -2.79946e-07 -0.000722644 0.0985544 0.0546624 0.0003 -2.41853 -2.10578 
600.11 51.848 0.00140686 0.00140738 -5.48128e-08 -0.000357443 0.098553 0.0546624 0.0003 1.56083 -1.028 
600.11 75.7623 0.00131732 0.00132375 -1.57426e-05 -0.00171014 0.0986269 0.0546624 0.0003 2.7114 0.680712 
600.11 50.0187 0.00141421 0.00141419 3.28629e-08 -0.000585652 0.098553 0.0546624 0.0003 0.276059 -0.444633 
600.11 40.9043 0.00145201 0.00144299 1.85427e-05 -0.00040753 0.0984677 0.0546624 0.0003 -2.24012 0.441085 
600.11 70.2827 0.00133679 0.00132222 2.81404e-05 -0.00167544 0.0984242 0.0546624 0.0003 2.91568 -0.879853 
600.11 49.9999 0.00141429 0.00141429 6.55233e-10 -0.000701086 0.0985532 0.0546624 0.0003 -0.506971 2.38501 
600.11 79.7905 0.00130336 0.00131767 -2.93904e-05 -0.00169914 0.0986887 0.0546624 0.0003 3.57208 0.277177 
600.11 49.9626 0.00141444 0.00141436 1.35929e-07 -0.000702298 0.0985525 0.0546624 0.0003 -0.595944 0.611658 
600.11 41.9294 0.00144766 0.00144027 1.42295e-05 -0.000420219 0.098488 0.0546624 0.0003 -2.07029 -0.157059 
600.11 54.5027 0.00139631 0.00138493 2.33662e-05 -0.000946387 0.0984454 0.0546624 0.0003 2.49633 -1.41522 
600.11 48.9917 0.00141837 0.00141713 2.37777e-06 -0.00067413 0.0985423 0.0546624 0.0003 -2.83859 -1.70329 
600.11 48.1222 0.00142191 0.00142214 -6.90809e-07 -0.000612347 0.0985564 0.0546624 0.0003 -1.48595 0.160793 
600.11 48.0964 0.00142201 0.00141917 5.32154e-06 -0.000772909 0.0985288 0.0546624 0.0003 -3.68331 -1.35549 
600.11 50 0.00141429 0.00141429 -1.52426e-13 -0.000704021 0.0985532 0.0546624 0.0003 0.759694 -3.93122 
600.11 50 0.00141429 0.00141429 -1.31446e-09 -0.000711131 0.0985532 0.0546624 0.0003 -1.34633 3.17813 
600.11 50 0.00141429 0.00141429 2.3266e-13 -0.000681584 0.0985532 0.0546624 0.0003 0.220276 -3.72505 
600.11 50.0115 0.00141424 0.00141426 -3.48657e-08 -0.000703626 0.0985533 0.0546624 0.0003 0.421716 -1.20837 
600.11 50 0.00141429 0.00141429 2.21624e-12 -0.000718855 0.0985532 0.0546624 0.0003 0.650694 -3.70407 
600.11 44.9346 0.00143505 0.00143 1.04046e-05 -0.000561619 0.0985052 0.0546624 0.0003 -3.4235 -1.07994 
600.11 49.9969 0.0014143 0.00141429 1.09853e-08 -0.000701102 0.0985531 0.0546624 0.0003 -0.726003 1.84721 
600.11 50.0006 0.00141428 0.00141428 1.67263e-08 -0.000558671 0.0985531 0.0546624 0.0003 0.801281 2.46907 
600.11 49.9931 0.00141431 0.00141432 -4.87911e-09 -0.00070351 0.0985532 0.0546624 0.0003 -2.75873 -2.785 
600.11 40.8472 0.00145227 0.00145413 -3.07713e-06 -0.000288424 0.098567 0.0546624 0.0003 -2.74965 0.838815 
600.11 47.0109 0.00142647 0.00142802 -2.91686e-06 -0.000647987 0.0985665 0.0546624 0.0003 -2.72019 -1.33591 
600.11 50.0037 0.00141427 0.00141427 1.11259e-09 -0.000728944 0.0985531 0.0546624 0.0003 0.831345 2.1217 
600.11 50.1132 0.00141383 0.00141404 -3.91754e-07 -0.00059931 0.0985549 0.0546624 0.0003 0.859894 -1.1335 
600.11 44.3249 0.00143759 0.00143304 8.34104e-06 -0.000534938 0.0985151 0.0546624 0.0003 -3.9277 -0.611108 
600.11 49.0156 0.00141827 0.00141797 7.15599e-07 -0.000712226 0.0985498 0.0546624 0.0003 -2.86146 1.71234 
600.11 50.587 0.00141192 0.00141293 -1.8758e-06 -0.000717385 0.0985617 0.0546624 0.0003 1.17 -0.950186 
600.11 50.0084 0.00141425 0.00141426 -2.03154e-08 -0.000702873 0.0985532 0.0546624 0.0003 1.74678 2.61642 
600.11 66.0054 0.00135245 0.00135927 -1.31099e-05 -0.00110622 0.0986132 0.0546624 0.0003 3.84756 0.542716 
600.11 49.9815 0.00141436 0.00141435 2.34478e-08 -0.000713145 0.098553 0.0546624 0.0003 -0.851413 -1.49245 
600.11 50.1719 0.00141359 0.00141388 -5.37699e-07 -0.000540677 0.0985556 0.0546624 0.0003 1.12282 1.38975 
600.11 56.3846 0.00138896 0.00139646 -1.37112e-05 -0.000897716 0.0986156 0.0546624 0.0003 1.62138 -0.111887 
600.11 50 0.00141429 0.00141429 2.30034e-11 -0.000699545 0.0985532 0.0546624 0.0003 0.999682 3.48725 
600.11 49.9976 0.0014143 0.0014143 -1.59589e-08 -0.000700888 0.0985532 0.0546624 0.0003 -0.335325 1.30329 
600.11 52.9723 0.00140237 0.00139926 6.13395e-06 -0.000800789 0.098525 0.0546624 0.0003 3.01706 1.63188 
600.11 50.0053 0.00141426 0.00141414 2.75833e-07 -0.000524829 0.0985519 0.0546624 0.0003 2.86059 -2.97588 
600.11 49.2065 0.0014175 0.00141639 2.03471e-06 -0.000746165 0.0985439 0.0546624 0.0003 -2.68347 -1.74976 
600.11 49.9997 0.00141429 0.00141429 -1.98626e-09 -0.000702377 0.0985532 0.0546624 0.0003 -2.12225 -3.20784 
600.11 49.9967 0.0014143 0.00141432 -3.84986e-08 -0.000702376 0.0985533 0.0546624 0.0003 -0.266835 -0.986311 
600.11 91.6119 0.00126399 0.00125887 8.11427e-06 -0.00242296 0.0985168 0.0546624 0.0003 3.27604 -0.02522 
600.11 50 0.00141429 0.00141429 -7.10988e-13 -0.000702988 0.0985532 0.0546624 0.0003 0.50452 3.57173 
600.11 54.4464 0.00139655 0.00140255 -1.1391e-05 -0.00083079 0.0986053 0.0546624 0.0003 1.4961 0.0774346 
600.11 49.9959 0.0014143 0.00141435 -1.10288e-07 -0.000815315 0.0985537 0.0546624 0.0003 -0.538773 -1.50432 
600.11 49.9999 0.00141429 0.00141429 -1.92098e-10 -0.000703067 0.0985532 0.0546624 0.0003 -0.89897 2.85049 
600.11 49.9999 0.00141429 0.00141429 -1.00678e-10 -0.000656959 0.0985532 0.0546624 0.0003 -2.1736 3.34663 
600.11 49.9412 0.00141452 0.00141501 -1.03825e-06 -0.000724334 0.098558 0.0546624 0.0003 -2.15988 -2.23782 
600.11 49.9996 0.00141429 0.00141429 -1.31169e-09 -0.000699836 0.0985532 0.0546624 0.0003 -0.433518 1.9971 
600.11 48.9726 0.00141845 0.00142043 -3.91009e-06 -0.000643905 0.0985711 0.0546624 0.0003 -1.74207 1.15218 
600.11 50.0009 0.00141428 0.00141428 -9.03372e-10 -0.000703008 0.0985532 0.0546624 0.0003 1.90482 -3.07165 
600.11 49.9998 0.00141429 0.00141429 7.06536e-10 -0.00072294 0.0985532 0.0546624 0.0003 -0.478075 -2.21214 
600.11 50 0.00141429 0.00141429 -1.35925e-11 -0.000711858 0.0985532 0.0546624 0.0003 -0.575944 3.45057 
600.11 49.9983 0.00141429 0.00141429 -2.43372e-09 -0.000711847 0.0985532 0.0546624 0.0003 -1.82277 -2.78881 
600.11 49.9783 0.00141437 0.00141441 -8.32769e-08 -0.000683676 0.0985535 0.0546624 0.0003 -0.683038 1.14885 
600.11 50 0.00141429 0.00141429 -3.8774e-13 -0.000702488 0.0985532 0.0546624 0.0003 0.652128 -3.7108 
600.11 51.3598 0.00140881 0.00140867 -3.67087e-08 -0.000764696 0.0985535 0.0546624 0.0003 1.1483 0.0287669 
600.11 60.7247 0.00137224 0.00135953 2.93927e-05 -0.00110553 0.0984161 0.0546624 0.0003 3.63968 0.998074 
600.11 41.4836 0.00144957 0.00145426 -8.91223e-06 -0.000289856 0.0985939 0.0546624 0.0003 -2.68045 -0.857185 
600.11 50 0.00141429 0.00141429 1.60469e-11 -0.000731375 0.0985532 0.0546624 0.0003 -0.926906 -3.10813 
600.11 50.217 0.00141341 0.00141381 -7.31573e-07 -0.000706424 0.0985565 0.0546624 0.0003 0.71869 0.149123 
600.11 77.9834 0.00130961 0.00133011 -4.08277e-05 -0.00140661 0.0987408 0.0546624 0.0003 3.2647 -0.628676 
600.11 50.0215 0.0014142 0.00141401 4.07355e-07 -0.000495765 0.0985513 0.0546624 0.0003 0.285086 0.329608 
600.11 51.9641 0.00140639 0.00140823 -4.80741e-06 -0.000813709 0.0985758 0.0546624 0.0003 1.24867 -0.0509968 
600.11 42.0327 0.00144723 0.00144482 4.36301e-06 -0.0003724 0.0985333 0.0546624 0.0003 -3.92729 0.204901 
600.11 50 0.00141429 0.00141429 -7.8654e-12 -0.000660673 0.0985532 0.0546624 0.0003 -0.744227 3.49773 
600.11 51.2898 0.0014091 0.00141114 -3.83169e-06 -0.000721708 0.0985707 0.0546624 0.0003 1.8822 1.49362 
600.11 49.9127 0.00141464 0.00141448 2.87314e-07 -0.000704535 0.0985518 0.0546624 0.0003 -3.00751 2.30756 
600.11 51.229 0.00140934 0.00141119 -3.48003e-06 -0.000704917 0.0985691 0.0546624 0.0003 2.7197 1.85722 
600.11 50 0.00141429 0.00141429 -5.43795e-10 -0.000697538 0.0985532 0.0546624 0.0003 -1.54184 -3.39482 
600.11 53.8404 0.00139894 0.00139915 1.64192e-07 -0.00083718 0.0985521 0.0546624 0.0003 4.06746 1.12792 
600.11 63.1388 0.0013631 0.00134843 2.89406e-05 -0.00137502 0.0984202 0.0546624 0.0003 4.08896 -0.144999 
600.11 49.9992 0.00141429 0.00141428 2.39428e-08 -0.000703342 0.098553 0.0546624 0.0003 -0.0907972 -0.414335 
600.11 92.8567 0.00126001 0.00127635 -3.39751e-05 -0.00223288 0.09871 0.0546624 0.0003 2.98352 0.21786 
600.11 50.0002 0.00141428 0.00141428 2.90285e-09 -0.000702984 0.0985531 0.0546624 0.0003 0.143273 -1.94214 
600.11 40.4451 0.00145397 0.00144778 1.24049e-05 -0.000414597 0.0984961 0.0546624 0.0003 -3.57922 0.623086 
600.11 50 0.00141429 0.00141429 -6.0341e-10 -0.000703045 0.0985532 0.0546624 0.0003 -0.180971 -2.39028 
600.11 50.1521 0.00141367 0.00141358 1.64369e-07 -0.000710923 0.0985524 0.0546624 0.0003 0.767524 -0.769752 
600.11 63.4948 0.00136178 0.00136419 -5.24527e-06 -0.000998003 0.0985775 0.0546624 0.0003 3.96863 0.491954 
600.11 50.0906 0.00141392 0.00141399 -1.4002e-07 -0.00063085 0.0985538 0.0546624 0.0003 0.539595 -0.170939 
600.11 41.9805 0.00144745 0.00144211 1.0825e-05 -0.000485787 0.0985033 0.0546624 0.0003 -3.94189 -0.0909314 
600.11 50 0.00141429 0.00141429 -3.78324e-10 -0.000703325 0.0985532 0.0546624 0.0003 -0.217735 2.39735 
600.11 50.0004 0.00141428 0.00141428 -1.5807e-09 -0.000702837 0.0985532 0.0546624 0.0003 2.38846 -3.30359 
600.11 40.8243 0.00145235 0.00145143 1.32693e-06 -0.000280352 0.0985473 0.0546624 0.0003 -3.07411 -0.870583 
600.11 44.3945 0.0014373 0.00143134 1.22049e-05 -0.000516956 0.0984969 0.0546624 0.0003 -3.48989 -1.00316 
600.11 50.0016 0.00141428 0.00141424 8.44695e-08 -0.000697811 0.0985528 0.0546624 0.0003 0.0234932 0.880251 
600.11 50.0001 0.00141429 0.00141429 -1.00054e-10 -0.000704257 0.0985532 0.0546624 0.0003 2.04929 -3.49817 
600.11 49.458 0.00141648 0.00141857 -4.3675e-06 -0.000718745 0.0985733 0.0546624 0.0003 -3.38633 1.84051 
600.11 54.9976 0.00139436 0.00138036 2.88774e-05 -0.000988145 0.09842 0.0546624 0.0003 2.5316 -1.39103 
600.11 50 0.00141429 0.00141429 -2.70603e-12 -0.000703045 0.0985532 0.0546624 0.0003 1.33997 3.62981 
600.11 59.0217 0.00137873 0.00136532 2.60811e-05 -0.00125978 0.0984336 0.0546624 0.0003 3.65103 1.07312 
600.11 49.9863 0.00141434 0.00141441 -1.38511e-07 -0.000731417 0.0985538 0.0546624 0.0003 -3.25923 -2.65938 
600.11 50 0.00141429 0.00141429 3.00421e-12 -0.000703594 0.0985532 0.0546624 0.0003 1.24177 4.03321 
600.11 50.0007 0.00141428 0.00141428 -1.93958e-09 -0.00069456 0.0985532 0.0546624 0.0003 1.58369 2.9679 
600.11 49.9953 0.0014143 0.00141431 -1.64382e-08 -0.000745874 0.0985532 0.0546624 0.0003 -2.50753 -2.81831 
600.11 50.3174 0.001413 0.00141266 6.79551e-07 -0.000526712 0.09855 0.0546624 0.0003 3.63164 2.11105 
600.11 50.0001 0.00141429 0.00141429 3.3339e-10 -0.000701126 0.0985532 0.0546624 0.0003 2.31036 -3.49481 
600.11 50.0001 0.00141429 0.00141428 9.52017e-09 -0.000703846 0.0985531 0.0546624 0.0003 -0.0624264 -0.790862 
600.11 50.1448 0.0014137 0.00141393 -4.763e-07 -0.000705387 0.0985553 0.0546624 0.0003 2.39857 2.29414 
600.11 50.4804 0.00141235 0.00141321 -1.5877e-06 -0.000709198 0.0985604 0.0546624 0.0003 0.91427 -0.31265 
600.11 54.8853 0.00139481 0.00138761 1.44335e-05 -0.000999096 0.0984868 0.0546624 0.0003 2.53112 1.39879 
600.11 50 0.00141429 0.00141429 -6.34047e-14 -0.000703197 0.0985532 0.0546624 0.0003 -0.517684 3.9848 
600.11 49.8033 0.00141508 0.00141498 2.63584e-07 -0.000743202 0.0985519 0.0546624 0.0003 -2.32433 2.01832 
600.11 50.0076 0.00141426 0.0014141 3.36034e-07 -0.00055296 0.0985516 0.0546624 0.0003 0.845885 1.96873 
600.11 91.5352 0.00126424 0.001261 4.34424e-06 -0.00233966 0.0985342 0.0546624 0.0003 3.25943 0.106403 
600.11 50.0001 0.00141429 0.00141428 1.98025e-09 -0.000702703 0.0985531 0.0546624 0.0003 2.17833 3.42722 
600.11 49.9027 0.00141468 0.00141459 1.79854e-07 -0.000688635 0.0985523 0.0546624 0.0003 -0.789619 -0.576916 
600.11 49.9997 0.00141429 0.00141429 -6.25369e-09 -0.000703035 0.0985532 0.0546624 0.0003 -1.23361 2.76739 
600.11 49.9911 0.00141432 0.00141432 -3.02896e-09 -0.000727896 0.0985532 0.0546624 0.0003 -0.783225 -1.62783 
600.11 50.0002 0.00141428 0.00141429 -9.69785e-10 -0.000697912 0.0985532 0.0546624 0.0003 1.46389 3.08591 
600.11 49.9519 0.00141448 0.00141439 1.70137e-07 -0.000716339 0.0985524 0.0546624 0.0003 -1.89774 -2.16648 
600.11 71.2892 0.00133322 0.00135335 -3.9545e-05 -0.00134105 0.0987347 0.0546624 0.0003 2.71723 -0.808197 
600.11 47.9736 0.00142252 0.00142547 -7.30037e-06 -0.000752886 0.0985874 0.0546624 0.0003 -3.46615 -1.42337 
600.11 50.0038 0.00141427 0.00141427 -4.12027e-09 -0.000703027 0.0985532 0.0546624 0.0003 1.08083 2.34526 
600.11 83.5615 0.00129054 0.00129896 -1.82105e-05 -0.00192495 0.0986375 0.0546624 0.0003 2.48279 0.141026 
600.11 50.1044 0.00141386 0.00141385 1.15647e-07 -0.000679344 0.0985526 0.0546624 0.0003 3.00835 2.43804 
600.11 45.3206 0.00143344 0.00143384 -2.76923e-06 -0.000545721 0.0985668 0.0546624 0.0003 -4.15349 0.304184 
600.11 50.0014 0.00141428 0.00141428 -4.71157e-09 -0.000698315 0.0985532 0.0546624 0.0003 1.58954 -2.86269 
600.11 50.8753 0.00141076 0.00141188 -2.16115e-06 -0.000485708 0.0985631 0.0546624 0.0003 1.39069 -1.12726 
600.11 49.49 0.00141635 0.00141611 4.89891e-07 -0.000698678 0.0985509 0.0546624 0.0003 -3.07639 -1.89467 
600.11 50 0.00141429 0.00141429 1.04015e-12 -0.000703039 0.0985532 0.0546624 0.0003 -1.02504 -3.55283 
600.11 50 0.00141429 0.00141429 -1.60717e-14 -0.000703059 0.0985532 0.0546624 0.0003 -0.674393 3.97172 
600.11 49.999 0.00141429 0.00141429 -9.99749e-09 -0.000755525 0.0985532 0.0546624 0.0003 -2.70834 3.10841 
600.11 50 0.00141429 0.00141429 1.34708e-14 -0.00070306 0.0985532 0.0546624 0.0003 -0.0137515 -3.48466 
600.11 50.0148 0.00141423 0.00141422 1.44776e-08 -0.000705242 0.0985531 0.0546624 0.0003 0.645232 -1.52185 
600.11 67.0743 0.00134853 0.00136643 -3.49698e-05 -0.00121953 0.0987136 0.0546624 0.0003 3.1333 -0.965162 
600.11 50.0477 0.00141409 0.00141416 -1.30615e-07 -0.000703699 0.0985538 0.0546624 0.0003 1.05552 -1.71227 
600.11 50.0066 0.00141426 0.00141424 4.26395e-08 -0.000703537 0.098553 0.0546624 0.0003 1.76007 -2.66584 
600.11 79.1155 0.00130565 0.00128917 3.18752e-05 -0.00186369 0.0984071 0.0546624 0.0003 2.70743 0.584235 
600.11 50 0.00141429 0.00141429 5.12358e-11 -0.000710522 0.0985532 0.0546624 0.0003 -1.15003 -3.20355 
600.11 50.3817 0.00141275 0.00141344 -1.27845e-06 -0.000711443 0.098559 0.0546624 0.0003 2.07756 -1.95514 
600.11 50.0008 0.00141428 0.00141428 -2.94698e-09 -0.000702833 0.0985532 0.0546624 0.0003 1.97549 3.11918 
600.11 60.1773 0.0013743 0.00135784 3.2468e-05 -0.00124378 0.0984041 0.0546624 0.0003 2.6398 1.1522 
600.11 32.4171 0.0014891 0.0014887 1.9906e-06 0.000130283 0.099237 1.39979 0.0003 -2.64512 0.0190209 
600.11 50 0.00141429 0.00141429 3.29247e-13 -0.00070333 0.0985532 0.0546624 0.0003 -0.911246 -3.82051 
600.11 49.6043 0.00141589 0.00141731 -2.96261e-06 -0.00071126 0.0985668 0.0546624 0.0003 -2.12072 -1.75271 
600.11 50 0.00141429 0.00141429 -9.58261e-10 -0.000750187 0.0985532 0.0546624 0.0003 -0.189523 2.44567 
600.11 55.7913 0.00139125 0.0013771 2.89984e-05 -0.00103002 0.0984195 0.0546624 0.0003 2.71559 1.38888 
600.11 50 0.00141429 0.00141429 -2.10428e-09 -0.000716673 0.0985532 0.0546624 0.0003 -1.44985 3.39153 
600.11 68.0805 0.00134482 0.00135143 -1.39693e-05 -0.00132114 0.0986177 0.0546624 0.0003 2.16399 0.441146 
600.11 50.0538 0.00141407 0.0014139 3.38719e-07 -0.000711405 0.0985516 0.0546624 0.0003 0.697442 1.13744 
600.11 57.004 0.00138654 0.00138913 -5.72396e-06 -0.000918618 0.0985797 0.0546624 0.0003 3.4155 -1.28465 
600.11 52.1155 0.0014058 0.001409 -5.90614e-06 -0.000725201 0.0985801 0.0546624 0.0003 3.61333 -1.61842 
600.11 50.0808 0.00141396 0.00141373 4.82109e-07 -0.000708234 0.0985509 0.0546624 0.0003 2.51014 -2.44051 
600.11 50 0.00141429 0.00141429 -5.58213e-10 -0.000728443 0.0985532 0.0546624 0.0003 -0.179136 2.38744 
600.11 52.0857 0.00140591 0.00140518 1.01829e-06 -0.000789551 0.0985487 0.0546624 0.0003 1.67053 1.11489 
600.11 50.021 0.0014142 0.00141421 -3.79164e-09 -0.000703315 0.0985532 0.0546624 0.0003 1.2984 2.14994 
600.11 49.6484 0.00141571 0.00141509 1.13873e-06 -0.000701569 0.098548 0.0546624 0.0003 -3.13105 -1.98545 
600.11 49.9991 0.00141429 0.00141429 4.29879e-09 -0.000759103 0.0985531 0.0546624 0.0003 -0.233497 -1.42975 
600.11 49.9972 0.0014143 0.00141435 -1.15466e-07 -0.000732668 0.0985537 0.0546624 0.0003 -1.43373 -2.49752 
600.11 49.9999 0.00141429 0.00141429 6.19484e-10 -0.000729172 0.0985532 0.0546624 0.0003 -0.209869 1.93113 
600.11 64.9707 0.00135626 0.00134344 2.51367e-05 -0.00128692 0.0984378 0.0546624 0.0003 2.87897 1.03161 
600.11 49.935 0.00141455 0.00141502 -1.00842e-06 -0.000697748 0.0985578 0.0546624 0.0003 -0.756396 0.763075 
600.11 49.9502 0.00141449 0.0014144 1.65043e-07 -0.000698635 0.0985524 0.0546624 0.0003 -0.709797 -0.793128 
600.11 49.9102 0.00141465 0.00141485 -4.00562e-07 -0.000700967 0.098555 0.0546624 0.0003 -2.2859 2.18822 
600.11 49.7099 0.00141546 0.00141521 6.33711e-07 -0.00066176 0.0985502 0.0546624 0.0003 -3.40956 -1.99544 
600.11 38.0838 0.00146414 0.00146362 1.79162e-06 -0.000207981 0.0985446 0.0546624 0.0003 -3.71118 0.0418933 
600.11 49.9752 0.00141439 0.00141435 6.92703e-08 -0.000701571 0.0985528 0.0546624 0.0003 -1.74013 -2.22993 
600.11 50.0014 0.00141428 0.00141427 1.26939e-08 -0.000595018 0.0985531 0.0546624 0.0003 1.06246 2.5349 
600.11 58.3262 0.00138144 0.00139095 -1.82088e-05 -0.000883114 0.0986365 0.0546624 0.0003 3.14447 -1.27756 
600.11 50.0118 0.00141424 0.00141412 2.62548e-07 -0.000484135 0.0985519 0.0546624 0.0003 0.429856 -1.21515 
600.11 50.0001 0.00141429 0.00141429 -3.53072e-10 -0.000681272 0.0985532 0.0546624 0.0003 1.96189 3.43431 
600.11 49.2617 0.00141728 0.00141616 2.34795e-06 -0.000695821 0.0985423 0.0546624 0.0003 -3.23013 1.78344 
600.11 49.9517 0.00141448 0.00141495 -1.0174e-06 -0.000757418 0.0985579 0.0546624 0.0003 -0.62506 0.515792 
600.11 50 0.00141429 0.00141429 1.46574e-13 -0.000704253 0.0985532 0.0546624 0.0003 -1.04296 3.79348 
600.11 50.0009 0.00141428 0.00141428 -3.16786e-09 -0.00070395 0.0985532 0.0546624 0.0003 0.722732 2.33387 
600.11 50 0.00141429 0.00141429 6.98004e-13 -0.000682619 0.0985532 0.0546624 0.0003 0.391062 -3.92571 
600.11 44.8389 0.00143546 0.00144304 -1.51815e-05 -0.000412307 0.098623 0.0546624 0.0003 -2.24583 -0.87127 
600.11 46.6563 0.00142793 0.00142703 2.20679e-06 -0.000633517 0.0985428 0.0546624 0.0003 -4.01138 -0.854437 
600.11 48.2506 0.00142139 0.00142164 -1.22883e-06 -0.000633982 0.0985591 0.0546624 0.0003 -1.74533 0.901737 
600.11 49.9996 0.00141429 0.00141429 1.34993e-09 -0.000703415 0.0985531 0.0546624 0.0003 -0.901829 -2.49466 
600.11 51.7013 0.00140745 0.00140989 -4.61084e-06 -0.000749611 0.0985742 0.0546624 0.0003 1.2225 0.222702 
600.11 49.9999 0.00141429 0.00141429 4.55797e-10 -0.000684625 0.0985532 0.0546624 0.0003 -0.306198 -2.28965 
600.11 75.1389 0.00131948 0.00130056 3.68494e-05 -0.00194106 0.0983842 0.0546624 0.0003 3.62505 0.424515 
600.11 50.0054 0.00141426 0.00141422 8.7026e-08 -0.000513593 0.0985528 0.0546624 0.0003 0.880792 -2.08623 
600.11 61.025 0.00137111 0.00138257 -2.24174e-05 -0.00102652 0.098656 0.0546624 0.0003 3.29425 1.1364 
600.11 50.0335 0.00141415 0.0014142 -9.0079e-08 -0.000703731 0.0985536 0.0546624 0.0003 0.83972 -1.5463 
600.11 50 0.00141429 0.00141429 1.57296e-11 -0.000771315 0.0985532 0.0546624 0.0003 -0.959843 3.29538 
600.11 49.9997 0.00141429 0.00141429 2.41189e-09 -0.000703091 0.0985531 0.0546624 0.0003 -0.122977 1.35083 
600.11 50 0.00141429 0.00141429 -3.45892e-13 -0.000684285 0.0985532 0.0546624 0.0003 -0.105411 3.42342 
600.11 49.8391 0.00141494 0.00141482 2.41771e-07 -0.000672617 0.098552 0.0546624 0.0003 -2.85328 2.169 
600.11 49.989 0.00141433 0.00141432 2.80527e-08 -0.000703204 0.098553 0.0546624 0.0003 -2.25776 2.60863 
600.11 50.0267 0.00141418 0.00141418 1.97281e-11 -0.000524882 0.0985532 0.0546624 0.0003 2.82641 2.69286 
600.11 89.216 0.0012718 0.00128793 -3.33572e-05 -0.00210351 0.0987071 0.0546624 0.0003 2.64884 0.106818 
600.11 50.0202 0.0014142 0.00141425 -7.47333e-08 -0.000523121 0.0985535 0.0546624 0.0003 2.30469 -2.65917 
600.11 50 0.00141429 0.00141429 1.79205e-11 -0.000701535 0.0985532 0.0546624 0.0003 0.447669 3.24731 
600.11 49.9465 0.0014145 0.00141442 1.34046e-07 -0.000686988 0.0985526 0.0546624 0.0003 -0.976626 -1.30806 
600.11 49.9847 0.00141435 0.00141435 -7.25763e-10 -0.000834455 0.0985532 0.0546624 0.0003 -1.00107 1.74304 
600.11 38.1793 0.00146371 0.0014524 2.23794e-05 -0.000281662 0.0984503 0.0546624 0.0003 -2.29744 0.146614 
600.11 50.4324 0.00141254 0.00141228 5.04104e-07 -0.000650279 0.0985508 0.0546624 0.0003 1.46166 -1.47844 
600.11 48.3982 0.00142079 0.00141979 2.01122e-06 -0.000666058 0.0985439 0.0546624 0.0003 -1.57229 0.659989 
600.11 50 0.00141429 0.00141429 -1.09964e-11 -0.000703061 0.0985532 0.0546624 0.0003 0.363411 -3.04999 
600.11 49.7288 0.00141538 0.00141501 8.04477e-07 -0.000622839 0.0985494 0.0546624 0.0003 -0.954318 0.174355 
600.11 50.0061 0.00141426 0.00141423 7.53773e-08 -0.000740851 0.0985528 0.0546624 0.0003 0.603256 1.72905 
600.11 78.8976 0.00130642 0.00131248 -1.34588e-05 -0.00181669 0.0986157 0.0546624 0.0003 3.18253 -0.633031 
600.11 50 0.00141429 0.00141429 4.86847e-12 -0.000745783 0.0985532 0.0546624 0.0003 -1.52963 3.74568 
600.11 50.0368 0.00141414 0.00141418 -8.00572e-08 -0.000535805 0.0985535 0.0546624 0.0003 2.78179 -2.63022 
600.11 38.9767 0.00146029 0.00147278 -2.46659e-05 -0.000194856 0.0986665 0.0546624 0.0003 -3.76365 -0.0314573 
600.11 50.0326 0.00141415 0.00141419 -5.4027e-08 -0.000675488 0.0985534 0.0546624 0.0003 2.88137 2.65884 
600.11 50.0001 0.00141429 0.00141429 -2.23245e-10 -0.000722778 0.0985532 0.0546624 0.0003 0.42 2.58116 
600.11 50.0002 0.00141428 0.00141428 -4.70255e-11 -0.000517627 0.0985532 0.0546624 0.0003 2.0416 -3.3252 
600.11 50 0.00141429 0.00141429 9.16909e-14 -0.000702773 0.0985532 0.0546624 0.0003 -1.93534 -3.75005 
600.11 50.5865 0.00141192 0.00141293 -1.8529e-06 -0.000723766 0.0985616 0.0546624 0.0003 1.22987 -1.05792 
600.11 49.9667 0.00141442 0.00141436 1.14667e-07 -0.000719469 0.0985526 0.0546624 0.0003 -2.92332 2.50262 
600.11 58.7318 0.00137988 0.00138156 -8.97256e-08 -0.000965396 0.0985521 0.0546624 0.0003 2.54196 -1.18176 
600.11 50 0.00141429 0.00141429 4.90407e-11 -0.000703063 0.0985532 0.0546624 0.0003 -1.66481 -3.48148 
600.11 49.9999 0.00141429 0.00141429 4.48327e-10 -0.00070296 0.0985532 0.0546624 0.0003 -1.38106 3.00095 
600.11 49.9292 0.00141457 0.00141488 -6.28186e-07 -0.000703965 0.0985561 0.0546624 0.0003 -2.39073 2.27171 
600.11 50 0.00141429 0.00141429 -2.60039e-11 -0.000702257 0.0985532 0.0546624 0.0003 0.886566 3.05667 
600.11 50.0009 0.00141428 0.00141425 6.05779e-08 -0.000668895 0.0985529 0.0546624 0.0003 1.1932 -2.70863 
600.11 50 0.00141429 0.00141429 2.9885e-11 -0.000703166 0.0985532 0.0546624 0.0003 -1.10763 3.14227 
600.11 49.6591 0.00141567 0.00141575 -8.46612e-08 -0.000671508 0.0985535 0.0546624 0.0003 -1.30351 -1.05482 
600.11 50.0044 0.00141427 0.00141426 1.47279e-08 -0.000701283 0.0985531 0.0546624 0.0003 1.64514 -2.6835 
600.11 49.9997 0.00141429 0.00141429 -9.68411e-09 -0.000701226 0.0985532 0.0546624 0.0003 -1.79618 3.04997 
600.11 75.9051 0.00131679 0.00129623 3.99822e-05 -0.00197976 0.0983698 0.0546624 0.0003 2.38296 -0.400949 
600.11 50.0001 0.00141429 0.00141429 1.3656e-10 -0.000704324 0.0985532 0.0546624 0.0003 2.22559 -3.50666 
600.11 39.3611 0.00145862 0.00145488 7.607e-06 -0.000304494 0.0985181 0.0546624 0.0003 -2.22132 0.11033 
600.11 49.9739 0.00141439 0.00141448 -1.86038e-07 -0.000712003 0.098554 0.0546624 0.0003 -3.34726 -2.52768 
600.11 50.7404 0.0014113 0.001411 5.41214e-07 -0.00068914 0.0985507 0.0546624 0.0003 3.21758 1.99446 
600.11 59.7763 0.00137585 0.0013773 -3.43298e-06 -0.00099436 0.0985692 0.0546624 0.0003 2.89606 -1.21876 
600.11 53.1871 0.00140153 0.00140284 -2.34567e-06 -0.000821083 0.0985638 0.0546624 0.0003 1.69659 -0.946311 
600.11 49.9992 0.00141429 0.0014143 -3.45986e-08 -0.000725018 0.0985533 0.0546624 0.0003 -1.28432 -2.64909 
600.11 49.7717 0.00141521 0.00141488 6.07856e-07 -0.000697037 0.0985504 0.0546624 0.0003 -0.923642 0.267598 
600.11 49.9826 0.00141436 0.00141441 -1.4738e-07 -0.000808117 0.0985538 0.0546624 0.0003 -2.86156 -2.62446 
600.11 51.7795 0.00140713 0.00140803 -1.79155e-06 -0.000754665 0.0985614 0.0546624 0.0003 1.78532 -1.30003 
600.11 88.4291 0.00127435 0.00127343 -1.38243e-07 -0.00205149 0.0985547 0.0546624 0.0003 3.29087 0.2649 
600.11 45.1209 0.00143427 0.00142857 1.08861e-05 -0.000608051 0.0985033 0.0546624 0.0003 -3.90547 -0.749819 
600.11 49.9639 0.00141443 0.00141451 -1.53939e-07 -0.000661288 0.0985539 0.0546624 0.0003 -0.765681 -1.09545 
600.11 50.0001 0.00141429 0.00141428 4.15078e-09 -0.000655876 0.0985531 0.0546624 0.0003 0.515115 -2.68086 
600.11 48.904 0.00141873 0.00142058 -3.73102e-06 -0.000715793 0.0985703 0.0546624 0.0003 -2.46284 1.59934 
600.11 49.9833 0.00141435 0.00141432 6.72365e-08 -0.000698974 0.0985528 0.0546624 0.0003 -0.374819 -0.167761 
600.11 49.9848 0.00141435 0.00141433 3.46946e-08 -0.000695912 0.098553 0.0546624 0.0003 -0.675566 -1.27968 
600.11 50.0013 0.00141428 0.00141428 -6.89781e-09 -0.00070308 0.0985532 0.0546624 0.0003 0.040391 -1.09599 
600.11 56.3545 0.00138908 0.00139627 -1.40268e-05 -0.000751173 0.0986175 0.0546624 0.0003 1.70873 0.500554 
600.11 50 0.00141429 0.00141429 -3.92349e-14 -0.000703004 0.0985532 0.0546624 0.0003 -0.650829 3.66146 
600.11 49.9992 0.00141429 0.00141429 1.49849e-09 -0.000703596 0.0985531 0.0546624 0.0003 -2.12994 -3.02619 
600.11 50 0.00141429 0.00141429 -7.90019e-12 -0.000703011 0.0985532 0.0546624 0.0003 0.849604 3.36901 
600.11 49.487 0.00141636 0.00141787 -3.11849e-06 -0.000749539 0.0985675 0.0546624 0.0003 -2.35313 1.78104 
600.11 50 0.00141429 0.00141429 -3.11233e-12 -0.000702855 0.0985532 0.0546624 0.0003 0.0772365 3.81765 
600.11 50.2757 0.00141317 0.00141366 -9.01078e-07 -0.000705132 0.0985573 0.0546624 0.0003 2.10696 -2.04808 
600.11 49.8475 0.0014149 0.00141517 -6.71869e-07 -0.000867367 0.0985563 0.0546624 0.0003 -2.18609 -2.02877 
600.11 50 0.00141429 0.00141428 2.85122e-09 -0.000656465 0.0985531 0.0546624 0.0003 1.40658 -3.38628 
600.11 50 0.00141429 0.00141429 -8.53913e-14 -0.000703305 0.0985532 0.0546624 0.0003 0.23226 4.02493 
600.11 50.4652 0.00141241 0.00141303 -1.18176e-06 -0.000717697 0.0985586 0.0546624 0.0003 0.961967 -0.571327 
600.11 80.9147 0.00129953 0.0013232 -4.72136e-05 -0.00171098 0.0987702 0.0546624 0.0003 2.94255 0.603618 
600.11 50 0.00141429 0.00141429 1.61622e-10 -0.000687358 0.0985532 0.0546624 0.0003 0.00587252 2.35135 
600.11 58.4084 0.00138109 0.00136708 2.74675e-05 -0.000913419 0.0984271 0.0546624 0.0003 3.38387 -1.22356 
600.11 50 0.00141429 0.00141429 -2.54601e-10 -0.000701855 0.0985532 0.0546624 0.0003 -0.325783 -2.86674 
600.11 50.0035 0.00141427 0.00141429 -3.28701e-08 -0.000783482 0.0985533 0.0546624 0.0003 0.159382 -1.06057 
600.11 43.2343 0.00144217 0.00144451 -4.24024e-06 -0.00038769 0.0985725 0.0546624 0.0003 -2.75606 -1.00143 
600.11 52.5549 0.00140404 0.00140781 -7.11834e-06 -0.000772222 0.0985857 0.0546624 0.0003 1.9348 1.2946 
600.11 40.091 0.00145549 0.00145213 7.28317e-06 -0.000388802 0.0985194 0.0546624 0.0003 -2.43373 0.606263 
600.11 37.6251 0.00146611 0.00146529 -1.66776e-06 -0.000144419 0.0985624 0.0546624 0.0003 -3.54638 -0.414296 
600.11 48.1523 0.00142179 0.00141893 5.37737e-06 -0.000653323 0.0985286 0.0546624 0.0003 -3.25808 1.50561 
600.11 50.0244 0.00141419 0.00141423 -7.77356e-08 -0.000848763 0.0985535 0.0546624 0.0003 0.870088 -1.68359 
600.11 33.743 0.00148317 0.00147209 2.24545e-05 -6.79988e-05 0.0984497 0.0546624 0.0003 -2.58621 0.178024 
600.11 50 0.00141429 0.00141429 6.38092e-12 -0.000699642 0.0985532 0.0546624 0.0003 -0.483193 -2.95016 
600.11 49.8108 0.00141505 0.00141526 -5.59548e-07 -0.00069515 0.0985558 0.0546624 0.0003 -1.64064 1.64893 
600.11 37.5218 0.00146656 0.00146997 -7.06183e-06 -0.000248132 0.0985855 0.0546624 0.0003 -3.67915 -0.0277339 
600.11 56.5304 0.00138837 0.00139358 -1.43367e-05 -0.000925994 0.0986209 0.0546624 0.0003 2.26598 -1.16336 
600.11 50.0011 0.00141428 0.00141428 -3.18862e-09 -0.000703097 0.0985532 0.0546624 0.0003 1.40113 -2.80421 
600.11 82.3043 0.00129478 0.0013044 -2.04938e-05 -0.00190723 0.098648 0.0546624 0.0003 2.51743 0.30317 
600.11 50.0075 0.00141426 0.00141424 3.93197e-08 -0.000467271 0.098553 0.0546624 0.0003 0.260958 -0.999298 
600.11 49.9992 0.00141429 0.00141431 -3.97639e-08 -0.000777582 0.0985533 0.0546624 0.0003 -2.30236 -3.06906 
600.11 51.1004 0.00140985 0.00141093 -2.12943e-06 -0.000702223 0.0985629 0.0546624 0.0003 2.60323 1.86521 
600.11 50.0007 0.00141428 0.00141428 -3.20453e-09 -0.000703088 0.0985532 0.0546624 0.0003 0.197629 -1.71776 
600.11 85.8517 0.00128287 0.00128089 3.88525e-06 -0.00218374 0.0985353 0.0546624 0.0003 2.55141 -0.146706 
600.11 50 0.00141429 0.00141429 1.37887e-11 -0.000647504 0.0985532 0.0546624 0.0003 1.37941 -3.71902 
600.11 47.685 0.00142371 0.00143117 -1.54835e-05 -0.000691864 0.0986246 0.0546624 0.0003 -3.53961 1.35006 
600.11 45.7803 0.00143155 0.0014354 -7.62749e-06 -0.000526291 0.0985882 0.0546624 0.0003 -4.21049 0.244646 
600.11 49.9648 0.00141443 0.00141479 -7.75628e-07 -0.000733967 0.0985568 0.0546624 0.0003 -1.70546 -2.13122 
600.11 50.0001 0.00141429 0.00141428 3.51406e-09 -0.000618153 0.0985531 0.0546624 0.0003 2.21555 -3.52032 
600.11 36.0258 0.00147312 0.00148172 -1.5894e-05 6.19865e-05 0.0991939 1.39979 0.0003 -2.72331 -0.524451 
600.11 50 0.00141429 0.00141429 -1.77149e-10 -0.000710456 0.0985532 0.0546624 0.0003 -1.57071 3.47663 
600.11 50.1018 0.00141387 0.00141344 9.12957e-07 -0.000723987 0.0985489 0.0546624 0.0003 0.634645 -0.61242 
600.11 49.9999 0.00141429 0.00141429 4.70728e-10 -0.000646305 0.0985532 0.0546624 0.0003 -1.04757 2.82229 
600.11 55.3956 0.00139282 0.00139607 -5.74989e-06 -0.000806881 0.0985793 0.0546624 0.0003 3.90291 1.12387 
600.11 66.6207 0.00135018 0.0013591 -1.81124e-05 -0.000920669 0.0986366 0.0546624 0.0003 3.49572 -0.854522 
600.11 58.412 0.0013811 0.00138482 -7.5306e-06 -0.000675214 0.0985878 0.0546624 0.0003 4.18552 -0.487736 
600.11 51.1489 0.00140966 0.00141118 -2.91833e-06 -0.000736138 0.0985665 0.0546624 0.0003 1.40655 -1.02709 
600.11 50.1698 0.0014136 0.00141297 1.25845e-06 -0.000708329 0.0985474 0.0546624 0.0003 0.969905 1.16092 
600.11 50 0.00141429 0.00141429 9.56026e-12 -0.000704934 0.0985532 0.0546624 0.0003 -0.39907 -2.98089 
600.11 49.5955 0.00141592 0.00141572 4.2795e-07 -0.000712581 0.0985512 0.0546624 0.0003 -2.63307 1.92042 
600.11 49.9998 0.00141429 0.00141428 4.43068e-09 -0.000703287 0.0985531 0.0546624 0.0003 -0.104652 1.31819 
600.11 51.6377 0.0014077 0.00141043 -5.07413e-06 -0.000651353 0.0985763 0.0546624 0.0003 1.26395 -0.482112 
600.11 54.6553 0.00139573 0.00139935 -7.25624e-06 -0.000859353 0.0985865 0.0546624 0.0003 1.51197 -0.0939168 
600.11 49.1005 0.00141793 0.00141864 -1.33143e-06 -0.000685698 0.0985592 0.0546624 0.0003 -3.23932 -1.72706 
600.11 57.7157 0.0013838 0.00139394 -1.92474e-05 -0.00091081 0.0986412 0.0546624 0.0003 3.72534 1.0961 
600.11 64.2304 0.00135904 0.00136672 -1.52951e-05 -0.00121052 0.0986235 0.0546624 0.0003 1.94477 -0.120719 
600.11 49.9383 0.00141454 0.00141477 -4.81365e-07 -0.000719053 0.0985554 0.0546624 0.0003 -0.685731 0.556909 
600.11 69.5178 0.00133956 0.00132558 2.70294e-05 -0.00171531 0.0984293 0.0546624 0.0003 3.22132 0.877463 
600.11 50 0.00141429 0.00141429 5.18669e-11 -0.000699215 0.0985532 0.0546624 0.0003 0.718525 3.54619 
600.11 32.6675 0.00148796 0.00147584 2.45939e-05 -2.63956e-05 0.0984399 0.0546624 0.0003 -3.20888 -0.310637 
600.11 50.0518 0.00141408 0.00141418 -1.86378e-07 -0.000707354 0.098554 0.0546624 0.0003 0.432089 0.184258 
600.11 50.0085 0.00141425 0.00141418 1.51707e-07 -0.000703895 0.0985525 0.0546624 0.0003 1.69333 -2.58691 
600.11 50.0003 0.00141428 0.00141429 -7.6216e-10 -0.000710911 0.0985532 0.0546624 0.0003 0.84869 2.67748 
600.11 49.8903 0.00141473 0.00141544 -1.51108e-06 -0.00069041 0.0985601 0.0546624 0.0003 -2.70795 -2.23993 
600.11 50.0282 0.00141417 0.00141399 3.74358e-07 -0.000702571 0.0985514 0.0546624 0.0003 0.804129 -1.55107 
600.11 53.9275 0.00139859 0.00138906 2.05617e-05 -0.00071467 0.0984579 0.0546624 0.0003 3.43551 -1.48341 
600.11 50.0001 0.00141429 0.00141429 -1.63498e-10 -0.0007028 0.0985532 0.0546624 0.0003 0.87508 2.95029 
600.11 50.0034 0.00141427 0.00141429 -3.01684e-08 -0.000714762 0.0985533 0.0546624 0.0003 0.0219964 0.119464 
600.11 49.9973 0.0014143 0.00141432 -5.38149e-08 -0.000731571 0.0985534 0.0546624 0.0003 -0.917908 -2.09485 
600.11 46.1253 0.00143013 0.00143191 -2.22322e-06 -0.000620523 0.0985628 0.0546624 0.0003 -4.23223 -0.300893 
600.11 58.0731 0.0013824 0.00138478 -4.72331e-06 -0.000975471 0.0985749 0.0546624 0.0003 3.87863 -0.954826 
600.11 47.2375 0.00142554 0.00142979 -8.54626e-06 -0.000560047 0.0985925 0.0546624 0.0003 -2.08926 1.05403 
600.11 49.9085 0.00141466 0.0014152 -1.15485e-06 -0.000695886 0.0985585 0.0546624 0.0003 -1.11853 -1.3192 
600.11 50.3805 0.00141275 0.00141312 -7.19527e-07 -0.000705532 0.0985565 0.0546624 0.0003 2.85648 -2.1579 
600.11 50.2313 0.00141335 0.00141375 -7.068e-07 -0.000708082 0.0985564 0.0546624 0.0003 3.49869 -2.21713 
600.11 50 0.00141429 0.00141429 8.90279e-12 -0.000572585 0.0985532 0.0546624 0.0003 1.46071 3.89131 
600.11 49.8925 0.00141472 0.0014149 -3.60088e-07 -0.000796864 0.0985548 0.0546624 0.0003 -3.17083 -2.25671 
600.11 58.5378 0.00138059 0.0013828 -7.69097e-06 -0.00082157 0.09859 0.0546624 0.0003 3.26821 1.24801 
600.11 61.6474 0.00136874 0.00137296 -8.06598e-06 -0.000972763 0.0985901 0.0546624 0.0003 4.03806 -0.49683 
600.11 49.9955 0.0014143 0.0014143 8.51978e-09 -0.000703152 0.0985531 0.0546624 0.0003 -0.986508 -2.04432 
600.11 49.9999 0.00141429 0.00141429 2.2294e-10 -0.000704095 0.0985532 0.0546624 0.0003 -0.589835 -2.5924 
600.11 50 0.00141429 0.00141429 -1.23593e-11 -0.00070303 0.0985532 0.0546624 0.0003 0.143014 -2.36226 
600.11 48.9216 0.00141866 0.00141905 -7.13663e-07 -0.00073886 0.0985564 0.0546624 0.0003 -3.09636 1.68901 
