600.11 50.0023 14.1428 117.856 -1 -700 0.2 0.0546624 0.503 -0.00681714 -0.0326481 
600.11 50.0012 14.1428 117.857 -1 -700 0.2 0.0546624 0.503 -0.0355264 -0.0129568 
600.11 49.9989 14.1429 117.857 -1 -700 0.2 0.0546624 0.503 -0.0945086 0.0506767 
600.11 50.0023 14.1428 117.856 -1 -700 0.2 0.0546624 0.503 -0.00505142 0.0635994 
600.11 50.0003 14.1428 117.857 -1 -700 0.2 0.0546624 0.503 -0.0593793 -0.088506 
600.11 50.0032 14.1427 117.856 -1 -700 0.2 0.0546624 0.503 0.0163307 -0.0271951 
600.11 50.0027 14.1427 117.856 -1 -700 0.2 0.0546624 0.503 0.00330264 -0.0583528 
600.11 50.0036 14.1427 117.856 -1 -700 0.2 0.0546624 0.503 0.025464 0.122414 
600.11 50.0007 14.1428 117.857 -1 -700 0.2 0.0546624 0.503 -0.047227 0.0423113 
600.11 50.003 14.1427 117.856 -1 -700 0.2 0.0546624 0.503 0.0121542 -0.123348 
600.11 50.0009 14.1428 117.857 -1 -700 0.2 0.0546624 0.503 -0.0433685 0.0659238 
600.11 50.0005 14.1428 117.857 -1 -700 0.2 0.0546624 0.503 -0.0533369 0.101519 
600.11 50.0032 14.1427 117.856 -1 -700 0.2 0.0546624 0.503 0.0146322 -0.0670523 
600.11 50.0035 14.1427 117.856 -1 -700 0.2 0.0546624 0.503 0.021423 0.0518969 
600.11 50.014 14.1423 117.853 -1 -700 0.2 0.0546624 0.503 0.194665 0.0195231 
600.11 50.001 14.1428 117.857 -1 -700 0.2 0.0546624 0.503 -0.0401688 0.0808289 
600.11 50.0016 14.1428 117.857 -1 -700 0.2 0.0546624 0.503 -0.0236053 -0.118363 
600.11 50.0049 14.1427 117.855 -1 -700 0.2 0.0546624 0.503 0.053853 -0.099484 
600.11 50.0062 14.1426 117.855 -1 -700 0.2 0.0546624 0.503 0.0793354 0.0468902 
600.11 50.0029 14.1427 117.856 -1 -700 0.2 0.0546624 0.503 0.00937846 0.119645 
600.11 50.0041 14.1427 117.856 -1 -700 0.2 0.0546624 0.503 0.0367619 -0.0553858 
600.11 50.0002 14.1428 117.857 -1 -700 0.2 0.0546624 0.503 -0.061018 0.065251 
600.11 50.003 14.1427 117.856 -1 -700 0.2 0.0546624 0.503 0.0114391 0.118133 
600.11 50.0024 14.1428 117.856 -1 -700 0.2 0.0546624 0.503 -0.00421511 -0.0242068 
600.11 50.0004 14.1428 117.857 -1 -700 0.2 0.0546624 0.503 -0.054856 -0.0460978 
600.11 50.0093 14.1425 117.854 -1 -700 0.2 0.0546624 0.503 0.132304 0.0260196 
600.11 50.0007 14.1428 117.857 -1 -700 0.2 0.0546624 0.503 -0.0475665 0.0999807 
600.11 50.0024 14.1428 117.856 -1 -700 0.2 0.0546624 0.503 -0.00467861 -0.0233258 
600.11 50.0036 14.1427 117.856 -1 -700 0.2 0.0546624 0.503 0.0246169 -0.0381951 
600.11 50.0031 14.1427 117.856 -1 -700 0.2 0.0546624 0.503 0.0132368 0.0239526 
600.11 50.0063 14.1426 117.855 -1 -700 0.2 0.0546624 0.503 0.081634 0.0335659 
600.11 50.0024 14.1428 117.857 -1 -700 0.2 0.0546624 0.503 -0.00508826 -0.0446526 
600.11 49.9998 14.1429 117.857 -1 -700 0.2 0.0546624 0.503 -0.0711272 0.00477186 
600.11 50.0072 14.1426 117.855 -1 -700 0.2 0.0546624 0.503 0.0976367 0.0255548 
600.11 50.0014 14.1428 117.857 -1 -700 0.2 0.0546624 0.503 -0.0294582 -0.00735813 
600.11 50.0031 14.1427 117.856 -1 -700 0.2 0.0546624 0.503 0.0126366 0.0576439 
600.11 49.9984 14.1429 117.858 -1 -700 0.2 0.0546624 0.503 -0.107431 0.0608926 
600.11 50.0006 14.1428 117.857 -1 -700 0.2 0.0546624 0.503 -0.0492185 -0.00448715 
600.11 50.0069 14.1426 117.855 -1 -700 0.2 0.0546624 0.503 0.0930633 -0.0524922 
600.11 50.0039 14.1427 117.856 -1 -700 0.2 0.0546624 0.503 0.0319752 -0.00895798 
600.11 50.0001 14.1429 117.857 -1 -700 0.2 0.0546624 0.503 -0.0640805 -0.0406921 
600.11 50.0031 14.1427 117.856 -1 -700 0.2 0.0546624 0.503 0.011873 0.0546373 
600.11 50.0007 14.1428 117.857 -1 -700 0.2 0.0546624 0.503 -0.0488242 -0.0529681 
600.11 50.0061 14.1426 117.855 -1 -700 0.2 0.0546624 0.503 0.0798701 0.144365 
600.11 50.0045 14.1427 117.856 -1 -700 0.2 0.0546624 0.503 0.0453768 -0.119868 
600.11 50.0065 14.1426 117.855 -1 -700 0.2 0.0546624 0.503 0.0844629 -0.0302856 
600.11 50.0032 14.1427 117.856 -1 -700 0.2 0.0546624 0.503 0.0154126 0.0803603 
600.11 50.0007 14.1428 117.857 -1 -700 0.2 0.0546624 0.503 -0.0485978 0.0559326 
600.11 50.001 14.1428 117.857 -1 -700 0.2 0.0546624 0.503 -0.0395406 0.0698563 
600.11 50.0019 14.1428 117.856 -1 -700 0.2 0.0546624 0.503 -0.0175709 -0.0218601 
600.11 50.0081 14.1425 117.855 -1 -700 0.2 0.0546624 0.503 0.11313 -0.00890998 
600.11 50.0051 14.1427 117.855 -1 -700 0.2 0.0546624 0.503 0.0571237 -0.0717709 
600.11 50.0048 14.1427 117.855 -1 -700 0.2 0.0546624 0.503 0.051388 0.0918422 
600.11 50.0034 14.1427 117.856 -1 -700 0.2 0.0546624 0.503 0.0199221 0.0156124 
600.11 50.0024 14.1428 117.856 -1 -700 0.2 0.0546624 0.503 -0.00273233 0.160584 
600.11 50.0059 14.1426 117.855 -1 -700 0.2 0.0546624 0.503 0.0746355 -0.0657753 
600.11 50.0033 14.1427 117.856 -1 -700 0.2 0.0546624 0.503 0.0176409 0.0863008 
600.11 50.0043 14.1427 117.856 -1 -700 0.2 0.0546624 0.503 0.0414684 0.0881681 
600.11 50.0076 14.1426 117.855 -1 -700 0.2 0.0546624 0.503 0.10429 -0.00916865 
600.11 50.005 14.1427 117.856 -1 -700 0.2 0.0546624 0.503 0.0550028 -0.0580357 
600.11 50.0015 14.1428 117.857 -1 -700 0.2 0.0546624 0.503 -0.0279036 -0.00421328 
600.11 50.0026 14.1428 117.856 -1 -700 0.2 0.0546624 0.503 0.000741315 0.0263902 
600.11 49.9995 14.1429 117.857 -1 -700 0.2 0.0546624 0.503 -0.0793371 0.0117657 
600.11 50.0023 14.1428 117.856 -1 -700 0.2 0.0546624 0.503 -0.00754607 -0.00247173 
600.11 50.0048 14.1427 117.856 -1 -700 0.2 0.0546624 0.503 0.051514 0.0811461 
600.11 50.0042 14.1427 117.856 -1 -700 0.2 0.0546624 0.503 0.038953 -0.0251784 
600.11 50.0076 14.1426 117.855 -1 -700 0.2 0.0546624 0.503 0.104736 0.0740524 
600.11 50.0031 14.1427 117.856 -1 -700 0.2 0.0546624 0.503 0.0128897 -0.0157205 
600.11 50.0015 14.1428 117.857 -1 -700 0.2 0.0546624 0.503 -0.0267698 0.0191445 
600.11 49.9978 14.1429 117.858 -1 -700 0.2 0.0546624 0.503 -0.124146 0.00772581 
600.11 50.0039 14.1427 117.856 -1 -700 0.2 0.0546624 0.503 0.0310726 0.0226749 
600.11 50.003 14.1427 117.856 -1 -700 0.2 0.0546624 0.503 0.010031 -0.00774231 
600.11 50.0101 14.1424 117.854 -1 -700 0.2 0.0546624 0.503 0.144158 -0.018726 
600.11 49.9999 14.1429 117.857 -1 -700 0.2 0.0546624 0.503 -0.0690761 -0.0708927 
600.11 50.0037 14.1427 117.856 -1 -700 0.2 0.0546624 0.503 0.0266807 0.0847725 
600.11 50.0032 14.1427 117.856 -1 -700 0.2 0.0546624 0.503 0.0155089 -0.0412073 
600.11 50.0023 14.1428 117.856 -1 -700 0.2 0.0546624 0.503 -0.00752602 0.000875433 
600.11 50.0048 14.1427 117.856 -1 -700 0.2 0.0546624 0.503 0.0513558 0.0511654 
600.11 50.0018 14.1428 117.856 -1 -700 0.2 0.0546624 0.503 -0.0190975 0.0476056 
600.11 50.0039 14.1427 117.856 -1 -700 0.2 0.0546624 0.503 0.0320285 0.00692976 
600.11 50.003 14.1427 117.856 -1 -700 0.2 0.0546624 0.503 0.00981126 0.0514988 
600.11 50.0024 14.1428 117.856 -1 -700 0.2 0.0546624 0.503 -0.00445795 -0.0459883 
600.11 49.9989 14.1429 117.858 -1 -700 0.2 0.0546624 0.503 -0.096881 0.117751 
600.11 50.0027 14.1427 117.856 -1 -700 0.2 0.0546624 0.503 0.00459918 -0.00784061 
600.11 49.9983 14.1429 117.858 -1 -700 0.2 0.0546624 0.503 -0.111871 0.0251921 
600.11 50.0013 14.1428 117.857 -1 -700 0.2 0.0546624 0.503 -0.0295783 -0.166384 
600.11 49.9999 14.1429 117.857 -1 -700 0.2 0.0546624 0.503 -0.0690332 0.0533711 
600.11 50.0025 14.1428 117.856 -1 -700 0.2 0.0546624 0.503 -0.000462607 -0.0529468 
600.11 50.0031 14.1427 117.856 -1 -700 0.2 0.0546624 0.503 0.0122941 0.004228 
600.11 49.9992 14.1429 117.857 -1 -700 0.2 0.0546624 0.503 -0.0879581 -0.0789745 
600.11 49.9962 14.143 117.858 -1 -700 0.2 0.0546624 0.503 -0.163132 0.00459087 
600.11 50.0048 14.1427 117.856 -1 -700 0.2 0.0546624 0.503 0.0515025 0.0510945 
600.11 50.0026 14.1428 117.856 -1 -700 0.2 0.0546624 0.503 0.000782651 -0.068626 
600.11 50.0001 14.1429 117.857 -1 -700 0.2 0.0546624 0.503 -0.0629885 -0.0196472 
600.11 50.0018 14.1428 117.856 -1 -700 0.2 0.0546624 0.503 -0.0200084 -0.0833955 
600.11 50.0014 14.1428 117.857 -1 -700 0.2 0.0546624 0.503 -0.0296185 0.0381092 
600.11 50.0048 14.1427 117.856 -1 -700 0.2 0.0546624 0.503 0.050694 -0.0399228 
600.11 50.0017 14.1428 117.857 -1 -700 0.2 0.0546624 0.503 -0.0215323 -0.014998 
600.11 50.0006 14.1428 117.857 -1 -700 0.2 0.0546624 0.503 -0.0502461 0.00195577 
600.11 49.9994 14.1429 117.857 -1 -700 0.2 0.0546624 0.503 -0.0808668 -0.0363709 
600.11 50.0047 14.1427 117.856 -1 -700 0.2 0.0546624 0.503 0.0490602 0.0237414 
600.11 50.0001 14.1429 117.857 -1 -700 0.2 0.0546624 0.503 -0.0641722 0.0911934 
600.11 50.0025 14.1428 117.856 -1 -700 0.2 0.0546624 0.503 -0.000318025 0.039817 
600.11 50.0055 14.1426 117.855 -1 -700 0.2 0.0546624 0.503 0.064808 0.0261413 
600.11 50.0014 14.1428 117.857 -1 -700 0.2 0.0546624 0.503 -0.0287498 -0.0964695 
600.11 50.0011 14.1428 117.857 -1 -700 0.2 0.0546624 0.503 -0.0377362 0.0566194 
600.11 50.0014 14.1428 117.857 -1 -700 0.2 0.0546624 0.503 -0.0289134 -0.0278077 
600.11 50.003 14.1427 117.856 -1 -700 0.2 0.0546624 0.503 0.0102916 -0.0366152 
600.11 49.999 14.1429 117.857 -1 -700 0.2 0.0546624 0.503 -0.0938014 -0.0878651 
600.11 50.0092 14.1425 117.854 -1 -700 0.2 0.0546624 0.503 0.131328 0.043404 
600.11 50.0109 14.1424 117.854 -1 -700 0.2 0.0546624 0.503 0.155838 0.00102276 
600.11 50.0042 14.1427 117.856 -1 -700 0.2 0.0546624 0.503 0.0388038 0.0171722 
600.11 50.0049 14.1427 117.856 -1 -700 0.2 0.0546624 0.503 0.0539719 0.00379875 
600.11 50.0035 14.1427 117.856 -1 -700 0.2 0.0546624 0.503 0.0223176 -0.00507832 
600.11 50.0082 14.1425 117.855 -1 -700 0.2 0.0546624 0.503 0.114432 0.00741353 
600.11 50.0018 14.1428 117.857 -1 -700 0.2 0.0546624 0.503 -0.019639 -0.0134608 
600.11 50.002 14.1428 117.857 -1 -700 0.2 0.0546624 0.503 -0.0152919 0.0409461 
600.11 50.0056 14.1426 117.855 -1 -700 0.2 0.0546624 0.503 0.0683392 0.0400124 
600.11 50.0002 14.1428 117.857 -1 -700 0.2 0.0546624 0.503 -0.0607896 -0.0480177 
600.11 50 14.1429 117.857 -1 -700 0.2 0.0546624 0.503 -0.0650308 -0.0261582 
600.11 50.0065 14.1426 117.855 -1 -700 0.2 0.0546624 0.503 0.0856058 -0.0928375 
600.11 50.0083 14.1425 117.854 -1 -700 0.2 0.0546624 0.503 0.116516 0.0649426 
600.11 50.0033 14.1427 117.856 -1 -700 0.2 0.0546624 0.503 0.0204891 -0.162385 
600.11 49.998 14.1429 117.858 -1 -700 0.2 0.0546624 0.503 -0.119142 0.0218602 
600.11 50.0015 14.1428 117.857 -1 -700 0.2 0.0546624 0.503 -0.0271782 -0.0744497 
600.11 50.0045 14.1427 117.856 -1 -700 0.2 0.0546624 0.503 0.0438637 0.00584289 
600.11 50.0078 14.1425 117.855 -1 -700 0.2 0.0546624 0.503 0.108273 -0.0739834 
600.11 50.0011 14.1428 117.857 -1 -700 0.2 0.0546624 0.503 -0.0357584 0.108457 
600.11 50.0045 14.1427 117.856 -1 -700 0.2 0.0546624 0.503 0.0440031 -0.0668578 
600.11 50.0017 14.1428 117.857 -1 -700 0.2 0.0546624 0.503 -0.0227198 0.0399465 
600.11 49.999 14.1429 117.857 -1 -700 0.2 0.0546624 0.503 -0.092413 0.00729433 
600.11 50.0022 14.1428 117.856 -1 -700 0.2 0.0546624 0.503 -0.00760916 -0.155734 
600.11 50.0043 14.1427 117.856 -1 -700 0.2 0.0546624 0.503 0.0402294 -0.0242575 
600.11 50.0076 14.1425 117.855 -1 -700 0.2 0.0546624 0.503 0.107038 0.111311 
600.11 50.0096 14.1425 117.854 -1 -700 0.2 0.0546624 0.503 0.137033 -0.0649352 
600.11 50.0044 14.1427 117.856 -1 -700 0.2 0.0546624 0.503 0.0420552 -0.00813085 
600.11 49.997 14.143 117.858 -1 -700 0.2 0.0546624 0.503 -0.14495 -0.00634986 
600.11 50.0057 14.1426 117.855 -1 -700 0.2 0.0546624 0.503 0.0710436 0.0854924 
600.11 50.0013 14.1428 117.857 -1 -700 0.2 0.0546624 0.503 -0.0328048 0.0558551 
600.11 50.0011 14.1428 117.857 -1 -700 0.2 0.0546624 0.503 -0.0383234 0.00244101 
600.11 50.002 14.1428 117.857 -1 -700 0.2 0.0546624 0.503 -0.0138287 0.0686291 
600.11 50.009 14.1425 117.854 -1 -700 0.2 0.0546624 0.503 0.12776 -0.0484525 
600.11 50.0025 14.1428 117.856 -1 -700 0.2 0.0546624 0.503 -0.00182907 0.0106746 
600.11 50.0058 14.1426 117.855 -1 -700 0.2 0.0546624 0.503 0.0721571 0.0303832 
600.11 50.0027 14.1427 117.856 -1 -700 0.2 0.0546624 0.503 0.0072711 0.19797 
600.11 50.0015 14.1428 117.857 -1 -700 0.2 0.0546624 0.503 -0.0244481 0.20664 
600.11 50.0035 14.1427 117.856 -1 -700 0.2 0.0546624 0.503 0.0227945 0.0789745 
600.11 50.0042 14.1427 117.856 -1 -700 0.2 0.0546624 0.503 0.039309 -0.0173779 
600.11 50.0015 14.1428 117.857 -1 -700 0.2 0.0546624 0.503 -0.0265181 0.0771784 
600.11 50.0048 14.1427 117.856 -1 -700 0.2 0.0546624 0.503 0.0513003 0.00412642 
600.11 50.0037 14.1427 117.856 -1 -700 0.2 0.0546624 0.503 0.0271973 0.0285171 
600.11 50.0064 14.1426 117.855 -1 -700 0.2 0.0546624 0.503 0.0819928 -0.0104589 
600.11 50.0047 14.1427 117.856 -1 -700 0.2 0.0546624 0.503 0.048622 -0.0354138 
600.11 50.0026 14.1428 117.856 -1 -700 0.2 0.0546624 0.503 0.000302378 0.0199847 
600.11 50.0009 14.1428 117.857 -1 -700 0.2 0.0546624 0.503 -0.0421642 -0.0307935 
600.11 49.9998 14.1429 117.857 -1 -700 0.2 0.0546624 0.503 -0.0711163 0.0129817 
600.11 50.0077 14.1425 117.855 -1 -700 0.2 0.0546624 0.503 0.106969 -0.0172961 
600.11 50.0018 14.1428 117.856 -1 -700 0.2 0.0546624 0.503 -0.018861 -0.00351819 
600.11 50.0029 14.1427 117.856 -1 -700 0.2 0.0546624 0.503 0.00940081 -0.02006 
600.11 50.0045 14.1427 117.856 -1 -700 0.2 0.0546624 0.503 0.0448218 0.0496648 
600.11 50.0035 14.1427 117.856 -1 -700 0.2 0.0546624 0.503 0.022047 -0.0215104 
600.11 50.007 14.1426 117.855 -1 -700 0.2 0.0546624 0.503 0.0967682 -0.154666 
600.11 50.0036 14.1427 117.856 -1 -700 0.2 0.0546624 0.503 0.0237118 -0.0635367 
600.11 50.0011 14.1428 117.857 -1 -700 0.2 0.0546624 0.503 -0.0359948 0.0161412 
600.11 50.0042 14.1427 117.856 -1 -700 0.2 0.0546624 0.503 0.0384993 0.00650562 
600.11 50 14.1429 117.857 -1 -700 0.2 0.0546624 0.503 -0.0650799 0.134562 
600.11 49.9984 14.1429 117.858 -1 -700 0.2 0.0546624 0.503 -0.108914 -0.0344873 
600.11 50.0067 14.1426 117.855 -1 -700 0.2 0.0546624 0.503 0.0874345 0.00685644 
600.11 50.006 14.1426 117.855 -1 -700 0.2 0.0546624 0.503 0.0757923 0.0864731 
600.11 50.0028 14.1427 117.856 -1 -700 0.2 0.0546624 0.503 0.00617548 -0.113996 
600.11 50.0002 14.1428 117.857 -1 -700 0.2 0.0546624 0.503 -0.0600136 0.0191007 
600.11 49.9999 14.1429 117.857 -1 -700 0.2 0.0546624 0.503 -0.0686909 0.121671 
600.11 50.0037 14.1427 117.856 -1 -700 0.2 0.0546624 0.503 0.0278393 0.0321259 
600.11 50.0107 14.1424 117.854 -1 -700 0.2 0.0546624 0.503 0.155016 -0.110044 
600.11 49.9993 14.1429 117.857 -1 -700 0.2 0.0546624 0.503 -0.085516 0.0168026 
600.11 50.0038 14.1427 117.856 -1 -700 0.2 0.0546624 0.503 0.0293872 0.0321282 
600.11 50.0037 14.1427 117.856 -1 -700 0.2 0.0546624 0.503 0.0272258 0.0563833 
600.11 50.0029 14.1427 117.856 -1 -700 0.2 0.0546624 0.503 0.00861202 -0.0539679 
600.11 50.0041 14.1427 117.856 -1 -700 0.2 0.0546624 0.503 0.0354618 -0.0400826 
600.11 50.0026 14.1428 117.856 -1 -700 0.2 0.0546624 0.503 0.00195968 0.00279674 
600.11 50.0024 14.1428 117.856 -1 -700 0.2 0.0546624 0.503 -0.00272877 -0.114985 
600.11 50.0084 14.1425 117.855 -1 -700 0.2 0.0546624 0.503 0.119971 -0.110289 
600.11 50.002 14.1428 117.856 -1 -700 0.2 0.0546624 0.503 -0.0141979 0.0116909 
600.11 50.001 14.1428 117.857 -1 -700 0.2 0.0546624 0.503 -0.0393725 0.0671118 
600.11 50.0061 14.1426 117.855 -1 -700 0.2 0.0546624 0.503 0.0791719 -0.130057 
600.11 50.0023 14.1428 117.856 -1 -700 0.2 0.0546624 0.503 -0.0052436 -0.0263762 
600.11 50.0057 14.1426 117.855 -1 -700 0.2 0.0546624 0.503 0.0691506 -0.00451682 
600.11 50.0034 14.1427 117.856 -1 -700 0.2 0.0546624 0.503 0.0187257 -0.00104775 
600.11 50.0024 14.1428 117.856 -1 -700 0.2 0.0546624 0.503 -0.00378811 -0.0436303 
600.11 50.0014 14.1428 117.857 -1 -700 0.2 0.0546624 0.503 -0.0307188 -0.0680813 
600.11 50.0034 14.1427 117.856 -1 -700 0.2 0.0546624 0.503 0.020131 -0.0109751 
600.11 50.0021 14.1428 117.856 -1 -700 0.2 0.0546624 0.503 -0.0108442 -0.0596431 
600.11 50.0012 14.1428 117.857 -1 -700 0.2 0.0546624 0.503 -0.0347895 0.0920263 
600.11 50.0023 14.1428 117.856 -1 -700 0.2 0.0546624 0.503 -0.00534009 0.068993 
600.11 50.0038 14.1427 117.856 -1 -700 0.2 0.0546624 0.503 0.0299871 0.0318494 
600.11 50.0093 14.1425 117.854 -1 -700 0.2 0.0546624 0.503 0.132714 0.0716791 
600.11 50.0026 14.1428 117.856 -1 -700 0.2 0.0546624 0.503 0.000338379 0.0658086 
600.11 50.0036 14.1427 117.856 -1 -700 0.2 0.0546624 0.503 0.0252869 0.126369 
600.11 50.0031 14.1427 117.856 -1 -700 0.2 0.0546624 0.503 0.0138172 -0.0252242 
600.11 50.0037 14.1427 117.856 -1 -700 0.2 0.0546624 0.503 0.028677 0.0840098 
600.11 50.0011 14.1428 117.857 -1 -700 0.2 0.0546624 0.503 -0.0361311 -0.077299 
600.11 50.0034 14.1427 117.856 -1 -700 0.2 0.0546624 0.503 0.0204433 0.012579 
600.11 50.0028 14.1427 117.856 -1 -700 0.2 0.0546624 0.503 0.00662761 -0.0682942 
600.11 49.9998 14.1429 117.857 -1 -700 0.2 0.0546624 0.503 -0.0710165 -0.0745216 
600.11 49.9989 14.1429 117.858 -1 -700 0.2 0.0546624 0.503 -0.0971842 0.145095 
600.11 50.0002 14.1428 117.857 -1 -700 0.2 0.0546624 0.503 -0.0607815 0.0122282 
600.11 50.0059 14.1426 117.855 -1 -700 0.2 0.0546624 0.503 0.0727177 0.018551 
600.11 50.0059 14.1426 117.855 -1 -700 0.2 0.0546624 0.503 0.0735593 0.0838511 
600.11 50.004 14.1427 117.856 -1 -700 0.2 0.0546624 0.503 0.0342019 -0.0134437 
600.11 50.0035 14.1427 117.856 -1 -700 0.2 0.0546624 0.503 0.0213896 -0.0011622 
600.11 50.0006 14.1428 117.857 -1 -700 0.2 0.0546624 0.503 -0.050387 -0.0218291 
600.11 50.0017 14.1428 117.857 -1 -700 0.2 0.0546624 0.503 -0.0210394 0.046323 
600.11 49.9974 14.143 117.858 -1 -700 0.2 0.0546624 0.503 -0.134746 -0.0301263 
600.11 50.0009 14.1428 117.857 -1 -700 0.2 0.0546624 0.503 -0.042936 0.0114494 
600.11 50.0042 14.1427 117.856 -1 -700 0.2 0.0546624 0.503 0.0415051 -0.165491 
600.11 50.0036 14.1427 117.856 -1 -700 0.2 0.0546624 0.503 0.023517 0.0113778 
600.11 50.0031 14.1427 117.856 -1 -700 0.2 0.0546624 0.503 0.0141748 -0.111683 
600.11 50.0005 14.1428 117.857 -1 -700 0.2 0.0546624 0.503 -0.0529913 -0.0097738 
600.11 50.0062 14.1426 117.855 -1 -700 0.2 0.0546624 0.503 0.0801741 -0.0262792 
600.11 50.0018 14.1428 117.857 -1 -700 0.2 0.0546624 0.503 -0.0192942 0.0477919 
600.11 50.0003 14.1428 117.857 -1 -700 0.2 0.0546624 0.503 -0.0587788 -0.103754 
600.11 50.002 14.1428 117.857 -1 -700 0.2 0.0546624 0.503 -0.0130276 -0.0531311 
600.11 50.0022 14.1428 117.856 -1 -700 0.2 0.0546624 0.503 -0.00853174 0.0866323 
600.11 50.0043 14.1427 117.856 -1 -700 0.2 0.0546624 0.503 0.0416132 -0.12509 
600.11 50.0026 14.1428 117.856 -1 -700 0.2 0.0546624 0.503 0.000918025 0.0138643 
600.11 50.0019 14.1428 117.857 -1 -700 0.2 0.0546624 0.503 -0.0154888 -0.026615 
600.11 50.0064 14.1426 117.855 -1 -700 0.2 0.0546624 0.503 0.0827024 -0.0399485 
600.11 50.0037 14.1427 117.856 -1 -700 0.2 0.0546624 0.503 0.025976 0.0664181 
600.11 50.001 14.1428 117.857 -1 -700 0.2 0.0546624 0.503 -0.0401555 0.00128452 
600.11 50.0051 14.1427 117.855 -1 -700 0.2 0.0546624 0.503 0.0566246 0.00412871 
600.11 50.0028 14.1427 117.856 -1 -700 0.2 0.0546624 0.503 0.00641598 0.143031 
600.11 49.9966 14.143 117.858 -1 -700 0.2 0.0546624 0.503 -0.153554 0.0436819 
600.11 50.002 14.1428 117.856 -1 -700 0.2 0.0546624 0.503 -0.0141398 -0.0125415 
600.11 50.004 14.1427 117.856 -1 -700 0.2 0.0546624 0.503 0.033719 -0.0195497 
600.11 49.9991 14.1429 117.857 -1 -700 0.2 0.0546624 0.503 -0.0898057 0.00838571 
600.11 50.0037 14.1427 117.856 -1 -700 0.2 0.0546624 0.503 0.0260185 -0.0185315 
600.11 50.0021 14.1428 117.856 -1 -700 0.2 0.0546624 0.503 -0.0124619 -0.0192667 
600.11 50.0011 14.1428 117.857 -1 -700 0.2 0.0546624 0.503 -0.0378225 -0.023462 
600.11 50.0053 14.1426 117.855 -1 -700 0.2 0.0546624 0.503 0.0618585 -0.0756631 
600.11 50.0067 14.1426 117.855 -1 -700 0.2 0.0546624 0.503 0.0880253 0.0302872 
600.11 50.0001 14.1429 117.857 -1 -700 0.2 0.0546624 0.503 -0.0625156 0.0393433 
600.11 50.0045 14.1427 117.856 -1 -700 0.2 0.0546624 0.503 0.0450123 -0.0744238 
600.11 50.0038 14.1427 117.856 -1 -700 0.2 0.0546624 0.503 0.0319232 -0.159675 
600.11 49.9998 14.1429 117.857 -1 -700 0.2 0.0546624 0.503 -0.0710051 -0.159445 
600.11 50.0082 14.1425 117.854 -1 -700 0.2 0.0546624 0.503 0.114986 0.0535102 
600.11 49.9992 14.1429 117.857 -1 -700 0.2 0.0546624 0.503 -0.0888125 0.00391642 
600.11 50.0034 14.1427 117.856 -1 -700 0.2 0.0546624 0.503 0.0216028 -0.0729244 
600.11 50.0042 14.1427 117.856 -1 -700 0.2 0.0546624 0.503 0.038998 0.0165712 
600.11 50.0021 14.1428 117.857 -1 -700 0.2 0.0546624 0.503 -0.0113868 0.0479291 
600.11 50.0027 14.1427 117.856 -1 -700 0.2 0.0546624 0.503 0.00386044 0.0468307 
600.11 50.0025 14.1428 117.856 -1 -700 0.2 0.0546624 0.503 -0.00289164 0.00713145 
600.11 50.0028 14.1427 117.856 -1 -700 0.2 0.0546624 0.503 0.00639553 -0.0329188 
600.11 50.007 14.1426 117.855 -1 -700 0.2 0.0546624 0.503 0.0951583 0.0549252 
600.11 50.0011 14.1428 117.857 -1 -700 0.2 0.0546624 0.503 -0.0378737 0.0852573 
600.11 50.0041 14.1427 117.856 -1 -700 0.2 0.0546624 0.503 0.0367972 0.045407 
600.11 50.0056 14.1426 117.855 -1 -700 0.2 0.0546624 0.503 0.0673651 0.00370165 
600.11 50.0017 14.1428 117.857 -1 -700 0.2 0.0546624 0.503 -0.0205098 -0.00799294 
600.11 50 14.1429 117.857 -1 -700 0.2 0.0546624 0.503 -0.0666225 -0.0697789 
600.11 50.0032 14.1427 117.856 -1 -700 0.2 0.0546624 0.503 0.0168821 -0.115474 
600.11 50.0031 14.1427 117.856 -1 -700 0.2 0.0546624 0.503 0.0121301 -0.0253978 
600.11 50.0029 14.1427 117.856 -1 -700 0.2 0.0546624 0.503 0.00752955 0.00041711 
600.11 50.0028 14.1427 117.856 -1 -700 0.2 0.0546624 0.503 0.00584699 0.0181871 
600.11 50.0012 14.1428 117.857 -1 -700 0.2 0.0546624 0.503 -0.033887 -0.130189 
600.11 50.006 14.1426 117.855 -1 -700 0.2 0.0546624 0.503 0.0762202 0.0650546 
600.11 50.001 14.1428 117.857 -1 -700 0.2 0.0546624 0.503 -0.0390697 0.0330254 
600.11 50.0049 14.1427 117.855 -1 -700 0.2 0.0546624 0.503 0.0554293 -0.156608 
600.11 50.0011 14.1428 117.857 -1 -700 0.2 0.0546624 0.503 -0.0379584 -0.10622 
600.11 49.9982 14.1429 117.858 -1 -700 0.2 0.0546624 0.503 -0.114251 -0.0103555 
600.11 50.0002 14.1429 117.857 -1 -700 0.2 0.0546624 0.503 -0.0616401 -0.04569 
600.11 50.0026 14.1428 117.856 -1 -700 0.2 0.0546624 0.503 0.00232064 -0.103376 
600.11 50.0019 14.1428 117.857 -1 -700 0.2 0.0546624 0.503 -0.0174521 0.0664819 
600.11 50.002 14.1428 117.857 -1 -700 0.2 0.0546624 0.503 -0.0134901 0.0388562 
600.11 50.0007 14.1428 117.857 -1 -700 0.2 0.0546624 0.503 -0.0477822 -0.123954 
600.11 50.0059 14.1426 117.855 -1 -700 0.2 0.0546624 0.503 0.0744778 -0.0512553 
600.11 50.0063 14.1426 117.855 -1 -700 0.2 0.0546624 0.503 0.0818387 0.0604413 
600.11 50.003 14.1427 117.856 -1 -700 0.2 0.0546624 0.503 0.011186 0.0130013 
600.11 50.0017 14.1428 117.857 -1 -700 0.2 0.0546624 0.503 -0.0223328 0.0138972 
600.11 50.0032 14.1427 117.856 -1 -700 0.2 0.0546624 0.503 0.013987 0.0335399 
600.11 50.0014 14.1428 117.857 -1 -700 0.2 0.0546624 0.503 -0.0289744 -0.105003 
600.11 50.0073 14.1426 117.855 -1 -700 0.2 0.0546624 0.503 0.0990283 -0.027515 
600.11 50.0065 14.1426 117.855 -1 -700 0.2 0.0546624 0.503 0.0853674 0.0448766 
600.11 50.0019 14.1428 117.857 -1 -700 0.2 0.0546624 0.503 -0.0167637 0.0165699 
600.11 49.9982 14.1429 117.858 -1 -700 0.2 0.0546624 0.503 -0.113955 -0.070401 
600.11 50.0002 14.1428 117.857 -1 -700 0.2 0.0546624 0.503 -0.0598991 -0.0140713 
600.11 50.0026 14.1428 117.856 -1 -700 0.2 0.0546624 0.503 0.00305522 0.126237 
600.11 49.9994 14.1429 117.857 -1 -700 0.2 0.0546624 0.503 -0.0815389 -0.036975 
600.11 50.0055 14.1426 117.855 -1 -700 0.2 0.0546624 0.503 0.0662277 -0.0394284 
600.11 50.0042 14.1427 117.856 -1 -700 0.2 0.0546624 0.503 0.0388459 -0.00766726 
600.11 50.0039 14.1427 117.856 -1 -700 0.2 0.0546624 0.503 0.0315963 0.0196202 
600.11 50.0044 14.1427 117.856 -1 -700 0.2 0.0546624 0.503 0.0422028 0.0282101 
600.11 50.0023 14.1428 117.856 -1 -700 0.2 0.0546624 0.503 -0.00649948 0.0191578 
600.11 50.0043 14.1427 117.856 -1 -700 0.2 0.0546624 0.503 0.0407442 0.0193396 
600.11 50.0007 14.1428 117.857 -1 -700 0.2 0.0546624 0.503 -0.0469587 0.076141 
600.11 50.0029 14.1427 117.856 -1 -700 0.2 0.0546624 0.503 0.00704574 -0.0410013 
600.11 50.0018 14.1428 117.857 -1 -700 0.2 0.0546624 0.503 -0.0199342 -0.0815639 
600.11 50.0011 14.1428 117.857 -1 -700 0.2 0.0546624 0.503 -0.035938 0.0867893 
600.11 50.0014 14.1428 117.857 -1 -700 0.2 0.0546624 0.503 -0.0285965 -0.0113714 
600.11 50.0023 14.1428 117.856 -1 -700 0.2 0.0546624 0.503 -0.00696506 0.0129196 
600.11 50.0086 14.1425 117.854 -1 -700 0.2 0.0546624 0.503 0.121519 0.0286384 
600.11 50.0012 14.1428 117.857 -1 -700 0.2 0.0546624 0.503 -0.035657 -0.0674972 
600.11 50.0058 14.1426 117.855 -1 -700 0.2 0.0546624 0.503 0.0711917 0.0612947 
600.11 50.0012 14.1428 117.857 -1 -700 0.2 0.0546624 0.503 -0.0338368 0.0186289 
600.11 49.9994 14.1429 117.857 -1 -700 0.2 0.0546624 0.503 -0.0828211 -0.0944188 
600.11 50.0035 14.1427 117.856 -1 -700 0.2 0.0546624 0.503 0.0214488 -0.0509011 
600.11 50.0084 14.1425 117.854 -1 -700 0.2 0.0546624 0.503 0.117573 -0.00540447 
600.11 50.0042 14.1427 117.856 -1 -700 0.2 0.0546624 0.503 0.0382712 0.0460405 
600.11 50.0092 14.1425 117.854 -1 -700 0.2 0.0546624 0.503 0.131001 -0.0581464 
600.11 50.0011 14.1428 117.857 -1 -700 0.2 0.0546624 0.503 -0.0368191 0.00359286 
600.11 50.0011 14.1428 117.857 -1 -700 0.2 0.0546624 0.503 -0.0379554 -0.0374243 
600.11 50.0009 14.1428 117.857 -1 -700 0.2 0.0546624 0.503 -0.0428432 0.0644143 
600.11 50.0033 14.1427 117.856 -1 -700 0.2 0.0546624 0.503 0.0198774 0.114397 
600.11 50.0054 14.1426 117.855 -1 -700 0.2 0.0546624 0.503 0.0643887 -0.0801252 
600.11 50.0026 14.1428 117.856 -1 -700 0.2 0.0546624 0.503 0.000256467 -0.0291693 
600.11 50.0032 14.1427 117.856 -1 -700 0.2 0.0546624 0.503 0.014453 0.0254502 
600.11 50.0039 14.1427 117.856 -1 -700 0.2 0.0546624 0.503 0.0313746 -0.0107922 
600.11 50.0041 14.1427 117.856 -1 -700 0.2 0.0546624 0.503 0.0358695 0.0460957 
600.11 50.0039 14.1427 117.856 -1 -700 0.2 0.0546624 0.503 0.031299 0.0662187 
600.11 50.0024 14.1428 117.856 -1 -700 0.2 0.0546624 0.503 -0.00338589 0.095429 
600.11 50.0049 14.1427 117.856 -1 -700 0.2 0.0546624 0.503 0.0542457 0.0449404 
600.11 50.0022 14.1428 117.856 -1 -700 0.2 0.0546624 0.503 -0.0101117 0.0184958 
600.11 49.9981 14.1429 117.858 -1 -700 0.2 0.0546624 0.503 -0.117738 -0.0195646 
600.11 50.0018 14.1428 117.856 -1 -700 0.2 0.0546624 0.503 -0.0188268 -0.127283 
600.11 50.0037 14.1427 117.856 -1 -700 0.2 0.0546624 0.503 0.0268613 0.0644162 
600.11 50.0049 14.1427 117.855 -1 -700 0.2 0.0546624 0.503 0.0533595 -0.0096342 
600.11 50.0035 14.1427 117.856 -1 -700 0.2 0.0546624 0.503 0.0230264 -0.0273031 
600.11 50.0036 14.1427 117.856 -1 -700 0.2 0.0546624 0.503 0.023357 -0.0403068 
600.11 50.0019 14.1428 117.857 -1 -700 0.2 0.0546624 0.503 -0.0163141 0.00449332 
600.11 50.001 14.1428 117.857 -1 -700 0.2 0.0546624 0.503 -0.0401815 -0.072065 
600.11 50.0014 14.1428 117.857 -1 -700 0.2 0.0546624 0.503 -0.0286004 0.0072725 
600.11 50.0058 14.1426 117.855 -1 -700 0.2 0.0546624 0.503 0.0710374 0.0275949 
600.11 50.0016 14.1428 117.856 -1 -700 0.2 0.0546624 0.503 -0.0224891 0.123135 
600.11 49.9937 14.1431 117.859 -1 -700 0.2 0.0546624 0.503 -0.222821 0.16703 
600.11 50.0078 14.1425 117.855 -1 -700 0.2 0.0546624 0.503 0.110086 0.110983 
600.11 50.0011 14.1428 117.857 -1 -700 0.2 0.0546624 0.503 -0.0377536 -0.0634651 
600.11 50.0062 14.1426 117.855 -1 -700 0.2 0.0546624 0.503 0.079536 -0.0219275 
600.11 49.9998 14.1429 117.857 -1 -700 0.2 0.0546624 0.503 -0.0708534 -0.0839468 
600.11 49.9981 14.1429 117.858 -1 -700 0.2 0.0546624 0.503 -0.116162 0.047193 
600.11 50.0017 14.1428 117.856 -1 -700 0.2 0.0546624 0.503 -0.0214516 0.0896878 
600.11 50.0026 14.1428 117.856 -1 -700 0.2 0.0546624 0.503 0.000731338 -0.0502147 
600.11 50.0031 14.1427 117.856 -1 -700 0.2 0.0546624 0.503 0.0131399 -0.0116764 
600.11 49.9997 14.1429 117.857 -1 -700 0.2 0.0546624 0.503 -0.0740928 0.0375097 
600.11 49.9986 14.1429 117.858 -1 -700 0.2 0.0546624 0.503 -0.104193 0.0481755 
600.11 50.0033 14.1427 117.856 -1 -700 0.2 0.0546624 0.503 0.0187552 0.0553503 
600.11 50.0019 14.1428 117.856 -1 -700 0.2 0.0546624 0.503 -0.0169458 0.0569175 
600.11 50.0018 14.1428 117.856 -1 -700 0.2 0.0546624 0.503 -0.0198795 0.0926879 
600.11 50.0017 14.1428 117.857 -1 -700 0.2 0.0546624 0.503 -0.0203533 -0.0935627 
600.11 49.998 14.1429 117.858 -1 -700 0.2 0.0546624 0.503 -0.119217 -0.0150689 
600.11 50.0035 14.1427 117.856 -1 -700 0.2 0.0546624 0.503 0.0238788 0.0936952 
600.11 50.0014 14.1428 117.857 -1 -700 0.2 0.0546624 0.503 -0.0290562 -0.159676 
600.11 49.9982 14.1429 117.858 -1 -700 0.2 0.0546624 0.503 -0.114247 -0.057155 
600.11 50.0061 14.1426 117.855 -1 -700 0.2 0.0546624 0.503 0.0768609 -0.0629252 
600.11 50.0047 14.1427 117.856 -1 -700 0.2 0.0546624 0.503 0.0511617 -0.1292 
600.11 50.0027 14.1427 117.856 -1 -700 0.2 0.0546624 0.503 0.00279854 -0.0410001 
600.11 49.9986 14.1429 117.858 -1 -700 0.2 0.0546624 0.503 -0.101984 0.00723475 
600.11 50.0008 14.1428 117.857 -1 -700 0.2 0.0546624 0.503 -0.0464685 0.0169939 
600.11 50.0011 14.1428 117.857 -1 -700 0.2 0.0546624 0.503 -0.037177 -0.00300554 
600.11 50.0016 14.1428 117.857 -1 -700 0.2 0.0546624 0.503 -0.0248788 0.0287262 
600.11 50.0009 14.1428 117.857 -1 -700 0.2 0.0546624 0.503 -0.0429458 -0.0261611 
600.11 50.0058 14.1426 117.855 -1 -700 0.2 0.0546624 0.503 0.0712444 -0.0428034 
600.11 50.0043 14.1427 117.856 -1 -700 0.2 0.0546624 0.503 0.0400955 0.0183234 
600.11 49.9984 14.1429 117.858 -1 -700 0.2 0.0546624 0.503 -0.108866 -0.0387217 
600.11 49.9995 14.1429 117.857 -1 -700 0.2 0.0546624 0.503 -0.0800805 0.148389 
600.11 49.9985 14.1429 117.858 -1 -700 0.2 0.0546624 0.503 -0.106217 -0.0558022 
600.11 50.0037 14.1427 117.856 -1 -700 0.2 0.0546624 0.503 0.0257235 -0.0391806 
600.11 50.0046 14.1427 117.856 -1 -700 0.2 0.0546624 0.503 0.0477801 -0.0612765 
600.11 50.0039 14.1427 117.856 -1 -700 0.2 0.0546624 0.503 0.032063 0.0592324 
600.11 50.0023 14.1428 117.856 -1 -700 0.2 0.0546624 0.503 -0.00628665 -0.00556094 
600.11 50.0048 14.1427 117.856 -1 -700 0.2 0.0546624 0.503 0.0513307 -0.0272182 
600.11 50.0045 14.1427 117.855 -1 -700 0.2 0.0546624 0.503 0.0462665 -0.100786 
600.11 50.0048 14.1427 117.856 -1 -700 0.2 0.0546624 0.503 0.0503827 0.047903 
600.11 50.0007 14.1428 117.857 -1 -700 0.2 0.0546624 0.503 -0.0476536 0.0373119 
600.11 50.0034 14.1427 117.856 -1 -700 0.2 0.0546624 0.503 0.0210284 -0.14181 
600.11 50.0033 14.1427 117.856 -1 -700 0.2 0.0546624 0.503 0.0180792 0.0697224 
600.11 50.0017 14.1428 117.857 -1 -700 0.2 0.0546624 0.503 -0.0204127 0.104296 
600.11 50.0053 14.1426 117.855 -1 -700 0.2 0.0546624 0.503 0.0609249 -0.0510181 
600.11 50.0085 14.1425 117.854 -1 -700 0.2 0.0546624 0.503 0.120583 -0.0818351 
600.11 50.0009 14.1428 117.857 -1 -700 0.2 0.0546624 0.503 -0.0416471 0.0216943 
600.11 50.0025 14.1428 117.856 -1 -700 0.2 0.0546624 0.503 -0.00161212 -0.020547 
600.11 50.0068 14.1426 117.855 -1 -700 0.2 0.0546624 0.503 0.0899809 0.0114455 
600.11 50.003 14.1427 117.856 -1 -700 0.2 0.0546624 0.503 0.00973455 -0.0161542 
600.11 49.9997 14.1429 117.857 -1 -700 0.2 0.0546624 0.503 -0.0751251 -0.0563365 
600.11 49.9959 14.143 117.858 -1 -700 0.2 0.0546624 0.503 -0.170513 -0.0230913 
600.11 50.0029 14.1427 117.856 -1 -700 0.2 0.0546624 0.503 0.00927468 -0.0313018 
600.11 50.0049 14.1427 117.855 -1 -700 0.2 0.0546624 0.503 0.053887 0.0439468 
600.11 50.0031 14.1427 117.856 -1 -700 0.2 0.0546624 0.503 0.0132973 0.131061 
600.11 50.0025 14.1428 117.857 -1 -700 0.2 0.0546624 0.503 -0.00267467 -0.0333752 
600.11 50.0016 14.1428 117.856 -1 -700 0.2 0.0546624 0.503 -0.0253216 0.0127225 
600.11 50.003 14.1427 117.856 -1 -700 0.2 0.0546624 0.503 0.0110811 -0.0142157 
600.11 50.0024 14.1428 117.856 -1 -700 0.2 0.0546624 0.503 -0.00236732 0.111328 
600.11 50.0068 14.1426 117.855 -1 -700 0.2 0.0546624 0.503 0.08987 0.0622167 
600.11 50.0067 14.1426 117.855 -1 -700 0.2 0.0546624 0.503 0.0897357 0.0678959 
600.11 50.0042 14.1427 117.856 -1 -700 0.2 0.0546624 0.503 0.0382998 0.0874404 
600.11 50.0009 14.1428 117.857 -1 -700 0.2 0.0546624 0.503 -0.0427598 -0.0499335 
600.11 50.0029 14.1427 117.856 -1 -700 0.2 0.0546624 0.503 0.00936152 -0.0915405 
600.11 49.9998 14.1429 117.857 -1 -700 0.2 0.0546624 0.503 -0.0714102 0.0092482 
600.11 50.005 14.1427 117.855 -1 -700 0.2 0.0546624 0.503 0.0546261 -0.0250395 
600.11 50.001 14.1428 117.857 -1 -700 0.2 0.0546624 0.503 -0.0392615 0.0813934 
600.11 50.0035 14.1427 117.856 -1 -700 0.2 0.0546624 0.503 0.0229544 -0.13064 
600.11 50.0018 14.1428 117.857 -1 -700 0.2 0.0546624 0.503 -0.0202193 -0.0159969 
600.11 49.999 14.1429 117.857 -1 -700 0.2 0.0546624 0.503 -0.0927089 -0.0278815 
600.11 50.0034 14.1427 117.856 -1 -700 0.2 0.0546624 0.503 0.0207759 -0.0310434 
600.11 50.0085 14.1425 117.854 -1 -700 0.2 0.0546624 0.503 0.120265 -0.0943689 
600.11 50.0042 14.1427 117.856 -1 -700 0.2 0.0546624 0.503 0.0400815 0.103526 
600.11 50.0092 14.1425 117.854 -1 -700 0.2 0.0546624 0.503 0.131265 -0.0490984 
600.11 50.0022 14.1428 117.856 -1 -700 0.2 0.0546624 0.503 -0.00915038 0.0856709 
600.11 50.0039 14.1427 117.856 -1 -700 0.2 0.0546624 0.503 0.0320695 -0.0272095 
600.11 50.0026 14.1428 117.856 -1 -700 0.2 0.0546624 0.503 0.00120046 0.0360195 
600.11 50.0055 14.1426 117.855 -1 -700 0.2 0.0546624 0.503 0.0649984 0.022277 
600.11 50.0033 14.1427 117.856 -1 -700 0.2 0.0546624 0.503 0.016546 0.0035172 
600.11 50.0017 14.1428 117.857 -1 -700 0.2 0.0546624 0.503 -0.0215358 0.0846402 
600.11 50.0042 14.1427 117.856 -1 -700 0.2 0.0546624 0.503 0.0380778 -0.0595889 
600.11 50.0016 14.1428 117.857 -1 -700 0.2 0.0546624 0.503 -0.0228146 0.031526 
600.11 50.0021 14.1428 117.856 -1 -700 0.2 0.0546624 0.503 -0.0124043 0.067522 
600.11 50.0026 14.1428 117.856 -1 -700 0.2 0.0546624 0.503 0.000867738 -0.0944036 
600.11 50.0006 14.1428 117.857 -1 -700 0.2 0.0546624 0.503 -0.0494819 0.0219753 
600.11 50.0068 14.1426 117.855 -1 -700 0.2 0.0546624 0.503 0.0897528 0.00156517 
600.11 49.9972 14.143 117.858 -1 -700 0.2 0.0546624 0.503 -0.139379 0.000442818 
600.11 50.0021 14.1428 117.856 -1 -700 0.2 0.0546624 0.503 -0.0124167 0.0056364 
600.11 50.0054 14.1426 117.855 -1 -700 0.2 0.0546624 0.503 0.0633794 0.0389363 
600.11 50.0057 14.1426 117.855 -1 -700 0.2 0.0546624 0.503 0.0699479 -0.0069157 
600.11 50.0014 14.1428 117.857 -1 -700 0.2 0.0546624 0.503 -0.0286754 -0.113639 
600.11 50.0029 14.1427 117.856 -1 -700 0.2 0.0546624 0.503 0.00874195 -0.0472499 
600.11 50.0009 14.1428 117.857 -1 -700 0.2 0.0546624 0.503 -0.0423975 -0.080035 
600.11 50.0016 14.1428 117.857 -1 -700 0.2 0.0546624 0.503 -0.0244167 0.00501815 
600.11 49.9972 14.143 117.858 -1 -700 0.2 0.0546624 0.503 -0.139179 -0.0568473 
600.11 50.004 14.1427 117.856 -1 -700 0.2 0.0546624 0.503 0.0344203 -0.0259533 
600.11 50.0022 14.1428 117.856 -1 -700 0.2 0.0546624 0.503 -0.00906306 -0.0652825 
600.11 50.0057 14.1426 117.855 -1 -700 0.2 0.0546624 0.503 0.0703945 -0.0606294 
600.11 50.0035 14.1427 117.856 -1 -700 0.2 0.0546624 0.503 0.022635 0.0253291 
600.11 50.001 14.1428 117.857 -1 -700 0.2 0.0546624 0.503 -0.0387866 0.075273 
600.11 49.998 14.1429 117.858 -1 -700 0.2 0.0546624 0.503 -0.119164 -0.0311652 
600.11 50.0001 14.1429 117.857 -1 -700 0.2 0.0546624 0.503 -0.0622734 -0.0419687 
600.11 50.0065 14.1426 117.855 -1 -700 0.2 0.0546624 0.503 0.0848687 -0.0443988 
600.11 50.0036 14.1427 117.856 -1 -700 0.2 0.0546624 0.503 0.0291336 0.197073 
600.11 50.005 14.1427 117.855 -1 -700 0.2 0.0546624 0.503 0.0566469 0.0662219 
600.11 49.9984 14.1429 117.858 -1 -700 0.2 0.0546624 0.503 -0.109928 0.104843 
600.11 50.0069 14.1426 117.855 -1 -700 0.2 0.0546624 0.503 0.0926626 -0.0705315 
600.11 50.003 14.1427 117.856 -1 -700 0.2 0.0546624 0.503 0.0113481 0.0524917 
600.11 50.0022 14.1428 117.856 -1 -700 0.2 0.0546624 0.503 -0.00769521 0.115469 
600.11 50.0015 14.1428 117.857 -1 -700 0.2 0.0546624 0.503 -0.0251574 -0.141223 
600.11 49.9996 14.1429 117.857 -1 -700 0.2 0.0546624 0.503 -0.0781446 -0.0580055 
600.11 50.0017 14.1428 117.857 -1 -700 0.2 0.0546624 0.503 -0.0227916 0.0602845 
600.11 50.0101 14.1424 117.854 -1 -700 0.2 0.0546624 0.503 0.143945 -0.0110402 
600.11 50.0033 14.1427 117.856 -1 -700 0.2 0.0546624 0.503 0.0166862 0.0127764 
600.11 50.0012 14.1428 117.857 -1 -700 0.2 0.0546624 0.503 -0.0346308 -0.0882482 
600.11 50.0024 14.1428 117.856 -1 -700 0.2 0.0546624 0.503 -0.00311433 0.0256473 
600.11 50.0015 14.1428 117.857 -1 -700 0.2 0.0546624 0.503 -0.026448 0.0989358 
600.11 50.0044 14.1427 117.856 -1 -700 0.2 0.0546624 0.503 0.0446011 0.114998 
600.11 50.0016 14.1428 117.857 -1 -700 0.2 0.0546624 0.503 -0.0241833 -0.0198212 
600.11 50.0017 14.1428 117.857 -1 -700 0.2 0.0546624 0.503 -0.0229063 0.0217884 
600.11 50.0025 14.1428 117.856 -1 -700 0.2 0.0546624 0.503 -0.00216314 -0.0572898 
600.11 50.0054 14.1426 117.855 -1 -700 0.2 0.0546624 0.503 0.0623898 0.0326219 
600.11 49.9984 14.1429 117.858 -1 -700 0.2 0.0546624 0.503 -0.107852 0.0183926 
600.11 50.0044 14.1427 117.856 -1 -700 0.2 0.0546624 0.503 0.0423175 -0.0612367 
600.11 50.0025 14.1428 117.856 -1 -700 0.2 0.0546624 0.503 -0.00277246 -0.0223247 
600.11 50.0023 14.1428 117.856 -1 -700 0.2 0.0546624 0.503 -0.00577493 -0.0821175 
600.11 49.9984 14.1429 117.858 -1 -700 0.2 0.0546624 0.503 -0.109425 0.0133118 
600.11 50.0039 14.1427 117.856 -1 -700 0.2 0.0546624 0.503 0.0307089 -0.0182629 
600.11 50.0014 14.1428 117.857 -1 -700 0.2 0.0546624 0.503 -0.0300969 0.0427956 
600.11 50.0027 14.1427 117.856 -1 -700 0.2 0.0546624 0.503 0.00369481 -0.045558 
600.11 50.0013 14.1428 117.857 -1 -700 0.2 0.0546624 0.503 -0.032228 -0.0755171 
600.11 50.0074 14.1426 117.855 -1 -700 0.2 0.0546624 0.503 0.101632 -0.0421817 
600.11 50.0017 14.1428 117.857 -1 -700 0.2 0.0546624 0.503 -0.021334 0.0330571 
600.11 50.0034 14.1427 117.856 -1 -700 0.2 0.0546624 0.503 0.0226111 -0.168639 
600.11 50.0008 14.1428 117.857 -1 -700 0.2 0.0546624 0.503 -0.0447956 0.0177212 
600.11 50.0054 14.1426 117.855 -1 -700 0.2 0.0546624 0.503 0.0627172 0.00800588 
600.11 50.0007 14.1428 117.857 -1 -700 0.2 0.0546624 0.503 -0.0486416 -0.0482863 
600.11 50.0023 14.1428 117.856 -1 -700 0.2 0.0546624 0.503 -0.00540321 0.0622454 
600.11 50.0062 14.1426 117.855 -1 -700 0.2 0.0546624 0.503 0.0801564 -0.0665192 
600.11 50.0071 14.1426 117.855 -1 -700 0.2 0.0546624 0.503 0.0951349 0.0305658 
600.11 50.0044 14.1427 117.856 -1 -700 0.2 0.0546624 0.503 0.0430927 0.057183 
600.11 50.0037 14.1427 117.856 -1 -700 0.2 0.0546624 0.503 0.0263836 -0.0108335 
600.11 49.9994 14.1429 117.857 -1 -700 0.2 0.0546624 0.503 -0.0821796 0.0454368 
600.11 50.0032 14.1427 117.856 -1 -700 0.2 0.0546624 0.503 0.0153439 -0.0201793 
600.11 49.9991 14.1429 117.858 -1 -700 0.2 0.0546624 0.503 -0.0914002 -0.0711051 
600.11 50.0019 14.1428 117.857 -1 -700 0.2 0.0546624 0.503 -0.0176665 -0.00332828 
600.11 50.0016 14.1428 117.857 -1 -700 0.2 0.0546624 0.503 -0.0250709 0.0246384 
600.11 50.0003 14.1428 117.857 -1 -700 0.2 0.0546624 0.503 -0.0571645 -0.0196954 
600.11 50.0037 14.1427 117.856 -1 -700 0.2 0.0546624 0.503 0.0256449 -0.0146759 
600.11 50.0033 14.1427 117.856 -1 -700 0.2 0.0546624 0.503 0.0185568 -0.0153767 
600.11 50.0021 14.1428 117.856 -1 -700 0.2 0.0546624 0.503 -0.0106118 -0.100804 
600.11 50.0065 14.1426 117.855 -1 -700 0.2 0.0546624 0.503 0.0849928 -0.000802215 
600.11 50.0059 14.1426 117.855 -1 -700 0.2 0.0546624 0.503 0.0738238 0.00139925 
600.11 50.0044 14.1427 117.856 -1 -700 0.2 0.0546624 0.503 0.0432999 -0.0397148 
600.11 49.9956 14.143 117.859 -1 -700 0.2 0.0546624 0.503 -0.178743 0.0715032 
600.11 50.0037 14.1427 117.856 -1 -700 0.2 0.0546624 0.503 0.0276726 0.0620218 
600.11 50.0024 14.1428 117.856 -1 -700 0.2 0.0546624 0.503 -0.00379996 -0.0716894 
600.11 50.0034 14.1427 117.856 -1 -700 0.2 0.0546624 0.503 0.0200962 0.0174965 
600.11 50.0058 14.1426 117.855 -1 -700 0.2 0.0546624 0.503 0.0721723 0.0779081 
600.11 50.0015 14.1428 117.857 -1 -700 0.2 0.0546624 0.503 -0.0265339 0.033461 
600.11 50.0013 14.1428 117.857 -1 -700 0.2 0.0546624 0.503 -0.0324898 0.0832706 
600.11 50.0082 14.1425 117.854 -1 -700 0.2 0.0546624 0.503 0.116846 -0.0991733 
600.11 50.0022 14.1428 117.856 -1 -700 0.2 0.0546624 0.503 -0.00789151 0.00494138 
600.11 50.0031 14.1427 117.856 -1 -700 0.2 0.0546624 0.503 0.0125854 0.0653876 
600.11 50.0025 14.1428 117.856 -1 -700 0.2 0.0546624 0.503 -0.00252203 0.0343554 
600.11 50.0072 14.1426 117.855 -1 -700 0.2 0.0546624 0.503 0.0977313 -0.0236451 
600.11 49.9986 14.1429 117.857 -1 -700 0.2 0.0546624 0.503 -0.102607 -0.00427539 
600.11 50.0025 14.1428 117.856 -1 -700 0.2 0.0546624 0.503 -0.00255211 -0.000373737 
600.11 50.0049 14.1427 117.855 -1 -700 0.2 0.0546624 0.503 0.0533029 0.00478053 
600.11 50.0032 14.1427 117.856 -1 -700 0.2 0.0546624 0.503 0.0154081 -0.0296889 
600.11 50.001 14.1428 117.857 -1 -700 0.2 0.0546624 0.503 -0.0388422 0.0445618 
600.11 49.9998 14.1429 117.857 -1 -700 0.2 0.0546624 0.503 -0.0724561 -0.0679766 
600.11 50.0043 14.1427 117.856 -1 -700 0.2 0.0546624 0.503 0.0397202 -0.0364657 
600.11 50.0015 14.1428 117.857 -1 -700 0.2 0.0546624 0.503 -0.0278682 -0.0686885 
600.11 50.0069 14.1426 117.855 -1 -700 0.2 0.0546624 0.503 0.0917356 -0.0674613 
600.11 49.9987 14.1429 117.858 -1 -700 0.2 0.0546624 0.503 -0.10174 -0.043761 
600.11 50.002 14.1428 117.857 -1 -700 0.2 0.0546624 0.503 -0.0151955 0.0269063 
600.11 49.9981 14.1429 117.858 -1 -700 0.2 0.0546624 0.503 -0.115964 -0.0410929 
600.11 50.0042 14.1427 117.856 -1 -700 0.2 0.0546624 0.503 0.03881 0.0582323 
600.11 50.002 14.1428 117.856 -1 -700 0.2 0.0546624 0.503 -0.0143697 0.0119152 
600.11 50.0008 14.1428 117.857 -1 -700 0.2 0.0546624 0.503 -0.0444448 -0.0305861 
600.11 50.0017 14.1428 117.857 -1 -700 0.2 0.0546624 0.503 -0.0225726 0.0533002 
600.11 50.0014 14.1428 117.857 -1 -700 0.2 0.0546624 0.503 -0.0292096 -0.144403 
600.11 49.9991 14.1429 117.857 -1 -700 0.2 0.0546624 0.503 -0.0891223 -0.0316385 
600.11 49.9993 14.1429 117.857 -1 -700 0.2 0.0546624 0.503 -0.0848703 0.0480974 
600.11 50.0008 14.1428 117.857 -1 -700 0.2 0.0546624 0.503 -0.0454766 -0.0491731 
600.11 50.0008 14.1428 117.857 -1 -700 0.2 0.0546624 0.503 -0.0454801 0.189736 
600.11 50.0045 14.1427 117.856 -1 -700 0.2 0.0546624 0.503 0.0444272 -0.0259015 
600.11 50.0021 14.1428 117.856 -1 -700 0.2 0.0546624 0.503 -0.0106019 -0.0351919 
600.11 50.0087 14.1425 117.854 -1 -700 0.2 0.0546624 0.503 0.123627 -0.0804395 
600.11 50.0016 14.1428 117.857 -1 -700 0.2 0.0546624 0.503 -0.0243761 -0.0512046 
600.11 50.0056 14.1426 117.855 -1 -700 0.2 0.0546624 0.503 0.0678584 0.0159659 
600.11 50 14.1429 117.857 -1 -700 0.2 0.0546624 0.503 -0.0664081 0.000658787 
600.11 49.9994 14.1429 117.857 -1 -700 0.2 0.0546624 0.503 -0.0815298 0.0382676 
600.11 50.0021 14.1428 117.856 -1 -700 0.2 0.0546624 0.503 -0.0111658 -0.0548673 
600.11 49.9982 14.1429 117.858 -1 -700 0.2 0.0546624 0.503 -0.113538 -0.0863377 
600.11 50.0003 14.1428 117.857 -1 -700 0.2 0.0546624 0.503 -0.0580292 -0.049301 
600.11 50.003 14.1427 117.856 -1 -700 0.2 0.0546624 0.503 0.0106928 -0.0468042 
600.11 49.9996 14.1429 117.857 -1 -700 0.2 0.0546624 0.503 -0.0770529 0.0840615 
600.11 49.9989 14.1429 117.858 -1 -700 0.2 0.0546624 0.503 -0.0967104 -0.00155462 
600.11 49.9995 14.1429 117.857 -1 -700 0.2 0.0546624 0.503 -0.0787602 0.0311964 
600.11 49.9962 14.143 117.858 -1 -700 0.2 0.0546624 0.503 -0.163768 -0.0186649 
600.11 49.9994 14.1429 117.857 -1 -700 0.2 0.0546624 0.503 -0.0833446 -0.057143 
600.11 50.0014 14.1428 117.857 -1 -700 0.2 0.0546624 0.503 -0.0283717 0.135449 
600.11 50.0012 14.1428 117.857 -1 -700 0.2 0.0546624 0.503 -0.0334356 0.0549845 
600.11 50.0028 14.1427 117.856 -1 -700 0.2 0.0546624 0.503 0.00516547 -0.0820003 
600.11 50.0104 14.1424 117.854 -1 -700 0.2 0.0546624 0.503 0.150392 0.105349 
600.11 50.0023 14.1428 117.856 -1 -700 0.2 0.0546624 0.503 -0.00597165 -0.0499615 
600.11 50.0033 14.1427 117.856 -1 -700 0.2 0.0546624 0.503 0.0182552 0.0387514 
600.11 50.001 14.1428 117.857 -1 -700 0.2 0.0546624 0.503 -0.0402722 0.0447056 
600.11 50.0034 14.1427 117.856 -1 -700 0.2 0.0546624 0.503 0.0213342 -0.0731355 
600.11 50.0033 14.1427 117.856 -1 -700 0.2 0.0546624 0.503 0.0178361 0.0122845 
600.11 50.003 14.1427 117.856 -1 -700 0.2 0.0546624 0.503 0.00924775 -0.0102854 
600.11 49.9959 14.143 117.859 -1 -700 0.2 0.0546624 0.503 -0.171086 0.0752806 
600.11 50.0005 14.1428 117.857 -1 -700 0.2 0.0546624 0.503 -0.0518314 -0.0322795 
600.11 50.0007 14.1428 117.857 -1 -700 0.2 0.0546624 0.503 -0.0488612 0.0687129 
600.11 50.0132 14.1423 117.853 -1 -700 0.2 0.0546624 0.503 0.18442 -0.0175583 
600.11 50.0032 14.1427 117.856 -1 -700 0.2 0.0546624 0.503 0.0163771 -0.0840276 
600.11 50.0028 14.1427 117.856 -1 -700 0.2 0.0546624 0.503 0.00525745 0.0760971 
600.11 50.0091 14.1425 117.854 -1 -700 0.2 0.0546624 0.503 0.130921 -0.101618 
600.11 50.0053 14.1426 117.856 -1 -700 0.2 0.0546624 0.503 0.0619578 0.0372267 
600.11 50.0014 14.1428 117.857 -1 -700 0.2 0.0546624 0.503 -0.0298603 -0.0199685 
600.11 50.0001 14.1429 117.857 -1 -700 0.2 0.0546624 0.503 -0.0637763 0.169568 
600.11 49.9961 14.143 117.858 -1 -700 0.2 0.0546624 0.503 -0.167276 0.0388878 
600.11 50.0045 14.1427 117.856 -1 -700 0.2 0.0546624 0.503 0.0442745 0.0272361 
600.11 50.0002 14.1429 117.857 -1 -700 0.2 0.0546624 0.503 -0.0621635 0.0229781 
600.11 50.0036 14.1427 117.856 -1 -700 0.2 0.0546624 0.503 0.0245467 -0.00388801 
600.11 50 14.1429 117.857 -1 -700 0.2 0.0546624 0.503 -0.0652897 0.0284394 
600.11 50.0028 14.1427 117.856 -1 -700 0.2 0.0546624 0.503 0.00777522 0.154753 
600.11 49.9999 14.1429 117.857 -1 -700 0.2 0.0546624 0.503 -0.0689501 -0.0785001 
600.11 50.0059 14.1426 117.855 -1 -700 0.2 0.0546624 0.503 0.0729026 -0.0081617 
600.11 50.0043 14.1427 117.856 -1 -700 0.2 0.0546624 0.503 0.0397278 -0.00826873 
600.11 50.001 14.1428 117.857 -1 -700 0.2 0.0546624 0.503 -0.0400096 -0.0144592 
600.11 50.0011 14.1428 117.857 -1 -700 0.2 0.0546624 0.503 -0.0368993 -0.0279171 
600.11 49.9996 14.1429 117.857 -1 -700 0.2 0.0546624 0.503 -0.0760075 0.105969 
600.11 50.0047 14.1427 117.856 -1 -700 0.2 0.0546624 0.503 0.0495934 -0.0664058 
600.11 50.003 14.1427 117.856 -1 -700 0.2 0.0546624 0.503 0.0108847 0.00620536 
600.11 50.0015 14.1428 117.857 -1 -700 0.2 0.0546624 0.503 -0.0279682 -0.0565501 
600.11 50.0049 14.1427 117.856 -1 -700 0.2 0.0546624 0.503 0.0541439 -0.0312163 
600.11 49.9986 14.1429 117.858 -1 -700 0.2 0.0546624 0.503 -0.104011 -0.0346667 
600.11 50.0061 14.1426 117.855 -1 -700 0.2 0.0546624 0.503 0.0783982 0.103447 
600.11 50.0051 14.1426 117.855 -1 -700 0.2 0.0546624 0.503 0.0578579 0.0235725 
600.11 50.0041 14.1427 117.856 -1 -700 0.2 0.0546624 0.503 0.03666 0.0150423 
600.11 50.0021 14.1428 117.857 -1 -700 0.2 0.0546624 0.503 -0.0112526 -0.122534 
600.11 50.0022 14.1428 117.856 -1 -700 0.2 0.0546624 0.503 -0.00932699 0.0939885 
600.11 50.0033 14.1427 117.856 -1 -700 0.2 0.0546624 0.503 0.017363 0.0320574 
600.11 50.0047 14.1427 117.856 -1 -700 0.2 0.0546624 0.503 0.0487015 -0.0762665 
600.11 50.0013 14.1428 117.857 -1 -700 0.2 0.0546624 0.503 -0.0312341 -0.103652 
600.11 50.0012 14.1428 117.857 -1 -700 0.2 0.0546624 0.503 -0.034661 -0.0192081 
600.11 50.0028 14.1427 117.856 -1 -700 0.2 0.0546624 0.503 0.00575303 0.000309098 
600.11 50.0036 14.1427 117.856 -1 -700 0.2 0.0546624 0.503 0.025821 -0.0559037 
600.11 49.997 14.143 117.858 -1 -700 0.2 0.0546624 0.503 -0.143753 0.0209335 
600.11 50.0043 14.1427 117.856 -1 -700 0.2 0.0546624 0.503 0.0397747 -0.0627825 
600.11 49.9996 14.1429 117.857 -1 -700 0.2 0.0546624 0.503 -0.0775356 -0.0226864 
600.11 50.0024 14.1428 117.856 -1 -700 0.2 0.0546624 0.503 -0.00435491 0.0739416 
600.11 49.9996 14.1429 117.857 -1 -700 0.2 0.0546624 0.503 -0.0780883 -0.137781 
600.11 50 14.1429 117.857 -1 -700 0.2 0.0546624 0.503 -0.0654752 0.0300328 
600.11 50.0015 14.1428 117.857 -1 -700 0.2 0.0546624 0.503 -0.0270246 -0.0152761 
600.11 50.0042 14.1427 117.856 -1 -700 0.2 0.0546624 0.503 0.038893 0.0935738 
600.11 50.0009 14.1428 117.857 -1 -700 0.2 0.0546624 0.503 -0.0416963 0.00108644 
600.11 50.008 14.1425 117.854 -1 -700 0.2 0.0546624 0.503 0.11223 0.0666831 
600.11 50.0018 14.1428 117.856 -1 -700 0.2 0.0546624 0.503 -0.0190722 -0.0144898 
600.11 49.9996 14.1429 117.857 -1 -700 0.2 0.0546624 0.503 -0.0783237 -0.0971448 
600.11 50.0024 14.1428 117.856 -1 -700 0.2 0.0546624 0.503 -0.00430347 -0.0960544 
600.11 50.0026 14.1428 117.856 -1 -700 0.2 0.0546624 0.503 0.000207697 -0.0273543 
600.11 50.0023 14.1428 117.856 -1 -700 0.2 0.0546624 0.503 -0.00561551 -0.0356052 
600.11 50.0068 14.1426 117.855 -1 -700 0.2 0.0546624 0.503 0.0910962 -0.0603449 
600.11 50.0048 14.1427 117.856 -1 -700 0.2 0.0546624 0.503 0.0508403 -0.0279819 
600.11 50.0058 14.1426 117.855 -1 -700 0.2 0.0546624 0.503 0.0711809 -0.0165807 
600.11 49.9998 14.1429 117.857 -1 -700 0.2 0.0546624 0.503 -0.0712332 -0.0444235 
