600.11 50 14.1429 14.1429 4.55691e-07 -15.1832 0.098551 0.0546624 0.0003 0.834988 -3.54607 
600.11 30.2423 14.989 14.9913 -0.00293765 -8.12667 0.111428 0.0546624 0.503 -2.9364 0.0890967 
600.11 50.0056 14.1426 14.1427 -0.000153225 -15.1853 0.0992695 0.0546624 0.0003 1.80285 2.71523 
600.11 39.013 14.6012 14.5464 0.111471 -10.7759 6.69403e-06 0.0546624 0.0003 -2.81749 0.74406 
600.11 30.3328 14.9849 14.9864 -0.00262145 -7.0559 0.11044 0.0546624 0.503 -2.95212 -0.118719 
600.11 30.9272 14.9579 14.9605 -0.00269124 -7.2466 0.109852 0.0546624 0.503 -3.20034 -0.0804648 
600.11 38.241 14.6346 14.6395 -0.00941241 -10.4156 0.139327 0.0546624 0.503 -2.94825 0.719603 
600.11 30.7393 14.9665 14.9662 0.000793364 -8.05633 0.0948992 0.0546624 0.0003 -3.05983 -0.18262 
600.11 33.8995 14.8249 14.8295 -0.00936199 -9.61345 0.139728 0.0546624 0.503 -3.13122 -0.442123 
600.11 30.5054 14.9771 14.967 0.0220404 -6.75941 0.0223648 0.0546624 0.0003 -2.84598 0.0369727 
600.11 35.9938 14.7323 14.7388 -0.0141545 -9.38203 0.156551 0.0546624 0.503 -2.70516 0.511836 
600.11 32.5462 14.8851 14.8908 -0.0112264 -7.65005 0.146584 0.0546624 0.503 -3.32118 0.173792 
600.11 31.6707 14.9244 14.9258 -0.00243356 -7.25475 0.109403 0.0546624 0.503 -3.01675 -0.29186 
600.11 50.0082 14.1425 14.1426 -0.000163525 -15.1864 0.0993123 0.0546624 0.503 1.36438 -2.40039 
600.11 50.0019 14.1428 14.1428 4.79444e-05 -15.1848 0.0983311 0.0546624 0.0003 0.958323 -2.38715 
600.11 50.0005 14.1428 14.1428 -2.10876e-05 -15.1837 0.0986488 0.0546624 0.0003 0.504948 -2.20852 
600.11 30.3676 14.9833 14.9853 -0.00583856 -8.38173 0.125738 0.0546624 0.503 -3.12508 -0.0502232 
600.11 30.7522 14.9658 14.9697 -0.00642863 -7.02802 0.126942 0.0546624 0.503 -3.06959 0.181136 
600.11 30.4233 14.9808 14.9832 -0.00446477 -8.062 0.118672 0.0546624 0.503 -2.86192 -0.0429798 
600.11 31.8539 14.9162 14.9197 -0.00475777 -8.01628 0.11911 0.0546624 0.503 -2.69485 -0.0484647 
600.11 30.4773 14.9784 14.9791 -0.00216332 -7.25617 0.108826 0.0546624 0.503 -3.09095 0.124036 
600.11 30.0984 14.9955 14.9927 0.00810709 -8.25453 0.0621596 0.0546624 0.0003 -2.98317 0.0675985 
600.11 30.2516 14.9886 14.9826 0.017112 -6.88835 0.03225 0.0546624 0.0003 -3.03606 -0.105518 
600.11 30.6213 14.9718 14.9742 -0.00512049 -6.9649 0.122038 0.0546624 0.503 -3.16791 -0.051793 
600.11 30.6391 14.9711 14.9729 -0.00389685 -7.78385 0.116547 0.0546624 0.503 -2.83733 -0.0737842 
600.11 31.2919 14.9415 14.9453 -0.00906743 -7.65394 0.138995 0.0546624 0.503 -3.22843 0.114884 
600.11 31.8607 14.9158 14.9197 -0.00895257 -7.36461 0.138209 0.0546624 0.503 -2.77926 0.216506 
600.11 30.4106 14.9813 14.9832 -0.00295875 -7.43346 0.111837 0.0546624 0.503 -3.12384 -0.0707088 
600.11 30.59 14.9732 14.9768 -0.00577343 -8.0955 0.124035 0.0546624 0.503 -3.16651 0.0410339 
600.11 41.8305 14.4809 14.4863 -0.00603707 -11.4984 0.12417 0.0546624 0.503 -3.17831 -0.919564 
600.11 30.2941 14.9866 14.9512 0.0682079 -7.02806 0.000374086 0.0546624 0.0003 -2.96793 0.115943 
600.11 30.7183 14.9674 14.9665 0.000335708 -8.47381 0.0976252 0.0546624 0.0003 -3.03647 0.185736 
600.11 30.4348 14.9803 14.9832 -0.00734797 -7.20351 0.131918 0.0546624 0.503 -3.0937 -0.113073 
600.11 32.9496 14.8672 14.8719 -0.0129436 -7.78386 0.153298 0.0546624 0.503 -2.62371 -0.122155 
600.11 50.0004 14.1428 14.1428 -1.20795e-05 -15.1834 0.0986083 0.0546624 0.0003 2.39472 -3.31874 
600.11 30.5305 14.9759 14.9771 -0.0024857 -8.08414 0.110107 0.0546624 0.503 -3.13253 0.0936563 
600.11 31.113 14.9496 14.9498 -0.00157922 -8.2357 0.106514 0.0546624 0.503 -2.7642 0.0232348 
600.11 35.575 14.7509 14.7548 -0.00824871 -8.99041 0.135273 0.0546624 0.503 -2.75942 0.512446 
600.11 35.4202 14.7576 14.7611 -0.0110834 -10.3326 0.147097 0.0546624 0.503 -2.49896 0.242294 
600.11 30.4277 14.9806 14.985 -0.00832724 -7.61813 0.135002 0.0546624 0.503 -3.03136 -0.142131 
600.11 31.2089 14.9452 14.9464 -0.00232456 -8.41354 0.108738 0.0546624 0.503 -2.80912 -0.157357 
600.11 31.6303 14.9262 14.9305 -0.00968438 -8.2374 0.140991 0.0546624 0.503 -2.7845 -0.192195 
600.11 35.9863 14.7328 14.7366 -0.00550626 -9.30541 0.122831 0.0546624 0.503 -3.00528 0.590198 
600.11 30.5036 14.9772 14.9774 -0.000596635 -7.98938 0.10161 0.0546624 0.503 -3.06334 -0.145079 
600.11 43.9402 14.392 14.3361 0.110057 -13.1548 7.8779e-06 0.0546624 0.0003 -1.98364 0.370005 
600.11 30.4125 14.9813 14.982 -0.0020497 -7.81101 0.108187 0.0546624 0.503 -3.07735 -0.120035 
600.11 35.3235 14.7619 14.7619 -0.00124434 -9.14391 0.104852 0.0546624 0.503 -2.61131 0.390164 
600.11 31.074 14.9513 14.9532 -0.00442724 -8.08536 0.11896 0.0546624 0.503 -3.0515 -0.226788 
600.11 30.8274 14.9625 14.9652 -0.00767477 -7.97192 0.133321 0.0546624 0.503 -3.08847 0.183452 
600.11 39.1766 14.5941 14.5645 0.0574065 -10.7171 0.00100104 0.0546624 0.0003 -3.16125 -0.758718 
600.11 30.1631 14.9926 14.9819 0.0185331 -7.47104 0.0307331 0.0546624 0.0003 -2.91729 0.0341332 
600.11 30.4461 14.9798 14.9653 0.0422361 -6.08902 0.00348995 0.0546624 0.0003 -3.06838 0.13224 
600.11 32.7358 14.8766 14.8801 -0.00632716 -8.37552 0.126437 0.0546624 0.503 -2.93932 -0.374977 
600.11 42.1431 14.4676 14.4644 0.00817957 -11.7823 0.0621384 0.0546624 0.0003 -2.19884 -0.523282 
600.11 50.0051 14.1427 14.1427 -0.000175691 -15.1852 0.0993627 0.0546624 0.503 2.74961 2.9736 
600.11 42.8319 14.4387 14.438 -0.00017735 -12.1125 0.100022 0.0546624 0.503 -2.60035 0.919466 
600.11 30.0818 14.9963 14.9685 0.0661157 -7.72606 0.000403229 0.0546624 0.0003 -2.96359 0.052113 
600.11 47.9554 14.226 14.2192 0.0206561 -14.3385 0.0240546 0.0546624 0.0003 -1.82337 0.922493 
600.11 33.01 14.8644 14.8686 -0.00847044 -7.98589 0.135723 0.0546624 0.503 -3.39938 -0.0141442 
600.11 50.0026 14.1428 14.1428 -6.42298e-05 -15.184 0.0988466 0.0546624 0.0003 2.18357 -2.98137 
600.11 30.1001 14.9955 14.9881 0.0200193 -7.33993 0.0256286 0.0546624 0.0003 -3.05296 0.0462347 
600.11 31.0686 14.9515 14.9527 -0.00240333 -8.28931 0.109553 0.0546624 0.503 -2.86694 0.189837 
600.11 50 14.1429 14.1429 -1.76976e-09 -15.1835 0.0985532 0.0546624 0.0003 -0.0324383 -3.66664 
600.11 30.529 14.976 14.9714 0.0054065 -7.84364 0.0758781 0.0546624 0.0003 -2.84725 -0.0540133 
600.11 33.2185 14.855 14.8573 -0.0066102 -8.64074 0.128861 0.0546624 0.503 -2.62982 -0.186361 
600.11 30.524 14.9763 14.9733 0.0159749 -7.90962 0.0339122 0.0546624 0.0003 -3.04241 0.155797 
600.11 30.3895 14.9823 14.9751 0.018492 -6.62892 0.0292279 0.0546624 0.0003 -3.13442 0.0349518 
600.11 41.8515 14.48 14.4767 0.0120551 -11.5751 0.0467317 0.0546624 0.0003 -2.07996 0.18313 
600.11 30.3003 14.9863 14.9868 -0.00105582 -8.08434 0.103245 0.0546624 0.503 -3.09507 -0.0761561 
600.11 30.9561 14.9566 14.9358 0.0286179 -7.8484 0.0146808 0.0546624 0.0003 -3.20194 0.0844486 
600.11 30.3196 14.9855 14.9867 -0.00296249 -7.7474 0.112374 0.0546624 0.503 -3.12511 0.00922608 
600.11 30.1955 14.9912 14.9911 0.00707368 -7.61314 0.0645388 0.0546624 0.0003 -3.07748 -0.0605369 
600.11 43.5001 14.4105 14.4038 0.0174556 -12.4118 0.0316489 0.0546624 0.0003 -3.18796 -1.03256 
600.11 30.5941 14.973 14.975 -0.00449293 -7.68919 0.118979 0.0546624 0.503 -2.91563 0.149541 
600.11 35.7849 14.7416 14.7314 0.0292907 -9.54089 0.011445 0.0546624 0.0003 -2.42972 -0.0971023 
600.11 30.4639 14.9789 14.9519 0.0577912 -8.05472 0.000917545 0.0546624 0.0003 -2.87451 -0.0851125 
600.11 30.4707 14.9787 14.9791 -0.0010785 -8.08071 0.103903 0.0546624 0.503 -3.01121 -0.152532 
600.11 45.0091 14.3475 14.3491 -0.00415237 -13.2534 0.117825 0.0546624 0.503 -1.84016 0.12496 
600.11 30.5682 14.9742 14.9782 -0.00664322 -8.43946 0.12768 0.0546624 0.503 -3.16727 0.0144606 
600.11 33.1115 14.8598 14.8641 -0.00990362 -8.07691 0.141326 0.0546624 0.503 -3.39375 -0.10251 
600.11 30.4734 14.9785 14.9786 -0.00184262 -8.21301 0.107671 0.0546624 0.503 -3.03227 -0.14958 
600.11 43.9492 14.3916 14.3995 -0.013658 -12.4844 0.154023 0.0546624 0.503 -2.85224 1.07244 
600.11 40.969 14.5174 14.4811 0.0766675 -11.4496 0.000161573 0.0546624 0.0003 -2.16771 0.293945 
600.11 50.0173 14.1422 14.1422 -5.4736e-05 -15.1909 0.0988098 0.0546624 0.0003 2.97104 2.77572 
600.11 30.3891 14.9824 14.9842 -0.00333892 -7.94687 0.113768 0.0546624 0.503 -2.87064 -0.0504053 
600.11 31.0862 14.9508 14.9505 -0.00141333 -7.94661 0.105712 0.0546624 0.503 -3.00774 -0.233917 
600.11 30.3648 14.9834 14.985 -0.00288186 -6.899 0.111701 0.0546624 0.503 -2.88817 -0.0739876 
600.11 33.0063 14.8645 14.87 -0.00964675 -8.75911 0.139823 0.0546624 0.503 -3.16087 0.365957 
600.11 30.7511 14.9659 14.9671 -0.00270645 -8.40726 0.110736 0.0546624 0.503 -2.82011 0.0713834 
600.11 30.4218 14.9809 14.9842 -0.0074757 -7.92778 0.132397 0.0546624 0.503 -2.86052 -0.0376002 
600.11 31.3623 14.9383 14.9388 -0.00364988 -7.85192 0.116015 0.0546624 0.503 -2.76918 -0.125526 
600.11 45.3252 14.3342 14.3256 0.00639421 -13.4 0.0744599 0.0546624 0.0003 -2.45134 -1.05971 
600.11 46.9604 14.2667 14.2472 0.0300311 -14.1661 0.0125197 0.0546624 0.0003 -1.87761 -0.765532 
600.11 30.3022 14.9863 14.9865 -0.000938803 -8.13524 0.103116 0.0546624 0.503 -3.07345 0.0974156 
600.11 32.2151 14.9 14.9022 -0.00374962 -8.45042 0.115249 0.0546624 0.503 -2.85325 -0.305927 
600.11 43.46 14.4122 14.3997 0.0404677 -12.3231 0.00401682 0.0546624 0.0003 -2.52699 -0.933761 
600.11 31.1399 14.9484 14.9484 -0.00105799 -7.9505 0.103863 0.0546624 0.503 -2.94046 -0.232529 
600.11 31.3239 14.94 14.9089 0.0632681 -7.94995 0.000569907 0.0546624 0.0003 -2.76199 0.10217 
600.11 41.6084 14.4903 14.4727 0.0399173 -11.6739 0.00461768 0.0546624 0.0003 -2.10752 -0.233696 
600.11 30.8421 14.9619 14.9651 0.000426924 -7.64139 0.0934264 0.0546624 0.0003 -3.18352 0.0923494 
600.11 31.435 14.9351 14.9369 -0.00437364 -7.82993 0.118889 0.0546624 0.503 -3.23181 0.13858 
600.11 30.4316 14.9804 14.983 -0.00617987 -7.8747 0.126764 0.0546624 0.503 -3.14604 -4.03087e-06 
600.11 30.9601 14.9565 14.9588 -0.00498413 -7.19028 0.121337 0.0546624 0.503 -2.92735 0.206985 
600.11 32.6276 14.8814 14.8832 -0.00485384 -8.767 0.120855 0.0546624 0.503 -2.68712 -0.200216 
600.11 30.5439 14.9753 14.9683 0.00555545 -7.82545 0.0770868 0.0546624 0.0003 -3.12524 -0.106133 
600.11 49.974 14.1439 14.1434 0.000787038 -15.1775 0.0949938 0.0546624 0.0003 -0.517244 0.587355 
600.11 36.8864 14.6934 14.698 -0.0064639 -9.63112 0.126476 0.0546624 0.503 -3.45619 -0.453059 
600.11 30.6521 14.9704 14.9727 -0.00437681 -8.16169 0.118284 0.0546624 0.503 -3.15905 -0.0843318 
600.11 30.4835 14.978 14.9768 1.11022e-05 -7.57295 0.0996128 0.0546624 0.503 -3.01431 -0.153987 
600.11 50 14.1429 14.1429 -7.99569e-08 -15.1835 0.0985535 0.0546624 0.0003 -0.793023 -3.25947 
600.11 32.1083 14.9048 14.9097 -0.0060995 -7.55774 0.124261 0.0546624 0.503 -2.82849 -0.282566 
600.11 50.0003 14.1428 14.1428 -1.18992e-05 -15.1836 0.0986073 0.0546624 0.0003 0.613254 -2.42112 
600.11 30.3948 14.9821 14.979 0.0123527 -7.98435 0.0455929 0.0546624 0.0003 -2.90191 -0.0997716 
600.11 30.6038 14.9726 14.9714 0.000193622 -7.67957 0.0984275 0.0546624 0.0003 -3.14217 0.0989318 
600.11 49.7465 14.1531 14.1519 0.00245802 -15.0835 0.0872701 0.0546624 0.0003 -0.951675 -0.291753 
600.11 30.5563 14.9748 14.9801 -0.00825014 -6.61529 0.133893 0.0546624 0.503 -3.16559 0.012579 
600.11 50 14.1429 14.1429 5.62867e-08 -15.1834 0.0985529 0.0546624 0.0003 -0.186828 -2.80927 
600.11 30.5343 14.9757 14.9614 0.0199159 -8.00413 0.0289296 0.0546624 0.0003 -3.16203 -0.015024 
600.11 30.5584 14.9746 14.9767 -0.00453271 -8.01158 0.119214 0.0546624 0.503 -3.14804 0.0768608 
600.11 30.4362 14.9803 14.9819 -0.0021354 -7.21655 0.108 0.0546624 0.503 -3.116 -0.0906566 
600.11 30.3201 14.9854 14.9798 0.00774045 -8.17484 0.066043 0.0546624 0.0003 -3.02332 0.123482 
600.11 31.149 14.948 14.9502 -0.00521596 -7.27989 0.122564 0.0546624 0.503 -3.24086 0.00103322 
600.11 46.715 14.2769 14.2795 -0.0041001 -13.9132 0.117024 0.0546624 0.503 -2.02206 -0.902442 
600.11 50 14.1429 14.1429 -1.3043e-10 -15.1831 0.0985532 0.0546624 0.0003 0.755008 3.67877 
600.11 49.9996 14.1429 14.1429 1.2017e-05 -15.1834 0.0984983 0.0546624 0.0003 -1.18961 2.72036 
600.11 30.646 14.9707 14.9742 -0.00823065 -7.78521 0.135215 0.0546624 0.503 -2.88465 -0.137648 
600.11 31.0062 14.9544 14.9251 0.0602025 -7.677 0.000749669 0.0546624 0.0003 -3.06425 -0.215493 
600.11 30.3657 14.9834 14.9843 -0.00319396 -8.43125 0.113795 0.0546624 0.503 -3.12353 -0.0528456 
600.11 31.084 14.9508 14.9553 -0.00857628 -8.16185 0.136017 0.0546624 0.503 -3.2333 0.0102103 
600.11 30.5205 14.9764 14.9821 -0.00944403 -8.01797 0.138796 0.0546624 0.503 -3.12888 0.0957246 
600.11 30.3513 14.984 14.9861 -0.00491047 -6.47463 0.121112 0.0546624 0.503 -2.86827 -0.00379907 
600.11 30.861 14.9609 14.9628 -0.00214611 -7.57232 0.10737 0.0546624 0.503 -3.18341 0.0977844 
600.11 30.6443 14.9708 14.9767 -0.00367896 -6.6759 0.111419 0.0546624 0.503 -3.01278 -0.178468 
600.11 31.651 14.9253 14.9315 -0.00885268 -7.93819 0.136147 0.0546624 0.503 -2.97703 -0.289728 
600.11 30.6563 14.9702 14.9707 -0.00143586 -7.93803 0.105272 0.0546624 0.503 -3.17579 0.0425112 
600.11 39.8599 14.5647 14.4711 0.180368 -11.742 1.26535e-08 0.0546624 0.0003 -2.19584 -0.136787 
600.11 30.3593 14.9837 14.9842 -0.00229 -7.42627 0.10948 0.0546624 0.503 -3.12456 -0.047364 
600.11 50 14.1429 14.1429 8.56242e-07 -15.1833 0.0985493 0.0546624 0.0003 1.41951 -3.40854 
600.11 31.8054 14.9183 14.9205 -0.00485623 -7.81563 0.120669 0.0546624 0.503 -3.05899 0.298645 
600.11 30.5274 14.9761 14.9777 -0.00336769 -6.98779 0.114181 0.0546624 0.503 -2.8645 0.0883761 
600.11 37.8354 14.6521 14.6533 -0.0029745 -10.8161 0.112444 0.0546624 0.503 -3.36372 -0.595992 
600.11 50.0049 14.1427 14.1427 -0.00015832 -15.1848 0.0992766 0.0546624 0.0003 1.14967 -2.34987 
600.11 30.4115 14.9813 14.9863 -0.00889825 -7.4747 0.137077 0.0546624 0.503 -2.86172 0.0362594 
600.11 36.1413 14.7259 14.7392 -0.0261927 -9.36605 0.182994 0.0546624 0.503 -2.50174 0.333109 
600.11 37.9761 14.646 14.6441 0.00510176 -10.5182 0.0750953 0.0546624 0.0003 -2.67438 -0.626613 
600.11 31.8116 14.9181 14.9223 -0.00865293 -7.35981 0.136629 0.0546624 0.503 -2.87835 0.279641 
600.11 30.308 14.986 14.9566 0.0552185 -8.0024 0.00124164 0.0546624 0.0003 -3.06405 0.105127 
600.11 30.787 14.9644 14.9658 -0.00626232 -8.11743 0.128213 0.0546624 0.503 -3.18341 0.0758499 
600.11 43.463 14.412 14.4146 -0.00404079 -12.3225 0.116499 0.0546624 0.503 -2.05379 0.447384 
600.11 42.7918 14.4402 14.447 -0.0134764 -11.8818 0.154036 0.0546624 0.503 -2.41424 0.81037 
600.11 30.2466 14.9888 14.9888 -0.000376233 -8.17256 0.100627 0.0546624 0.503 -3.04915 -0.0989606 
600.11 30.497 14.9774 14.978 -0.00180214 -8.65362 0.106945 0.0546624 0.503 -3.14307 -0.0641928 
600.11 30.8729 14.9605 14.9291 0.0746152 -7.02946 0.000182592 0.0546624 0.0003 -3.18709 -0.0935708 
600.11 30.5104 14.9768 14.9791 -0.00275307 -7.70161 0.110065 0.0546624 0.503 -2.95705 -0.153372 
600.11 31.6376 14.9259 14.9285 -0.00399126 -8.45153 0.115802 0.0546624 0.503 -2.71059 0.00782581 
600.11 37.4832 14.6674 14.6628 0.0135096 -10.198 0.0424787 0.0546624 0.0003 -3.50885 -0.447654 
600.11 50.0053 14.1426 14.1427 -0.00010847 -15.1855 0.0990401 0.0546624 0.0003 0.082285 0.422929 
600.11 48.2412 14.2143 14.2014 0.0251552 -14.5658 0.0176091 0.0546624 0.0003 -1.59041 0.628735 
600.11 30.1871 14.9915 14.978 0.0224079 -7.96883 0.0228666 0.0546624 0.0003 -3.08845 -0.0368506 
600.11 30.2301 14.9896 14.9898 0.00700693 -7.73075 0.0645486 0.0546624 0.0003 -3.0554 0.0911947 
600.11 30.2695 14.9878 14.9689 0.0454669 -7.5595 0.00273269 0.0546624 0.0003 -3.09272 0.068687 
600.11 30.4724 14.9785 14.981 -0.00565513 -8.0876 0.124332 0.0546624 0.503 -3.14742 0.0419168 
600.11 30.8805 14.9601 14.9618 -0.00325398 -8.40082 0.113322 0.0546624 0.503 -3.14721 0.149665 
600.11 50 14.1429 14.1429 -1.01017e-08 -15.1834 0.0985531 0.0546624 0.0003 -0.969199 -2.98804 
600.11 33.42 14.8461 14.8496 -0.00279066 -7.53584 0.109164 0.0546624 0.503 -3.15253 0.400745 
600.11 34.1696 14.813 14.8148 -0.00675728 -8.15164 0.130577 0.0546624 0.503 -3.44731 -0.170554 
600.11 30.4155 14.9811 14.9826 -0.00338035 -8.16077 0.114025 0.0546624 0.503 -2.85917 0.0277125 
600.11 30.3479 14.9842 14.9857 -0.00368048 -7.43113 0.115851 0.0546624 0.503 -2.95793 -0.124122 
600.11 31.0536 14.9522 14.9083 0.0781681 -8.20345 0.000160214 0.0546624 0.0003 -3.1705 0.154481 
600.11 30.5167 14.9766 14.9789 -0.00421245 -8.59538 0.117637 0.0546624 0.503 -2.99346 -0.159828 
600.11 30.2922 14.9867 14.9871 -0.00133038 -7.4023 0.104864 0.0546624 0.503 -2.88243 -0.0247011 
600.11 32.4242 14.8905 14.8908 -0.00397028 -8.80678 0.117677 0.0546624 0.503 -2.87009 -0.331163 
600.11 50 14.1429 14.1429 -2.86332e-10 -15.1832 0.0985532 0.0546624 0.0003 -0.970075 -4.08764 
600.11 31.9006 14.9142 14.9147 -0.00126494 -7.69825 0.104524 0.0546624 0.503 -2.89242 -0.29394 
600.11 30.503 14.9772 14.9781 -0.00266747 -8.24289 0.111356 0.0546624 0.503 -3.06399 0.144666 
600.11 31.3013 14.941 14.9503 -0.00419556 -7.14059 0.110579 0.0546624 0.503 -2.78898 0.145952 
600.11 35.7572 14.7428 14.7272 0.0390424 -9.14421 0.00487181 0.0546624 0.0003 -3.03433 -0.575799 
600.11 37.8104 14.6531 14.6567 -0.00529392 -9.5874 0.121411 0.0546624 0.503 -3.45015 0.531371 
600.11 30.556 14.9748 14.9762 -0.00138829 -7.43247 0.104225 0.0546624 0.503 -2.83687 0.0327896 
600.11 50.0025 14.1428 14.1427 3.11613e-05 -15.185 0.0984193 0.0546624 0.0003 1.31589 -2.59908 
600.11 47.7054 14.2362 14.2363 -0.00122459 -14.164 0.104235 0.0546624 0.503 -1.58703 -0.354425 
600.11 30.291 14.9868 14.9878 -0.00127184 -7.58369 0.104038 0.0546624 0.503 -3.11975 0.0018616 
600.11 30.6877 14.9688 14.9709 -0.003848 -7.72381 0.115792 0.0546624 0.503 -3.11157 -0.147646 
600.11 30.8021 14.9636 14.9545 0.00844088 -7.97796 0.0656216 0.0546624 0.0003 -2.98193 0.199269 
600.11 31.0587 14.952 14.9537 -0.00236843 -7.57989 0.108849 0.0546624 0.503 -2.7986 0.113206 
600.11 30.3681 14.9832 14.9778 0.00446196 -7.9496 0.0811432 0.0546624 0.0003 -2.88672 0.0729105 
600.11 30.7903 14.9642 14.9678 -0.00607645 -8.18952 0.125753 0.0546624 0.503 -2.93639 -0.188499 
600.11 30.6004 14.9728 14.9614 0.0352721 -6.58425 0.00656564 0.0546624 0.0003 -2.86675 -0.110322 
600.11 50 14.1429 14.1429 -3.53112e-11 -15.1834 0.0985532 0.0546624 0.0003 0.1011 3.71117 
600.11 33.0447 14.8628 14.8656 -0.0072381 -9.10126 0.131287 0.0546624 0.503 -2.79543 -0.346376 
600.11 30.8455 14.9616 14.9641 -0.00681541 -7.03768 0.129891 0.0546624 0.503 -2.88764 0.172455 
600.11 48.5233 14.2027 14.2082 -0.00996812 -14.4608 0.14117 0.0546624 0.503 -1.51035 0.578249 
600.11 41.4377 14.4974 14.4498 0.0807536 -12.2248 0.000132635 0.0546624 0.0003 -3.74451 0.526087 
600.11 31.7595 14.9204 14.9203 -0.00138325 -8.20436 0.10541 0.0546624 0.503 -3.08699 -0.287419 
600.11 30.4368 14.9802 14.9823 -0.00370986 -8.26747 0.115254 0.0546624 0.503 -2.86543 0.059775 
600.11 30.7441 14.9663 14.9683 -0.00451292 -8.18451 0.119267 0.0546624 0.503 -3.19196 -0.0180525 
600.11 30.7857 14.9643 14.9674 -0.00478741 -7.0052 0.11955 0.0546624 0.503 -3.04793 -0.19219 
600.11 49.9996 14.1429 14.1429 -7.81905e-05 -15.1832 0.0989162 0.0546624 0.0003 -1.53466 -2.90808 
600.11 30.9423 14.9573 14.9507 0.0186064 -7.98891 0.0286418 0.0546624 0.0003 -3.04514 0.212807 
600.11 31.2216 14.9447 14.9471 -0.00411091 -7.17129 0.117036 0.0546624 0.503 -3.17711 0.174076 
600.11 46.097 14.3024 14.2914 0.0284664 -13.9232 0.0125256 0.0546624 0.0003 -3.78722 0.990814 
600.11 30.946 14.9571 14.8918 0.131403 -7.20951 1.07803e-06 0.0546624 0.0003 -3.17854 -0.124644 
600.11 39.0229 14.6007 14.5567 0.089519 -11.1133 5.07562e-05 0.0546624 0.0003 -2.31098 -0.336276 
600.11 30.3575 14.9838 14.9705 0.025785 -7.17134 0.0167427 0.0546624 0.0003 -2.99654 0.132863 
600.11 31.8455 14.9166 14.8718 0.0999199 -7.34256 1.80301e-05 0.0546624 0.0003 -2.9036 0.292546 
600.11 30.8859 14.9599 14.9616 -0.0040094 -7.7532 0.117424 0.0546624 0.503 -2.96987 -0.208748 
600.11 48.4665 14.2051 14.206 -0.00189261 -14.5621 0.107286 0.0546624 0.503 -1.42829 -0.217189 
600.11 30.6157 14.9721 14.9741 -0.00297718 -6.91507 0.111783 0.0546624 0.503 -2.85574 0.0990783 
600.11 30.1725 14.9922 14.9855 0.0123536 -7.73798 0.0479197 0.0546624 0.0003 -2.94903 -0.0767302 
600.11 44.7775 14.357 14.2889 0.130113 -13.5992 1.29106e-06 0.0546624 0.0003 -2.14876 -0.768638 
600.11 37.8119 14.6531 14.6641 -0.00529692 -9.96394 0.114128 0.0546624 0.503 -2.34946 -0.249039 
600.11 30.7227 14.9672 14.9625 0.0067135 -7.04478 0.0698963 0.0546624 0.0003 -3.01967 -0.188866 
600.11 30.7873 14.9643 14.9652 -0.00132581 -7.27111 0.104733 0.0546624 0.503 -2.82391 0.0918257 
600.11 34.4125 14.8022 14.8062 -0.00636239 -8.5146 0.126839 0.0546624 0.503 -2.58108 0.262165 
600.11 31.0847 14.9509 14.9514 -0.0018309 -7.95322 0.107244 0.0546624 0.503 -2.79496 0.111828 
600.11 30.4774 14.9783 14.9515 0.0536227 -8.20097 0.00139128 0.0546624 0.0003 -2.96939 0.150715 
600.11 31.249 14.9434 14.9314 0.018727 -8.07683 0.0308857 0.0546624 0.0003 -3.05276 -0.245711 
600.11 31.5694 14.929 14.9319 -0.00600096 -8.11168 0.125829 0.0546624 0.503 -3.24886 -0.135105 
600.11 30.4117 14.9813 14.9821 -0.00278046 -6.79056 0.111972 0.0546624 0.503 -2.85703 0.00044362 
600.11 30.253 14.9885 14.9886 -0.00135814 -8.10838 0.105292 0.0546624 0.503 -2.90163 -0.0532013 
600.11 39.9581 14.5606 14.5572 0.0130533 -10.8759 0.0433358 0.0546624 0.0003 -2.19872 -0.182205 
600.11 30.9512 14.9568 14.9518 0.00312859 -7.92557 0.0871686 0.0546624 0.0003 -3.21303 0.0479615 
600.11 32.3897 14.8922 14.895 -0.00703526 -7.97212 0.130618 0.0546624 0.503 -3.2668 0.231455 
600.11 30.8651 14.9608 14.9636 -0.00630036 -8.19686 0.127178 0.0546624 0.503 -3.20699 -0.0240496 
600.11 30.694 14.9686 14.9702 -0.00322122 -7.91192 0.113096 0.0546624 0.503 -3.14092 0.121668 
600.11 30.8079 14.9633 14.9627 -0.00109067 -7.68464 0.104428 0.0546624 0.503 -3.1364 -0.147517 
600.11 42.1537 14.4671 14.4689 -0.00481507 -11.7976 0.120411 0.0546624 0.503 -2.47527 -0.800845 
600.11 50.0014 14.1428 14.1428 7.74694e-05 -15.1847 0.0981986 0.0546624 0.0003 1.61699 -2.87385 
600.11 30.266 14.9879 14.9899 -0.00459586 -7.48155 0.119781 0.0546624 0.503 -3.11452 0.000967099 
600.11 32.953 14.8669 14.8678 -0.00175948 -8.27328 0.106604 0.0546624 0.503 -2.60585 0.0329176 
600.11 30.3241 14.9852 14.9845 -0.00017168 -7.84745 0.0998583 0.0546624 0.503 -2.98565 -0.125527 
600.11 31.4449 14.9347 14.9373 -0.00377497 -7.8897 0.115339 0.0546624 0.503 -3.21355 0.16722 
600.11 50 14.1429 14.1429 -8.32274e-07 -15.1835 0.0985569 0.0546624 0.0003 0.596634 -2.90649 
600.11 31.4058 14.9365 14.939 -0.00442013 -8.66865 0.118491 0.0546624 0.503 -2.84413 0.217098 
600.11 33.9384 14.823 14.745 0.160212 -8.91389 7.35272e-08 0.0546624 0.0003 -2.92932 -0.458075 
600.11 37.2222 14.6788 14.6786 -0.00250266 -9.89831 0.111112 0.0546624 0.503 -2.37377 0.216291 
600.11 37.1021 14.6841 14.6916 -0.0154098 -10.5449 0.160633 0.0546624 0.503 -3.00809 -0.655832 
600.11 31.9423 14.9123 14.9156 -0.0063148 -8.14958 0.127184 0.0546624 0.503 -2.70352 0.110885 
600.11 36.3434 14.7171 14.7174 -0.0031435 -9.46448 0.114344 0.0546624 0.503 -2.4106 -0.161998 
600.11 30.4743 14.9785 14.9806 -0.00366663 -7.82396 0.11489 0.0546624 0.503 -2.94568 -0.143397 
600.11 30.3185 14.9855 14.9888 -0.00603572 -6.9996 0.125505 0.0546624 0.503 -3.12278 0.0245904 
600.11 45.8006 14.3146 14.3094 0.0101041 -13.5459 0.0555281 0.0546624 0.0003 -2.75381 1.21199 
600.11 30.0692 14.9968 14.9837 0.0256845 -8.40332 0.0168825 0.0546624 0.0003 -3.03588 0.0458104 
600.11 31.2089 14.9452 14.9336 0.0195493 -8.32506 0.0285737 0.0546624 0.0003 -3.24688 -0.0112411 
600.11 31.964 14.9113 14.9131 -0.00378754 -8.08142 0.11602 0.0546624 0.503 -2.98781 0.317911 
600.11 30.5724 14.974 14.9784 -0.00888296 -7.76239 0.137615 0.0546624 0.503 -3.1686 -0.00410377 
600.11 30.5431 14.9754 14.9788 -0.00602895 -7.92084 0.125414 0.0546624 0.503 -3.09126 -0.13682 
600.11 30.376 14.983 14.976 0.0210764 -8.06219 0.0232186 0.0546624 0.0003 -3.08187 -0.109238 
600.11 30.9628 14.9563 14.9593 -0.00526151 -7.54193 0.121933 0.0546624 0.503 -2.78596 0.0499126 
600.11 50 14.1429 14.1429 4.79824e-08 -15.1836 0.0985529 0.0546624 0.0003 0.602968 3.65639 
600.11 30.7699 14.9651 14.9672 -0.00331381 -8.09398 0.113444 0.0546624 0.503 -3.19536 -0.0176536 
600.11 30.4257 14.9807 14.9806 -0.000996404 -7.94402 0.103769 0.0546624 0.503 -3.14519 -0.00828589 
600.11 32.3008 14.8963 14.9014 -0.00759752 -7.53146 0.131496 0.0546624 0.503 -3.18922 -0.290023 
600.11 32.5237 14.8862 14.8873 -0.00300229 -7.54546 0.113006 0.0546624 0.503 -2.91854 -0.354472 
600.11 30.5118 14.9768 14.98 -0.00703129 -8.62696 0.130213 0.0546624 0.503 -2.90008 -0.124461 
600.11 33.4716 14.8439 14.8432 -0.0023973 -8.98444 0.111242 0.0546624 0.503 -2.57278 -0.0660405 
600.11 31.0097 14.9542 14.9569 -0.00547436 -7.841 0.123281 0.0546624 0.503 -2.78692 0.0728692 
600.11 30.8732 14.9604 14.962 -0.00335039 -7.77127 0.113911 0.0546624 0.503 -2.95772 0.204618 
600.11 30.4385 14.9801 14.9825 -0.00458032 -8.12282 0.119275 0.0546624 0.503 -2.94522 0.136913 
600.11 31.7061 14.9228 14.9262 -0.00446661 -7.02556 0.117362 0.0546624 0.503 -2.89102 0.275007 
600.11 34.7181 14.7887 14.7901 -0.00247998 -9.03747 0.11057 0.0546624 0.503 -2.58742 -0.306065 
600.11 30.337 14.9847 14.9827 0.00597262 -7.24757 0.071092 0.0546624 0.0003 -2.87814 -0.0426558 
600.11 31.0339 14.9531 14.954 -0.00234676 -8.63677 0.109522 0.0546624 0.503 -3.22777 0.00635998 
600.11 50 14.1429 14.1429 1.99387e-08 -15.1832 0.0985531 0.0546624 0.0003 0.917008 -4.06415 
600.11 30.0833 14.9962 14.9853 0.0227014 -6.93224 0.0213591 0.0546624 0.0003 -3.06102 -0.0191516 
600.11 31.1266 14.9489 14.9507 -0.00429874 -7.28049 0.118389 0.0546624 0.503 -2.89238 -0.212651 
600.11 30.5384 14.9756 14.9771 -0.00202076 -7.47714 0.107323 0.0546624 0.503 -2.83728 -0.0144917 
600.11 31.7389 14.9214 14.9137 0.0255446 -7.37021 0.0156098 0.0546624 0.0003 -2.70136 0.00248954 
600.11 30.0548 14.9975 14.984 0.0249223 -8.1072 0.0182131 0.0546624 0.0003 -3.03606 0.0370431 
600.11 30.2543 14.9884 14.9912 -0.00551866 -7.94611 0.123307 0.0546624 0.503 -3.10449 0.040424 
600.11 32.483 14.8881 14.8882 -0.00404624 -7.64308 0.118847 0.0546624 0.503 -2.64097 -0.0333355 
600.11 36.8436 14.6953 14.693 0.0100292 -9.88856 0.053712 0.0546624 0.0003 -2.96117 -0.639519 
600.11 32.0793 14.9062 14.9086 -0.001468 -8.81559 0.103812 0.0546624 0.503 -3.18259 -0.272476 
600.11 30.4224 14.9808 14.9817 -0.00109792 -8.19817 0.102975 0.0546624 0.503 -2.9407 -0.131682 
600.11 30.593 14.9731 14.9764 -0.00384626 -8.274 0.114865 0.0546624 0.503 -2.87972 0.122635 
600.11 30.2997 14.9864 14.9864 -0.00129492 -7.1572 0.105015 0.0546624 0.503 -3.12096 -0.0111487 
600.11 32.5181 14.8864 14.8868 -0.00206381 -7.37592 0.108435 0.0546624 0.503 -2.64126 -0.0573054 
600.11 46.4616 14.2873 14.2893 -0.00393462 -13.6815 0.11663 0.0546624 0.503 -2.29503 -1.09541 
600.11 35.7257 14.7442 14.7504 -0.0114654 -9.08891 0.146875 0.0546624 0.503 -3.11106 0.564141 
600.11 30.1661 14.9925 14.9687 0.0602833 -7.25711 0.000676432 0.0546624 0.0003 -3.00314 -0.0905692 
600.11 30.4761 14.9784 14.9807 0.000406877 -8.50194 0.0944928 0.0546624 0.0003 -3.13512 -0.0734145 
600.11 31.0834 14.9509 14.9525 -0.00256184 -7.77908 0.109921 0.0546624 0.503 -3.15743 0.172305 
600.11 30.7356 14.9666 14.9715 -0.00953075 -6.83556 0.139848 0.0546624 0.503 -3.01754 0.190688 
600.11 30.4833 14.9781 14.9809 -0.00486512 -7.42996 0.120288 0.0546624 0.503 -3.02942 -0.152228 
600.11 30.3462 14.9843 14.9863 -0.00377992 -7.8494 0.115642 0.0546624 0.503 -2.89691 0.0805393 
600.11 46.1058 14.302 14.2968 0.0117127 -13.6496 0.0492398 0.0546624 0.0003 -2.05459 -0.842462 
600.11 30.9368 14.9575 14.9583 -0.00242527 -7.35319 0.109977 0.0546624 0.503 -3.15429 -0.152527 
600.11 30.9245 14.9581 14.9605 -0.0048483 -7.84544 0.120314 0.0546624 0.503 -3.21544 -0.00558169 
600.11 30.2922 14.9868 14.9875 -0.00255558 -7.78231 0.110777 0.0546624 0.503 -3.03154 -0.115977 
600.11 30.5833 14.9735 14.9137 0.118977 -8.49714 3.43184e-06 0.0546624 0.0003 -3.13924 0.0977164 
600.11 31.2893 14.9417 14.9439 -0.00618792 -7.34672 0.127284 0.0546624 0.503 -2.90281 0.236411 
600.11 30.8601 14.961 14.9528 0.0176954 -8.37145 0.0317708 0.0546624 0.0003 -2.91134 -0.187667 
600.11 40.8873 14.5209 14.5045 0.0323023 -11.6292 0.00953122 0.0546624 0.0003 -2.63348 -0.797467 
600.11 30.4518 14.9795 14.9818 -0.00392986 -7.0722 0.116408 0.0546624 0.503 -2.92767 -0.130769 
600.11 31.3069 14.9409 14.9312 0.0332543 -6.7834 0.00777598 0.0546624 0.0003 -3.22443 -0.126267 
600.11 30.0277 14.9987 14.9881 0.0192 -8.53672 0.0290084 0.0546624 0.0003 -2.96823 0.0182645 
600.11 30.669 14.9696 14.9692 -0.00106959 -7.08776 0.104435 0.0546624 0.503 -3.10119 -0.151731 
600.11 32.0513 14.9073 14.898 0.0223703 -7.24881 0.0214513 0.0546624 0.0003 -2.67473 -0.0162245 
600.11 50 14.1429 14.1429 -7.70873e-07 -15.1832 0.0985566 0.0546624 0.0003 1.54159 3.49996 
600.11 30.5158 14.9766 14.9777 0.00422243 -7.36454 0.0766901 0.0546624 0.0003 -2.95127 0.152556 
600.11 30.9803 14.9556 14.9575 -0.00213355 -7.41712 0.107756 0.0546624 0.503 -3.0767 0.20841 
600.11 30.7775 14.9647 14.9685 -0.00693491 -8.43738 0.128903 0.0546624 0.503 -3.09892 -0.170394 
600.11 30.5489 14.9751 14.9791 -0.00676003 -7.38866 0.128328 0.0546624 0.503 -3.10753 0.125359 
600.11 31.2127 14.9451 14.9533 -0.0138475 -7.93468 0.154503 0.0546624 0.503 -3.00732 0.247474 
600.11 31.5041 14.9319 14.9322 -0.00190204 -8.22636 0.107605 0.0546624 0.503 -3.08805 -0.262233 
600.11 32.1635 14.9024 14.9015 0.022315 -7.78536 0.0189254 0.0546624 0.0003 -3.32844 -0.0666869 
600.11 33.0867 14.8611 14.8626 -0.00411666 -8.44862 0.117766 0.0546624 0.503 -2.83219 0.369184 
600.11 30.3051 14.9862 14.9865 -0.000336805 -7.83263 0.100027 0.0546624 0.503 -2.93293 -0.102997 
600.11 50 14.1429 14.1429 1.37973e-09 -15.1835 0.0985531 0.0546624 0.0003 0.106987 4.17286 
600.11 32.2356 14.8991 14.8526 0.10055 -8.32789 1.74091e-05 0.0546624 0.0003 -3.33502 -0.0625396 
600.11 30.5724 14.9741 14.9757 -0.00344959 -8.77397 0.114344 0.0546624 0.503 -2.92482 -0.151251 
600.11 35.5109 14.7535 14.7576 -0.0137022 -9.38707 0.15595 0.0546624 0.503 -3.02718 -0.561418 
600.11 31.453 14.9343 14.9386 -0.00686439 -7.14083 0.128774 0.0546624 0.503 -3.12668 0.24057 
600.11 42.6039 14.4481 14.4555 -0.01123 -12.3841 0.14506 0.0546624 0.503 -2.01938 -0.114662 
600.11 30.3464 14.9843 14.9881 -0.00706197 -7.54669 0.129845 0.0546624 0.503 -3.04457 -0.122883 
600.11 30.3353 14.9847 14.9217 0.1336 -7.87318 8.30158e-07 0.0546624 0.0003 -2.97399 0.125926 
600.11 30.7292 14.9669 14.9675 -0.0011702 -8.86985 0.103744 0.0546624 0.503 -3.04151 -0.186041 
600.11 30.2867 14.9869 14.9866 -0.000142377 -7.42226 0.0994326 0.0546624 0.503 -2.92497 -0.0920668 
600.11 34.0613 14.8176 14.8298 -0.0217332 -8.73985 0.174986 0.0546624 0.503 -2.87554 -0.455136 
600.11 43.5285 14.4094 14.4099 -0.000338367 -12.7746 0.100362 0.0546624 0.503 -2.9178 -1.04816 
600.11 37.2541 14.6773 14.6823 -0.0123751 -9.5815 0.151438 0.0546624 0.503 -2.70085 -0.593075 
600.11 30.8485 14.9615 14.9623 -0.00183258 -8.05703 0.106973 0.0546624 0.503 -3.12479 -0.163984 
600.11 31.4924 14.9324 14.9009 0.0601609 -7.71403 0.000786051 0.0546624 0.0003 -3.0925 -0.259597 
600.11 30.4235 14.9808 14.9837 -0.00654764 -6.80745 0.128236 0.0546624 0.503 -2.8714 0.0668609 
600.11 31.9288 14.9129 14.9152 -0.00784448 -8.51745 0.134715 0.0546624 0.503 -2.70047 0.09762 
600.11 30.4133 14.9813 14.9715 0.0325904 -6.59025 0.00828372 0.0546624 0.0003 -3.09249 -0.109409 
600.11 31.0245 14.9536 14.957 -0.00663946 -7.03886 0.128295 0.0546624 0.503 -2.91491 0.210563 
600.11 30.4909 14.9777 14.9786 -0.000928517 -7.62577 0.102241 0.0546624 0.503 -2.92638 -0.137425 
600.11 30.9221 14.9583 14.9589 -0.000828152 -8.18906 0.102442 0.0546624 0.503 -2.85978 -0.163267 
600.11 40.5287 14.5361 14.4981 0.0567114 -11.6493 0.0012685 0.0546624 0.0003 -2.33861 0.542907 
600.11 31.498 14.9323 14.9341 -0.0032159 -7.54684 0.113225 0.0546624 0.503 -3.09603 -0.259215 
600.11 30.276 14.9875 14.9527 0.079606 -6.37935 0.000117058 0.0546624 0.0003 -3.11661 -0.0059736 
600.11 30.5802 14.9737 14.9767 -0.00726635 -7.57579 0.131456 0.0546624 0.503 -3.16315 0.0479773 
600.11 50 14.1429 14.1429 4.89205e-08 -15.1835 0.0985529 0.0546624 0.0003 -0.483575 3.14795 
600.11 34.8644 14.782 14.7161 0.120834 -9.43853 3.19036e-06 0.0546624 0.0003 -2.71415 -0.437291 
600.11 30.7305 14.9669 14.9684 -0.00312368 -7.66803 0.113176 0.0546624 0.503 -2.97555 0.189507 
600.11 30.38 14.9828 14.987 -0.00760236 -7.88218 0.131963 0.0546624 0.503 -3.1297 0.0447382 
600.11 30.4945 14.9776 14.9756 0.00322289 -7.41831 0.0842914 0.0546624 0.0003 -2.88615 -0.107585 
600.11 33.8051 14.829 14.8153 0.0380948 -7.96857 0.00517611 0.0546624 0.0003 -3.15002 0.429372 
600.11 30.3944 14.9821 14.9824 -0.00153705 -7.36917 0.10604 0.0546624 0.503 -3.00574 0.139661 
600.11 50.0001 14.1429 14.1429 -3.24599e-06 -15.1837 0.098568 0.0546624 0.0003 0.98472 -2.98885 
600.11 31.0852 14.9509 14.953 -0.00311306 -7.87887 0.112486 0.0546624 0.503 -3.11129 -0.20586 
600.11 42.9774 14.4325 14.4361 -0.00985018 -12.3099 0.142041 0.0546624 0.503 -2.00413 -0.185227 
600.11 50 14.1429 14.1429 5.00644e-09 -15.1837 0.0985531 0.0546624 0.0003 -0.160212 3.33094 
600.11 30.4492 14.9796 14.9804 -0.00243483 -8.08895 0.110213 0.0546624 0.503 -3.11045 -0.100635 
600.11 38.7454 14.6129 14.6224 -0.0160396 -10.2573 0.161308 0.0546624 0.503 -2.40057 0.452124 
600.11 44.0817 14.386 14.3315 0.107499 -13.1355 9.95935e-06 0.0546624 0.0003 -2.64966 -1.03456 
600.11 30.0663 14.997 14.97 0.0644601 -6.88506 0.000469756 0.0546624 0.0003 -3.05532 -0.0147474 
600.11 30.4359 14.9802 14.9807 -0.00129955 -7.6694 0.104675 0.0546624 0.503 -2.85409 0.0191377 
600.11 38.7936 14.6107 14.6091 0.000405479 -10.3344 0.0981048 0.0546624 0.0003 -2.24828 -0.0511901 
600.11 30.4871 14.9779 14.9783 -0.000541117 -8.67264 0.100919 0.0546624 0.503 -3.10659 0.112931 
600.11 30.5228 14.9763 14.9767 -0.00210189 -6.82492 0.108751 0.0546624 0.503 -3.15662 -0.0387342 
600.11 44.0114 14.3891 14.3901 -0.00133099 -12.6394 0.104253 0.0546624 0.503 -2.5494 0.989062 
600.11 34.0133 14.8197 14.8216 -0.000764963 -9.11412 0.100881 0.0546624 0.503 -2.9665 -0.467216 
600.11 30.791 14.9642 14.9651 0.00327253 -7.69155 0.0813849 0.0546624 0.0003 -3.0858 0.179497 
600.11 33.4185 14.8462 14.8501 -0.00586437 -8.03579 0.124302 0.0546624 0.503 -3.36005 0.232129 
600.11 30.2102 14.9904 14.975 0.025927 -7.75374 0.0171483 0.0546624 0.0003 -2.92622 0.069823 
600.11 46.3753 14.2908 14.2875 0.00197282 -13.8722 0.0914854 0.0546624 0.0003 -1.8569 0.605683 
600.11 50 14.1429 14.1429 4.22518e-09 -15.1836 0.0985531 0.0546624 0.0003 0.716229 3.87871 
600.11 30.3201 14.9855 14.9856 -0.00138755 -7.65492 0.105433 0.0546624 0.503 -2.91389 0.09176 
600.11 32.007 14.9093 14.9119 -0.00641955 -7.45972 0.127685 0.0546624 0.503 -3.15437 -0.282741 
600.11 30.7665 14.9653 14.9656 -0.00229583 -7.5394 0.109931 0.0546624 0.503 -3.17204 -0.0930792 
600.11 30.248 14.9887 14.9502 0.0781847 -7.63948 0.000144441 0.0546624 0.0003 -3.05071 0.0980941 
600.11 30.3795 14.9828 14.958 0.0626345 -6.32506 0.000543925 0.0546624 0.0003 -3.11618 -0.0729285 
600.11 43.482 14.4113 14.4163 -0.0118395 -12.4316 0.149136 0.0546624 0.503 -2.91682 -1.04507 
600.11 30.2833 14.9872 14.9512 0.0840059 -7.37089 7.675e-05 0.0546624 0.0003 -3.00711 -0.118118 
600.11 30.3812 14.9827 14.9837 -0.0024779 -7.65256 0.110236 0.0546624 0.503 -2.98979 0.137001 
600.11 30.8007 14.9637 14.9652 -0.00324685 -7.06991 0.113483 0.0546624 0.503 -2.89118 -0.168092 
600.11 30.6271 14.9716 14.9459 0.0628331 -6.77326 0.000540433 0.0546624 0.0003 -3.00362 0.176747 
600.11 30.5426 14.9754 14.9753 -0.00135661 -7.40707 0.105408 0.0546624 0.503 -2.91932 0.143127 
600.11 30.3788 14.9828 14.9844 -0.00495358 -7.44266 0.121654 0.0546624 0.503 -3.03927 0.130937 
600.11 30.5543 14.9749 14.9787 -0.00675319 -7.4106 0.128523 0.0546624 0.503 -3.15247 0.0661083 
600.11 34.1584 14.8134 14.8075 0.0219616 -8.29045 0.0210395 0.0546624 0.0003 -3.2256 -0.42142 
600.11 32.9704 14.8662 14.8585 0.0269576 -7.42427 0.0136853 0.0546624 0.0003 -2.99408 -0.396979 
600.11 44.0313 14.3881 14.3134 0.142617 -13.3666 4.10864e-07 0.0546624 0.0003 -2.42348 -0.923136 
600.11 30.4873 14.9779 14.9809 -0.00572577 -7.69541 0.124385 0.0546624 0.503 -3.14397 0.0592766 
600.11 46.9753 14.2661 14.2267 0.0755329 -14.2731 0.000191783 0.0546624 0.0003 -2.02678 -0.950514 
600.11 30.332 14.985 14.9827 0.00946297 -8.4614 0.0560349 0.0546624 0.0003 -2.87903 -0.0424338 
600.11 30.6284 14.9715 14.9731 -0.00136253 -6.94225 0.103879 0.0546624 0.503 -2.87454 0.124826 
600.11 48.7006 14.1956 14.1949 0.00211766 -14.6053 0.0884928 0.0546624 0.0003 -1.478 0.602279 
600.11 47.518 14.2438 14.2423 0.000257139 -14.194 0.0983711 0.0546624 0.0003 -1.63626 -0.429715 
600.11 50.0002 14.1428 14.1428 4.19527e-05 -15.1835 0.0983579 0.0546624 0.0003 1.05394 -2.84326 
600.11 30.2008 14.9909 14.9912 -0.00235479 -8.15401 0.110088 0.0546624 0.503 -3.07367 -0.0670226 
600.11 50 14.1429 14.1429 -4.65472e-10 -15.1836 0.0985532 0.0546624 0.0003 -0.0198184 -3.34887 
600.11 30.5186 14.9765 14.977 -0.00200986 -7.96605 0.108096 0.0546624 0.503 -3.15142 0.0526425 
600.11 30.8508 14.9615 14.9608 -0.000910115 -7.10794 0.103833 0.0546624 0.503 -3.13138 0.159213 
600.11 32.1968 14.9009 14.9026 -0.00496728 -7.79485 0.12175 0.0546624 0.503 -3.2207 0.255843 
600.11 30.1757 14.992 14.9883 0.0030143 -7.2307 0.0867378 0.0546624 0.0003 -3.05921 -0.0714668 
600.11 30.4431 14.9799 14.9712 0.030431 -6.93485 0.0100228 0.0546624 0.0003 -3.14113 0.0458506 
600.11 50 14.1429 14.1429 -2.64017e-10 -15.1835 0.0985532 0.0546624 0.0003 0.0495098 3.50245 
600.11 32.8682 14.8707 14.8761 -0.011171 -8.18568 0.14601 0.0546624 0.503 -2.68802 -0.233321 
600.11 48.9719 14.1845 14.1737 0.0210921 -14.8443 0.0245763 0.0546624 0.0003 -3.81944 -1.49561 
600.11 48.7414 14.1939 14.1879 0.00654515 -14.7377 0.0716496 0.0546624 0.0003 -2.12751 1.39588 
600.11 34.1038 14.8157 14.8235 -0.0186701 -8.53503 0.169398 0.0546624 0.503 -3.47406 0.0147396 
600.11 30.7572 14.9656 14.967 -0.00222356 -7.95617 0.108431 0.0546624 0.503 -3.19274 -0.0250774 
600.11 30.4523 14.9795 14.9817 -0.00485611 -7.90903 0.120977 0.0546624 0.503 -3.11606 -0.0943465 
600.11 30.9084 14.9588 14.9666 -0.0155406 -7.17933 0.160596 0.0546624 0.503 -3.20749 0.0492533 
600.11 30.9425 14.9573 14.9612 -0.00969425 -7.90399 0.141383 0.0546624 0.503 -2.93003 0.206113 
600.11 31.4319 14.9351 14.8326 0.20884 -7.62226 8.28576e-10 0.0546624 0.0003 -2.7422 0.0789923 
600.11 50 14.1429 14.1429 -2.06296e-08 -15.1836 0.0985533 0.0546624 0.0003 -0.0246652 -2.98259 
600.11 30.0969 14.9956 14.9916 0.0103427 -7.21038 0.0537162 0.0546624 0.0003 -2.93362 0.0190524 
600.11 34.1903 14.8119 14.7882 0.050427 -8.96834 0.00181185 0.0546624 0.0003 -2.73988 0.4034 
600.11 30.3617 14.9836 14.9848 -0.00330969 -8.23241 0.114122 0.0546624 0.503 -3.03917 -0.127978 
600.11 30.9506 14.9569 14.9599 -0.00350294 -7.96389 0.113702 0.0546624 0.503 -2.78244 -0.0206725 
600.11 31.2287 14.9443 14.9462 -0.00462434 -6.88417 0.119689 0.0546624 0.503 -2.87843 0.217714 
600.11 31.0652 14.9517 14.9519 -0.00156137 -8.48144 0.106432 0.0546624 0.503 -3.11 0.203871 
600.11 30.5532 14.9749 14.9763 -0.00102366 -7.767 0.102591 0.0546624 0.503 -2.83721 -0.0310216 
600.11 30.4196 14.981 14.9823 -0.00364694 -8.43941 0.1157 0.0546624 0.503 -2.92716 0.124444 
600.11 31.3523 14.9388 14.9435 -0.00613849 -8.56801 0.124869 0.0546624 0.503 -3.23311 -0.119372 
600.11 30.3442 14.9843 14.9843 -0.00110827 -8.55848 0.104094 0.0546624 0.503 -2.88657 -0.0641205 
600.11 30.3472 14.9842 14.9844 -0.00100516 -7.63292 0.103456 0.0546624 0.503 -2.91237 0.0972582 
600.11 31.1363 14.9485 14.9507 -0.00513745 -7.78899 0.121868 0.0546624 0.503 -2.96179 -0.23643 
600.11 32.6182 14.8819 14.8774 0.00276296 -8.13659 0.0885545 0.0546624 0.0003 -3.14287 -0.342078 
600.11 33.1289 14.8592 14.8632 -0.00707192 -9.07609 0.129834 0.0546624 0.503 -2.6403 0.1935 
600.11 30.5941 14.973 14.9631 0.0163003 -6.72272 0.0363422 0.0546624 0.0003 -2.83171 -0.0340138 
600.11 50 14.1429 14.1429 -1.12616e-08 -15.1834 0.0985532 0.0546624 0.0003 0.5774 3.55346 
600.11 49.964 14.1443 14.1437 0.00114071 -15.1744 0.0933562 0.0546624 0.0003 -1.19202 1.70988 
600.11 31.9523 14.9117 14.9129 -0.00166831 -7.83614 0.105904 0.0546624 0.503 -2.75147 0.197243 
600.11 30.7724 14.965 14.9054 0.127239 -7.68434 1.48234e-06 0.0546624 0.0003 -2.99044 0.196159 
600.11 33.8042 14.829 14.8361 -0.013715 -8.97198 0.154729 0.0546624 0.503 -2.54748 -0.0439755 
600.11 31.2654 14.9427 14.932 0.0318376 -7.14478 0.00905025 0.0546624 0.0003 -2.75695 0.070911 
600.11 30.3211 14.9854 14.988 -0.0063297 -7.22169 0.127479 0.0546624 0.503 -3.02722 0.123163 
600.11 30.5514 14.975 14.9757 -0.00249969 -8.45613 0.110338 0.0546624 0.503 -2.97316 0.16325 
600.11 30.3446 14.9843 14.9862 -0.00309759 -7.9126 0.112387 0.0546624 0.503 -3.09742 0.0865355 
600.11 30.3747 14.983 14.9852 -0.0039638 -7.29325 0.116453 0.0546624 0.503 -2.88994 -0.08049 
600.11 30.4285 14.9806 14.9741 0.0154907 -8.27394 0.037173 0.0546624 0.0003 -2.85444 -0.00696039 
600.11 39.2509 14.5909 14.5953 -0.00590731 -10.8086 0.124004 0.0546624 0.503 -2.22969 0.1224 
600.11 31.3098 14.9408 14.9373 0.0240991 -7.49399 0.0167526 0.0546624 0.0003 -2.74667 -0.0480421 
600.11 30.4918 14.9777 14.9791 -0.00508611 -7.73869 0.122506 0.0546624 0.503 -2.86963 0.0864393 
600.11 44.3579 14.3745 14.3174 0.110887 -13.3503 7.40901e-06 0.0546624 0.0003 -1.99457 0.478464 
600.11 30.7872 14.9643 14.965 -0.00322329 -7.26904 0.114057 0.0546624 0.503 -3.19195 0.0505183 
600.11 30.4673 14.9788 14.9792 -0.00153399 -8.37279 0.106161 0.0546624 0.503 -3.12653 -0.0846617 
600.11 30.7073 14.968 14.9692 -0.00100303 -8.33142 0.102667 0.0546624 0.503 -3.15086 -0.111967 
600.11 31.1955 14.9459 14.9483 -0.00173709 -7.70906 0.105001 0.0546624 0.503 -2.78897 -0.126383 
600.11 33.4891 14.843 14.8425 -0.0026311 -7.99382 0.111676 0.0546624 0.503 -3.39178 0.185145 
600.11 30.5342 14.9758 14.9739 0.00352395 -6.91005 0.0826667 0.0546624 0.0003 -3.04382 -0.156901 
600.11 34.6437 14.7918 14.7388 0.0961365 -9.56304 3.0681e-05 0.0546624 0.0003 -2.99985 -0.508703 
600.11 42.8506 14.4376 14.4035 0.0504394 -12.5899 0.00221549 0.0546624 0.0003 -2.57773 -0.910719 
600.11 30.2001 14.9909 14.9747 0.034984 -7.94196 0.00732691 0.0546624 0.0003 -2.90296 0.0208769 
600.11 30.155 14.993 14.9796 0.0363494 -7.16231 0.00611174 0.0546624 0.0003 -3.03148 -0.0816907 
600.11 49.9272 14.1458 14.1455 0.000983966 -15.1543 0.0938623 0.0546624 0.0003 -0.680525 0.35133 
600.11 30.3442 14.9844 14.987 -0.0052037 -7.25987 0.122048 0.0546624 0.503 -3.05706 0.117388 
600.11 49.9908 14.1432 14.143 0.000525211 -15.1822 0.0961521 0.0546624 0.0003 -0.288214 0.334446 
600.11 32.0718 14.9064 14.879 0.0488806 -9.18579 0.00226511 0.0546624 0.0003 -2.86927 -0.300023 
600.11 30.6027 14.9726 14.9739 -0.00251245 -7.0866 0.110293 0.0546624 0.503 -2.96139 0.168914 
600.11 30.7839 14.9644 14.9654 -0.00175249 -7.80434 0.106462 0.0546624 0.503 -2.96223 -0.194144 
600.11 32.3435 14.8941 14.8986 -0.0117497 -7.56024 0.148883 0.0546624 0.503 -2.70048 0.17964 
600.11 37.2514 14.6774 14.6425 0.060326 -9.95473 0.000823949 0.0546624 0.0003 -3.60367 -0.27703 
600.11 30.4671 14.9788 14.9834 -0.00879984 -8.35732 0.137034 0.0546624 0.503 -3.09272 -0.120813 
600.11 49.9969 14.143 14.1429 0.00014595 -15.1833 0.0978852 0.0546624 0.0003 -0.332145 -1.20507 
600.11 31.1869 14.9462 14.9443 0.000702372 -8.39419 0.0967952 0.0546624 0.0003 -2.75524 -0.00533942 
600.11 32.8197 14.873 14.878 -0.00727166 -7.92322 0.130318 0.0546624 0.503 -2.76604 0.306999 
600.11 31.2256 14.9446 14.9477 -0.00521931 -6.74094 0.122126 0.0546624 0.503 -3.22212 -0.11287 
600.11 31.3554 14.9386 14.9391 -0.00203641 -8.4715 0.108233 0.0546624 0.503 -3.21878 -0.144431 
600.11 49.581 14.1598 14.1596 -9.54587e-05 -15.0039 0.0991521 0.0546624 0.0003 -1.87496 1.58803 
600.11 34.4704 14.7994 14.7979 -0.00116586 -8.88355 0.105129 0.0546624 0.503 -3.14734 -0.475502 
600.11 30.6696 14.9696 14.9699 -0.00271972 -7.24449 0.111799 0.0546624 0.503 -3.0623 -0.171488 
600.11 50 14.1429 14.1429 -1.63291e-08 -15.1836 0.0985532 0.0546624 0.0003 0.152626 3.15777 
600.11 43.6733 14.4032 14.4067 -0.00821184 -12.846 0.135441 0.0546624 0.503 -3.22597 1.03754 
600.11 35.4156 14.7578 14.7309 0.0575729 -9.94009 0.000935379 0.0546624 0.0003 -2.8531 -0.536539 
600.11 30.8218 14.9627 14.965 -0.00409705 -7.72924 0.117007 0.0546624 0.503 -3.18641 0.0797996 
600.11 30.1904 14.9914 14.9795 0.0277501 -8.16736 0.0136031 0.0546624 0.0003 -3.09275 -0.0280486 
600.11 30.7945 14.964 14.9546 0.0248219 -8.39035 0.0171633 0.0546624 0.0003 -2.91235 0.179083 
600.11 31.799 14.9187 14.9246 -0.0115097 -7.67056 0.147503 0.0546624 0.503 -2.94259 -0.298462 
600.11 30.2791 14.9874 14.988 -0.000984488 -8.13282 0.103035 0.0546624 0.503 -2.98734 0.116537 
600.11 30.346 14.9843 14.9842 -0.000842229 -7.6403 0.102846 0.0546624 0.503 -2.88079 -0.0543239 
600.11 30.7167 14.9674 14.9671 -0.000765419 -7.36815 0.102721 0.0546624 0.503 -2.81622 -0.0440237 
600.11 30.2668 14.9879 14.9782 0.0248807 -7.68792 0.0171505 0.0546624 0.0003 -3.07685 0.0853136 
600.11 30.7491 14.9661 14.9663 -0.000490888 -6.33812 0.101211 0.0546624 0.503 -3.08415 0.17395 
600.11 30.3409 14.9845 14.9847 -0.00256678 -7.85162 0.111411 0.0546624 0.503 -3.11072 0.0676702 
600.11 37.8282 14.6524 14.6322 0.0425029 -9.94162 0.00375288 0.0546624 0.0003 -2.53493 -0.519972 
600.11 43.3127 14.4183 14.3721 0.0935503 -12.6744 3.50533e-05 0.0546624 0.0003 -2.16223 -0.609579 
600.11 50 14.1429 14.1429 -1.78729e-07 -15.1841 0.098554 0.0546624 0.0003 -1.4456 3.98289 
600.11 31.5662 14.9291 14.899 0.0563529 -8.13652 0.00112466 0.0546624 0.0003 -3.11059 -0.260054 
600.11 31.2274 14.9444 14.9356 0.0179323 -8.15832 0.0313982 0.0546624 0.0003 -3.24647 -0.0363214 
600.11 31.1017 14.9502 14.9309 0.060664 -7.60622 0.000605299 0.0546624 0.0003 -3.13637 0.192435 
600.11 30.529 14.976 14.9772 -1.41784e-05 -8.0043 0.097946 0.0546624 0.0003 -3.16111 -0.0192298 
600.11 31.1011 14.9501 14.9533 -0.0039953 -7.76706 0.115584 0.0546624 0.503 -3.18954 -0.139526 
600.11 47.7633 14.2338 14.2345 -0.00201898 -14.302 0.107847 0.0546624 0.503 -2.29813 1.28606 
600.11 30.6668 14.9697 14.9282 0.085004 -7.84102 7.66188e-05 0.0546624 0.0003 -3.05358 -0.174143 
600.11 31.0403 14.9529 14.9558 -0.00424399 -7.72133 0.117423 0.0546624 0.503 -3.21803 0.0687453 
600.11 31.5923 14.928 14.9345 -0.010054 -7.01137 0.141236 0.0546624 0.503 -2.73465 0.104757 
600.11 32.801 14.8738 14.8769 -0.00257507 -7.60917 0.108988 0.0546624 0.503 -2.84097 0.350345 
600.11 31.6595 14.925 14.9265 -0.00319061 -7.57102 0.113356 0.0546624 0.503 -3.02107 0.290789 
600.11 31.0126 14.9541 14.9564 -0.00587559 -8.41987 0.125665 0.0546624 0.503 -2.77926 0.0478365 
600.11 31.0614 14.9519 14.9596 -0.013989 -7.3042 0.155199 0.0546624 0.503 -2.79522 0.107023 
600.11 37.9018 14.6492 14.6539 -0.00733942 -10.0839 0.129784 0.0546624 0.503 -2.92213 -0.697598 
600.11 50 14.1429 14.1429 1.08582e-06 -15.1834 0.0985482 0.0546624 0.0003 -1.33227 -3.2352 
600.11 30.8764 14.9603 14.9659 -0.00370606 -7.08984 0.112061 0.0546624 0.503 -3.1893 0.090071 
600.11 31.4561 14.9341 14.8876 0.0979772 -7.2785 2.25827e-05 0.0546624 0.0003 -2.97675 -0.271128 
600.11 30.7626 14.9654 14.9442 0.0456082 -8.09782 0.00280633 0.0546624 0.0003 -2.80603 0.0216311 
600.11 30.2921 14.9867 14.9745 0.0163967 -8.16219 0.0376286 0.0546624 0.0003 -3.05415 0.106925 
600.11 50.0001 14.1429 14.1429 -1.01533e-06 -15.1833 0.0985576 0.0546624 0.0003 0.757086 2.8531 
600.11 30.6017 14.9727 14.9745 -0.00369881 -6.6106 0.115423 0.0546624 0.503 -2.87448 -0.119339 
600.11 30.3223 14.9854 14.9877 -0.00407455 -7.1685 0.117118 0.0546624 0.503 -3.03558 0.121292 
600.11 30.3972 14.9819 14.9816 -0.000353952 -8.09794 0.100465 0.0546624 0.503 -2.9004 0.0984303 
600.11 30.8155 14.963 14.9641 -0.00273037 -6.69767 0.111296 0.0546624 0.503 -3.19933 -0.0330963 
600.11 30.086 14.9961 14.9902 0.00945304 -8.30947 0.0587976 0.0546624 0.0003 -3.06476 0.00465815 
600.11 30.6923 14.9686 14.9714 -0.00394826 -7.89313 0.115654 0.0546624 0.503 -2.87015 -0.132598 
600.11 30.2459 14.9888 14.9877 0.00391727 -7.39175 0.0801462 0.0546624 0.0003 -2.88985 -0.00227525 
600.11 31.0839 14.9509 14.9571 -0.0114942 -6.92882 0.147099 0.0546624 0.503 -2.95324 -0.229059 
600.11 31.0697 14.9516 14.953 -0.00535521 -8.27729 0.123963 0.0546624 0.503 -3.23133 0.0209 
600.11 50 14.1429 14.1429 3.92487e-08 -15.1835 0.098553 0.0546624 0.0003 -1.47367 3.76399 
600.11 30.187 14.9915 14.9478 0.092245 -7.76176 3.82704e-05 0.0546624 0.0003 -2.99853 -0.0958258 
600.11 30.7554 14.9658 14.9671 -0.00156968 -7.60254 0.105383 0.0546624 0.503 -3.18974 0.0406755 
600.11 43.0889 14.4276 14.3606 0.12948 -13.0248 1.35223e-06 0.0546624 0.0003 -2.02129 -0.288353 
600.11 39.0143 14.6013 14.6052 -0.00891887 -10.9811 0.138356 0.0546624 0.503 -2.88723 0.758057 
600.11 31.0245 14.9536 14.9605 -0.0109175 -6.71245 0.144106 0.0546624 0.503 -2.79072 0.0874521 
600.11 37.2237 14.6786 14.6831 -0.0114536 -9.64828 0.147783 0.0546624 0.503 -2.78822 0.628178 
600.11 31.8239 14.9175 14.9239 -0.00987293 -7.11174 0.140303 0.0546624 0.503 -3.1746 0.251297 
600.11 35.4828 14.7549 14.7441 0.0285766 -9.07376 0.0123603 0.0546624 0.0003 -3.05999 0.557163 
600.11 30.5965 14.9729 14.9756 -0.00563619 -6.65724 0.124116 0.0546624 0.503 -3.1468 -0.0905461 
600.11 36.6932 14.7019 14.7017 -0.00125331 -10.2643 0.104936 0.0546624 0.503 -2.77169 0.588988 
600.11 46.0926 14.3025 14.2628 0.07773 -13.941 0.000154211 0.0546624 0.0003 -2.14434 -0.931517 
600.11 30.3354 14.9848 14.983 0.00292049 -7.15337 0.0855751 0.0546624 0.0003 -3.08843 -0.093575 
600.11 30.8762 14.9602 14.9498 0.0101543 -8.02921 0.059213 0.0546624 0.0003 -2.87752 -0.16975 
600.11 30.4033 14.9817 14.9838 -0.00434159 -7.46444 0.118403 0.0546624 0.503 -2.98765 -0.140541 
600.11 35.2978 14.7629 14.7436 0.0204655 -9.49449 0.0298971 0.0546624 0.0003 -2.86386 -0.531847 
600.11 30.701 14.9682 14.9118 0.120413 -8.22364 2.79355e-06 0.0546624 0.0003 -2.99409 -0.186826 
600.11 36.5463 14.7082 14.6941 0.0353752 -9.86729 0.00680246 0.0546624 0.0003 -3.27951 0.557186 
600.11 50 14.1429 14.1429 1.72389e-06 -15.1833 0.0985451 0.0546624 0.0003 0.733672 3.47165 
600.11 45.64 14.3212 14.3054 0.0332416 -13.3879 0.00861238 0.0546624 0.0003 -3.93905 -0.781616 
600.11 45.7287 14.3176 14.3159 0.00851787 -13.2476 0.0595108 0.0546624 0.0003 -2.57974 1.15604 
600.11 30.1457 14.9934 14.9872 0.0163734 -7.86105 0.0344448 0.0546624 0.0003 -3.08452 0.00652718 
600.11 30.8409 14.9618 14.9635 -0.00229503 -8.67971 0.108579 0.0546624 0.503 -3.0857 -0.186413 
600.11 30.5915 14.9732 14.9708 0.0099887 -7.48738 0.054015 0.0546624 0.0003 -3.05026 0.164093 
600.11 34.5447 14.7961 14.7474 0.081267 -9.38163 0.000127956 0.0546624 0.0003 -3.17791 0.469842 
600.11 30.1714 14.9922 14.9798 0.0186406 -7.49849 0.0312623 0.0546624 0.0003 -3.03016 -0.0865372 
600.11 47.8663 14.2296 14.2311 -0.000561775 -14.2223 0.100139 0.0546624 0.503 -1.52036 -0.0663086 
600.11 37.1386 14.6824 14.6369 0.0960593 -10.3668 2.6899e-05 0.0546624 0.0003 -2.87796 -0.64632 
600.11 32.5679 14.8842 14.8813 0.0113427 -8.90062 0.0491406 0.0546624 0.0003 -3.0563 -0.362683 
600.11 31.3689 14.9381 14.9428 -0.00867388 -8.16074 0.136224 0.0546624 0.503 -3.25645 0.060036 
600.11 31.8503 14.9164 14.9238 -0.0142112 -7.51009 0.155994 0.0546624 0.503 -2.81473 0.246619 
600.11 50 14.1429 14.1429 6.36436e-07 -15.1833 0.0985502 0.0546624 0.0003 1.68512 3.84651 
600.11 32.6822 14.8791 14.8818 -0.00460885 -7.71515 0.119523 0.0546624 0.503 -3.28426 0.245762 
600.11 31.1977 14.9458 14.954 -0.0124299 -7.98482 0.149424 0.0546624 0.503 -2.80413 -0.149173 
600.11 31.195 14.9458 14.9478 -0.00633209 -7.0925 0.128003 0.0546624 0.503 -3.01129 -0.245247 
600.11 30.8184 14.9629 14.9634 -0.00160504 -7.16163 0.106217 0.0546624 0.503 -2.80186 0.0404999 
600.11 48.3387 14.2103 14.2106 -0.000727708 -14.4723 0.101949 0.0546624 0.503 -1.60296 0.697683 
600.11 30.2659 14.9879 14.9747 0.0201859 -7.62637 0.0277165 0.0546624 0.0003 -2.99394 -0.114182 
600.11 30.5553 14.9748 14.9751 0.000477024 -8.48329 0.096006 0.0546624 0.0003 -3.14501 -0.0811726 
600.11 32.0969 14.9052 14.9093 -0.00778497 -7.48316 0.132764 0.0546624 0.503 -3.1264 -0.304098 
600.11 30.333 14.9849 14.9828 0.0129981 -6.63462 0.0427233 0.0546624 0.0003 -3.01126 0.127973 
600.11 31.5393 14.9303 14.9341 -0.00602039 -7.7568 0.125065 0.0546624 0.503 -2.85946 -0.242307 
600.11 31.4643 14.9337 14.9391 -0.0112426 -8.41765 0.146366 0.0546624 0.503 -3.25093 0.106938 
600.11 39.0754 14.5984 14.5967 -0.00152755 -10.3482 0.107871 0.0546624 0.503 -2.36618 0.437248 
600.11 32.7586 14.8757 14.8809 -0.00981548 -8.18009 0.140893 0.0546624 0.503 -2.85962 -0.35475 
600.11 31.3187 14.9403 14.9416 -0.00128469 -7.84311 0.103543 0.0546624 0.503 -3.25393 0.04964 
600.11 30.6005 14.9728 14.9739 -0.00425877 -7.94007 0.118855 0.0546624 0.503 -3.06233 0.161346 
600.11 38.4012 14.6274 14.533 0.177993 -10.9289 1.63198e-08 0.0546624 0.0003 -2.28631 0.155765 
600.11 30.141 14.9936 14.981 0.0195253 -8.26183 0.0290755 0.0546624 0.0003 -2.99478 0.0828907 
600.11 50.0012 14.1428 14.1428 2.51293e-06 -15.1839 0.0985421 0.0546624 0.0003 0.44337 1.93909 
600.11 30.8464 14.9616 14.9623 -0.00213366 -7.80702 0.108604 0.0546624 0.503 -2.99913 0.206002 
600.11 30.4308 14.9804 14.9848 -0.00677376 -7.91764 0.127651 0.0546624 0.503 -3.04588 0.138744 
600.11 31.3492 14.9389 14.9422 -0.00680965 -7.37441 0.129149 0.0546624 0.503 -3.17319 -0.19589 
600.11 36.2649 14.7206 14.7217 -0.0021904 -10.0188 0.108152 0.0546624 0.503 -2.39474 0.0458631 
600.11 38.2769 14.6331 14.6375 -0.0098956 -10.7675 0.141953 0.0546624 0.503 -2.62474 -0.618835 
600.11 41.3269 14.5023 14.5047 -0.00486019 -11.7041 0.120755 0.0546624 0.503 -2.12942 -0.247207 
600.11 30.5205 14.9764 14.9798 -0.00897566 -8.40567 0.138475 0.0546624 0.503 -3.08638 -0.135716 
600.11 31.7384 14.9215 14.9245 -0.00235728 -7.96156 0.108008 0.0546624 0.503 -3.15217 0.256954 
600.11 30.954 14.9567 14.9573 -0.00298846 -8.18491 0.113118 0.0546624 0.503 -2.7883 0.0551189 
600.11 48.8246 14.1905 14.191 -0.00162881 -14.6688 0.106194 0.0546624 0.503 -2.57824 1.61212 
600.11 31.4116 14.9361 14.9412 -0.00690558 -6.83668 0.128191 0.0546624 0.503 -3.19068 -0.187805 
600.11 33.8068 14.8288 14.7028 0.248186 -9.25371 2.32855e-11 0.0546624 0.0003 -3.12272 -0.437797 
600.11 50 14.1429 14.1429 2.42279e-08 -15.1832 0.098553 0.0546624 0.0003 -0.361915 3.39517 
600.11 39.8452 14.5653 14.4658 0.190115 -12.1277 5.23174e-09 0.0546624 0.0003 -3.05325 -0.813052 
600.11 49.9997 14.1429 14.1429 1.62027e-07 -15.1835 0.0985528 0.0546624 0.0003 -2.03754 -3.15032 
600.11 30.2125 14.9904 14.9846 0.0199619 -7.43004 0.0251369 0.0546624 0.0003 -2.89953 -0.0204171 
600.11 31.1107 14.9496 14.9235 0.0453724 -8.23173 0.00314877 0.0546624 0.0003 -3.22419 0.0752839 
600.11 33.1867 14.8564 14.8577 -0.00556857 -7.72487 0.124737 0.0546624 0.503 -2.71409 -0.296989 
600.11 50 14.1429 14.1429 2.31414e-08 -15.1836 0.098553 0.0546624 0.0003 -0.0896511 -3.23599 
600.11 30.064 14.9971 14.959 0.0792559 -7.13474 0.00012856 0.0546624 0.0003 -3.01155 -0.0546065 
600.11 30.1816 14.9917 14.9899 0.000553287 -7.15667 0.0971794 0.0546624 0.0003 -2.93232 -0.065715 
600.11 36.8071 14.6968 14.7026 -0.0120679 -9.90746 0.149518 0.0546624 0.503 -3.63852 0.00426638 
600.11 31.0466 14.9526 14.9179 0.0781005 -8.38815 0.000136153 0.0546624 0.0003 -3.06049 0.221413 
600.11 33.0311 14.8635 14.8683 -0.00148328 -8.38169 0.101457 0.0546624 0.503 -2.87592 0.381593 
600.11 30.4483 14.9797 14.9802 -0.00167249 -7.97556 0.106591 0.0546624 0.503 -3.13859 -0.0545739 
600.11 50 14.1429 14.1429 3.59765e-10 -15.1833 0.0985532 0.0546624 0.0003 -0.324661 -3.74779 
600.11 34.7015 14.7892 14.677 0.217198 -10.0704 4.21526e-10 0.0546624 0.0003 -2.7301 -0.435377 
600.11 30.4507 14.9795 14.9805 -0.00264997 -7.01302 0.110918 0.0546624 0.503 -3.14693 -0.0264488 
600.11 30.124 14.9944 14.9893 0.0148318 -8.14425 0.0384487 0.0546624 0.0003 -3.03862 0.0680283 
600.11 30.9416 14.9573 14.9556 0.00266701 -7.44073 0.0868102 0.0546624 0.0003 -3.16403 -0.142666 
600.11 30.3368 14.9847 14.9867 -0.00378547 -7.40931 0.115769 0.0546624 0.503 -2.8823 -0.0522923 
600.11 31.6113 14.9271 14.9187 0.0194669 -8.72392 0.0273308 0.0546624 0.0003 -3.09642 -0.270243 
600.11 31.0619 14.9518 14.953 -0.0020594 -8.18992 0.107658 0.0546624 0.503 -3.15603 -0.170347 
600.11 31.4048 14.9364 14.9392 -0.00584834 -7.92124 0.125362 0.0546624 0.503 -2.86803 -0.232032 
600.11 30.6169 14.972 14.9728 -0.00144794 -7.27834 0.10514 0.0546624 0.503 -2.85977 -0.105415 
600.11 30.6572 14.9702 14.9707 -0.0018139 -7.3017 0.107127 0.0546624 0.503 -3.11116 0.143027 
600.11 30.1949 14.9911 14.9819 0.0184004 -8.44442 0.0303717 0.0546624 0.0003 -2.96967 0.0931358 
600.11 47.0364 14.2636 14.2648 -0.00439707 -14.0285 0.119515 0.0546624 0.503 -1.73231 -0.51381 
600.11 30.7407 14.9664 14.9692 -0.00439314 -7.7502 0.117789 0.0546624 0.503 -2.84087 0.107691 
600.11 31.1053 14.9499 14.9506 -0.00284219 -8.24367 0.112119 0.0546624 0.503 -2.85797 -0.188437 
600.11 30.247 14.9888 14.9903 -0.00170372 -8.57871 0.105661 0.0546624 0.503 -3.07593 -0.0800829 
600.11 33.128 14.8591 14.8644 -0.00914261 -8.73141 0.137749 0.0546624 0.503 -3.38659 0.130623 
600.11 33.5334 14.8411 14.8385 0.0147906 -8.24279 0.0372393 0.0546624 0.0003 -3.4288 -0.081889 
600.11 30.5361 14.9757 14.9799 -0.0100594 -8.24247 0.142486 0.0546624 0.503 -2.84723 -0.0572151 
600.11 30.9907 14.955 14.9559 -0.00316707 -8.96269 0.113609 0.0546624 0.503 -2.8395 0.155324 
600.11 30.3319 14.9849 14.9851 -0.000920725 -7.24244 0.10308 0.0546624 0.503 -3.05997 0.112925 
600.11 32.4287 14.8904 14.8917 -0.00788516 -7.63255 0.135986 0.0546624 0.503 -2.86983 0.331585 
600.11 31.2083 14.9453 14.946 -0.00327637 -7.88074 0.114426 0.0546624 0.503 -2.87251 0.21195 
