600.11 49.9964 14.143 117.858 -1 -700 0.2 0.0546624 0.503 -0.160155 0.0531736 
600.11 50.0023 14.1428 117.856 -1 -700 0.2 0.0546624 0.503 -0.006528 -0.000701897 
600.11 50.0039 14.1427 117.856 -1 -700 0.2 0.0546624 0.503 0.0307412 0.0179554 
600.11 50.0103 14.1424 117.854 -1 -700 0.2 0.0546624 0.503 0.149531 -0.126484 
600.11 50.0037 14.1427 117.856 -1 -700 0.2 0.0546624 0.503 0.0275464 -0.056613 
600.11 50.0033 14.1427 117.856 -1 -700 0.2 0.0546624 0.503 0.0166304 0.0639668 
600.11 50.0003 14.1428 117.857 -1 -700 0.2 0.0546624 0.503 -0.0595156 -0.0476404 
600.11 49.9978 14.1429 117.858 -1 -700 0.2 0.0546624 0.503 -0.12387 0.0105213 
600.11 50.0026 14.1428 117.856 -1 -700 0.2 0.0546624 0.503 0.00163971 0.118441 
600.11 49.9995 14.1429 117.857 -1 -700 0.2 0.0546624 0.503 -0.0783674 -0.0609273 
600.11 50.0029 14.1427 117.856 -1 -700 0.2 0.0546624 0.503 0.00761416 0.0617526 
600.11 50.0008 14.1428 117.857 -1 -700 0.2 0.0546624 0.503 -0.0453662 -0.0877705 
600.11 50.0038 14.1427 117.856 -1 -700 0.2 0.0546624 0.503 0.0280052 -0.0334081 
600.11 50.0029 14.1427 117.856 -1 -700 0.2 0.0546624 0.503 0.0085181 -0.144608 
600.11 50.0061 14.1426 117.855 -1 -700 0.2 0.0546624 0.503 0.0782523 0.0557179 
600.11 50.0073 14.1426 117.855 -1 -700 0.2 0.0546624 0.503 0.0996063 0.0346799 
600.11 50.0008 14.1428 117.857 -1 -700 0.2 0.0546624 0.503 -0.0442642 0.0289567 
600.11 50.0003 14.1428 117.857 -1 -700 0.2 0.0546624 0.503 -0.0574172 -0.0865416 
600.11 49.9997 14.1429 117.857 -1 -700 0.2 0.0546624 0.503 -0.0742339 0.0405284 
600.11 50.0038 14.1427 117.856 -1 -700 0.2 0.0546624 0.503 0.0302833 0.038331 
600.11 49.9994 14.1429 117.857 -1 -700 0.2 0.0546624 0.503 -0.0832863 0.00133266 
600.11 50.001 14.1428 117.857 -1 -700 0.2 0.0546624 0.503 -0.0388833 0.0783389 
600.11 50.0018 14.1428 117.856 -1 -700 0.2 0.0546624 0.503 -0.019303 0.0406724 
600.11 50.0037 14.1427 117.856 -1 -700 0.2 0.0546624 0.503 0.027868 0.068266 
600.11 50.0027 14.1427 117.856 -1 -700 0.2 0.0546624 0.503 0.00387276 -0.02291 
600.11 50.0071 14.1426 117.855 -1 -700 0.2 0.0546624 0.503 0.0956163 0.00785148 
600.11 50.0015 14.1428 117.857 -1 -700 0.2 0.0546624 0.503 -0.0258611 -0.0288706 
600.11 50.0037 14.1427 117.856 -1 -700 0.2 0.0546624 0.503 0.0272667 0.0627269 
600.11 50.0022 14.1428 117.856 -1 -700 0.2 0.0546624 0.503 -0.00856667 0.00408002 
600.11 49.9974 14.143 117.858 -1 -700 0.2 0.0546624 0.503 -0.133579 -0.0406604 
600.11 50.0006 14.1428 117.857 -1 -700 0.2 0.0546624 0.503 -0.0495128 0.00930353 
600.11 50.0036 14.1427 117.856 -1 -700 0.2 0.0546624 0.503 0.024094 -0.0224187 
600.11 50.0036 14.1427 117.856 -1 -700 0.2 0.0546624 0.503 0.0249103 0.0467294 
600.11 50.0016 14.1428 117.857 -1 -700 0.2 0.0546624 0.503 -0.0232772 0.0858504 
600.11 50.0084 14.1425 117.854 -1 -700 0.2 0.0546624 0.503 0.119021 1.66137e-06 
600.11 50.0026 14.1428 117.856 -1 -700 0.2 0.0546624 0.503 0.000800392 0.0278052 
600.11 50.001 14.1428 117.857 -1 -700 0.2 0.0546624 0.503 -0.0396006 -0.0535958 
600.11 49.9979 14.1429 117.858 -1 -700 0.2 0.0546624 0.503 -0.12055 -0.0206262 
600.11 50.005 14.1427 117.855 -1 -700 0.2 0.0546624 0.503 0.0545624 0.0138314 
600.11 50 14.1429 117.857 -1 -700 0.2 0.0546624 0.503 -0.0651292 0.0432692 
600.11 50.0088 14.1425 117.854 -1 -700 0.2 0.0546624 0.503 0.124229 0.0370135 
600.11 50.0021 14.1428 117.856 -1 -700 0.2 0.0546624 0.503 -0.00847417 0.193554 
600.11 50.0015 14.1428 117.857 -1 -700 0.2 0.0546624 0.503 -0.027708 0.0632854 
600.11 50.0033 14.1427 117.856 -1 -700 0.2 0.0546624 0.503 0.0168071 0.0261348 
600.11 50.0131 14.1423 117.853 -1 -700 0.2 0.0546624 0.503 0.183466 0.0207983 
600.11 50.0006 14.1428 117.857 -1 -700 0.2 0.0546624 0.503 -0.0494937 -0.0490694 
600.11 50.0037 14.1427 117.856 -1 -700 0.2 0.0546624 0.503 0.0272053 -0.0882378 
600.11 50.005 14.1427 117.855 -1 -700 0.2 0.0546624 0.503 0.056334 -0.0284903 
600.11 50.0001 14.1429 117.857 -1 -700 0.2 0.0546624 0.503 -0.0649719 -0.0973912 
600.11 49.9998 14.1429 117.857 -1 -700 0.2 0.0546624 0.503 -0.0702405 -0.0162957 
600.11 49.9988 14.1429 117.858 -1 -700 0.2 0.0546624 0.503 -0.0980118 0.0292949 
600.11 49.9992 14.1429 117.857 -1 -700 0.2 0.0546624 0.503 -0.0885575 -0.0178692 
600.11 50.0024 14.1428 117.856 -1 -700 0.2 0.0546624 0.503 -0.00531854 -0.0299784 
600.11 49.9978 14.1429 117.858 -1 -700 0.2 0.0546624 0.503 -0.124655 0.0845696 
600.11 50.0022 14.1428 117.856 -1 -700 0.2 0.0546624 0.503 -0.00885886 0.125757 
600.11 50.0035 14.1427 117.856 -1 -700 0.2 0.0546624 0.503 0.0224364 0.00191689 
600.11 50.0014 14.1428 117.857 -1 -700 0.2 0.0546624 0.503 -0.0299531 -0.0732807 
600.11 50.0014 14.1428 117.857 -1 -700 0.2 0.0546624 0.503 -0.0293706 0.0225171 
600.11 50.0025 14.1428 117.856 -1 -700 0.2 0.0546624 0.503 -0.00121584 0.049722 
600.11 50.0057 14.1426 117.855 -1 -700 0.2 0.0546624 0.503 0.0709935 0.113585 
600.11 49.9967 14.143 117.858 -1 -700 0.2 0.0546624 0.503 -0.150739 0.00766303 
600.11 50.0012 14.1428 117.857 -1 -700 0.2 0.0546624 0.503 -0.0337469 -0.0123414 
600.11 50.0111 14.1424 117.853 -1 -700 0.2 0.0546624 0.503 0.157924 -0.0286372 
600.11 50.0027 14.1427 117.856 -1 -700 0.2 0.0546624 0.503 0.0038669 -0.116048 
600.11 50.0018 14.1428 117.857 -1 -700 0.2 0.0546624 0.503 -0.0197702 -0.0361499 
600.11 49.9985 14.1429 117.858 -1 -700 0.2 0.0546624 0.503 -0.105438 -0.0933082 
600.11 50.0059 14.1426 117.855 -1 -700 0.2 0.0546624 0.503 0.074086 0.0467989 
600.11 49.9998 14.1429 117.857 -1 -700 0.2 0.0546624 0.503 -0.0704663 0.0351269 
600.11 50.0019 14.1428 117.857 -1 -700 0.2 0.0546624 0.503 -0.0175691 0.0161874 
600.11 50.0045 14.1427 117.856 -1 -700 0.2 0.0546624 0.503 0.0447318 0.00682739 
600.11 50.0032 14.1427 117.856 -1 -700 0.2 0.0546624 0.503 0.0141822 0.0277878 
600.11 49.9991 14.1429 117.857 -1 -700 0.2 0.0546624 0.503 -0.0904305 0.076486 
600.11 50.0001 14.1429 117.857 -1 -700 0.2 0.0546624 0.503 -0.0645261 0.0622247 
600.11 50.0018 14.1428 117.857 -1 -700 0.2 0.0546624 0.503 -0.019496 -0.0301038 
600.11 50.0039 14.1427 117.856 -1 -700 0.2 0.0546624 0.503 0.0306468 -0.0504593 
600.11 50.0006 14.1428 117.857 -1 -700 0.2 0.0546624 0.503 -0.0515629 -0.000645662 
600.11 50.0027 14.1427 117.856 -1 -700 0.2 0.0546624 0.503 0.00434061 0.0891182 
600.11 49.9989 14.1429 117.858 -1 -700 0.2 0.0546624 0.503 -0.0967685 0.00402856 
600.11 50.0027 14.1428 117.856 -1 -700 0.2 0.0546624 0.503 0.00242714 -0.0489835 
600.11 50.0045 14.1427 117.856 -1 -700 0.2 0.0546624 0.503 0.044162 -0.0413694 
600.11 49.999 14.1429 117.857 -1 -700 0.2 0.0546624 0.503 -0.0938994 0.166059 
600.11 50.0051 14.1427 117.855 -1 -700 0.2 0.0546624 0.503 0.0564735 -0.0268396 
600.11 50.0006 14.1428 117.857 -1 -700 0.2 0.0546624 0.503 -0.0495577 -0.00102601 
600.11 50.002 14.1428 117.857 -1 -700 0.2 0.0546624 0.503 -0.0151243 -0.00571074 
600.11 50.0033 14.1427 117.856 -1 -700 0.2 0.0546624 0.503 0.0168158 0.0271579 
600.11 50.0019 14.1428 117.856 -1 -700 0.2 0.0546624 0.503 -0.0176487 0.0253406 
600.11 50.0047 14.1427 117.856 -1 -700 0.2 0.0546624 0.503 0.0496792 0.0368117 
600.11 50.0011 14.1428 117.857 -1 -700 0.2 0.0546624 0.503 -0.0374894 -0.0146664 
600.11 50.0029 14.1427 117.856 -1 -700 0.2 0.0546624 0.503 0.00757576 0.0335814 
600.11 50.0083 14.1425 117.854 -1 -700 0.2 0.0546624 0.503 0.116952 -0.093991 
600.11 50.0014 14.1428 117.857 -1 -700 0.2 0.0546624 0.503 -0.0291425 0.0625547 
600.11 49.9999 14.1429 117.857 -1 -700 0.2 0.0546624 0.503 -0.0695593 -0.0654914 
600.11 50.003 14.1427 117.856 -1 -700 0.2 0.0546624 0.503 0.0138682 -0.18469 
600.11 50.0025 14.1428 117.856 -1 -700 0.2 0.0546624 0.503 -0.00155889 -0.0206022 
600.11 50.0034 14.1427 117.856 -1 -700 0.2 0.0546624 0.503 0.0188504 0.0327803 
600.11 50.0021 14.1428 117.856 -1 -700 0.2 0.0546624 0.503 -0.0115899 0.0500943 
600.11 50.0023 14.1428 117.856 -1 -700 0.2 0.0546624 0.503 -0.00551911 0.0916157 
600.11 49.9932 14.1431 117.859 -1 -700 0.2 0.0546624 0.503 -0.228212 0.0658461 
600.11 50.0032 14.1427 117.856 -1 -700 0.2 0.0546624 0.503 0.0150807 -0.042355 
600.11 50.0022 14.1428 117.856 -1 -700 0.2 0.0546624 0.503 -0.00998742 -0.0651468 
600.11 50.0024 14.1428 117.856 -1 -700 0.2 0.0546624 0.503 -0.0045252 -0.0420805 
600.11 50.0044 14.1427 117.856 -1 -700 0.2 0.0546624 0.503 0.0446627 0.132899 
600.11 50.0043 14.1427 117.856 -1 -700 0.2 0.0546624 0.503 0.0410505 0.00173067 
600.11 50.005 14.1427 117.855 -1 -700 0.2 0.0546624 0.503 0.0560371 0.0332675 
600.11 49.9986 14.1429 117.858 -1 -700 0.2 0.0546624 0.503 -0.10314 -0.0405697 
600.11 50.0036 14.1427 117.856 -1 -700 0.2 0.0546624 0.503 0.0258783 -0.0770695 
600.11 49.9986 14.1429 117.858 -1 -700 0.2 0.0546624 0.503 -0.102312 0.0297678 
600.11 50.0002 14.1429 117.857 -1 -700 0.2 0.0546624 0.503 -0.0616975 -0.0347227 
600.11 50.0032 14.1427 117.856 -1 -700 0.2 0.0546624 0.503 0.0152405 -0.0604102 
600.11 50.0034 14.1427 117.856 -1 -700 0.2 0.0546624 0.503 0.0191674 0.0319886 
600.11 49.9994 14.1429 117.857 -1 -700 0.2 0.0546624 0.503 -0.0816961 0.0411376 
600.11 50.0015 14.1428 117.857 -1 -700 0.2 0.0546624 0.503 -0.026643 -0.0224777 
600.11 50.0023 14.1428 117.856 -1 -700 0.2 0.0546624 0.503 -0.00591612 0.0330358 
600.11 50.0034 14.1427 117.856 -1 -700 0.2 0.0546624 0.503 0.0193831 0.0603185 
600.11 50.0045 14.1427 117.856 -1 -700 0.2 0.0546624 0.503 0.0460372 -0.155697 
600.11 50.0082 14.1425 117.854 -1 -700 0.2 0.0546624 0.503 0.115172 0.0125123 
600.11 50.0006 14.1428 117.857 -1 -700 0.2 0.0546624 0.503 -0.049481 0.0684219 
600.11 50.0038 14.1427 117.856 -1 -700 0.2 0.0546624 0.503 0.0301552 0.0473606 
600.11 50.0043 14.1427 117.856 -1 -700 0.2 0.0546624 0.503 0.0401524 0.0596021 
600.11 50.0034 14.1427 117.856 -1 -700 0.2 0.0546624 0.503 0.0189485 0.0359595 
600.11 50.0005 14.1428 117.857 -1 -700 0.2 0.0546624 0.503 -0.0530606 0.038248 
600.11 50.0034 14.1427 117.856 -1 -700 0.2 0.0546624 0.503 0.0196988 -0.0385512 
600.11 50.0018 14.1428 117.857 -1 -700 0.2 0.0546624 0.503 -0.0179855 0.0421678 
600.11 50.0036 14.1427 117.856 -1 -700 0.2 0.0546624 0.503 0.0253626 0.00114347 
600.11 50.0102 14.1424 117.854 -1 -700 0.2 0.0546624 0.503 0.145018 0.00883272 
600.11 50.0073 14.1426 117.855 -1 -700 0.2 0.0546624 0.503 0.0996887 0.0223634 
600.11 50.0027 14.1428 117.856 -1 -700 0.2 0.0546624 0.503 0.00374872 -0.147702 
600.11 50.0007 14.1428 117.857 -1 -700 0.2 0.0546624 0.503 -0.0476264 0.0829037 
600.11 49.9984 14.1429 117.858 -1 -700 0.2 0.0546624 0.503 -0.107967 -0.00801981 
600.11 50.0036 14.1427 117.856 -1 -700 0.2 0.0546624 0.503 0.0260544 -0.151294 
600.11 50.003 14.1427 117.856 -1 -700 0.2 0.0546624 0.503 0.0109262 0.0221039 
600.11 50.0035 14.1427 117.856 -1 -700 0.2 0.0546624 0.503 0.021405 -0.011483 
600.11 50.0033 14.1427 117.856 -1 -700 0.2 0.0546624 0.503 0.018473 0.00566121 
600.11 50.0017 14.1428 117.856 -1 -700 0.2 0.0546624 0.503 -0.0201184 -0.0875734 
600.11 50.0019 14.1428 117.856 -1 -700 0.2 0.0546624 0.503 -0.0169877 -0.00438452 
600.11 50.001 14.1428 117.857 -1 -700 0.2 0.0546624 0.503 -0.0399709 -0.0337431 
600.11 49.9991 14.1429 117.857 -1 -700 0.2 0.0546624 0.503 -0.0914405 -0.0934363 
600.11 50.0053 14.1426 117.855 -1 -700 0.2 0.0546624 0.503 0.0618956 0.0744174 
600.11 50.003 14.1427 117.856 -1 -700 0.2 0.0546624 0.503 0.00940603 0.0103023 
600.11 50.0033 14.1427 117.856 -1 -700 0.2 0.0546624 0.503 0.0171448 -0.00170065 
600.11 50.0064 14.1426 117.855 -1 -700 0.2 0.0546624 0.503 0.0824874 -0.0312683 
600.11 50.0048 14.1427 117.855 -1 -700 0.2 0.0546624 0.503 0.0510452 -0.101845 
600.11 50.0045 14.1427 117.856 -1 -700 0.2 0.0546624 0.503 0.0445108 0.00260244 
600.11 50.0043 14.1427 117.856 -1 -700 0.2 0.0546624 0.503 0.0409249 0.0269295 
600.11 50.0004 14.1428 117.857 -1 -700 0.2 0.0546624 0.503 -0.0545807 -0.00635031 
600.11 50.0022 14.1428 117.856 -1 -700 0.2 0.0546624 0.503 -0.00788541 -0.132552 
600.11 50.0054 14.1426 117.855 -1 -700 0.2 0.0546624 0.503 0.0657533 0.105943 
600.11 50.0038 14.1427 117.856 -1 -700 0.2 0.0546624 0.503 0.0297584 0.00129431 
600.11 50.0048 14.1427 117.856 -1 -700 0.2 0.0546624 0.503 0.0518137 0.0351099 
600.11 50.0013 14.1428 117.857 -1 -700 0.2 0.0546624 0.503 -0.0319285 0.0521687 
600.11 50.0051 14.1427 117.855 -1 -700 0.2 0.0546624 0.503 0.0571957 0.0223627 
600.11 50.0034 14.1427 117.856 -1 -700 0.2 0.0546624 0.503 0.0210882 0.090783 
600.11 50.0021 14.1428 117.857 -1 -700 0.2 0.0546624 0.503 -0.0124225 0.0183968 
600.11 50.0043 14.1427 117.856 -1 -700 0.2 0.0546624 0.503 0.0393367 -0.0461004 
600.11 50.0057 14.1426 117.855 -1 -700 0.2 0.0546624 0.503 0.0694064 0.0650104 
600.11 50.0001 14.1429 117.857 -1 -700 0.2 0.0546624 0.503 -0.0635452 -0.0586805 
600.11 50.0039 14.1427 117.856 -1 -700 0.2 0.0546624 0.503 0.0319066 -0.0551194 
600.11 50.001 14.1428 117.857 -1 -700 0.2 0.0546624 0.503 -0.0389898 -0.0437101 
600.11 50.0017 14.1428 117.856 -1 -700 0.2 0.0546624 0.503 -0.0210937 0.0418043 
600.11 50.0053 14.1426 117.855 -1 -700 0.2 0.0546624 0.503 0.0618562 0.0829307 
600.11 50.0055 14.1426 117.855 -1 -700 0.2 0.0546624 0.503 0.0672026 0.115673 
600.11 50.0025 14.1428 117.856 -1 -700 0.2 0.0546624 0.503 -0.00301356 -0.0196119 
600.11 50.0073 14.1426 117.855 -1 -700 0.2 0.0546624 0.503 0.0991858 0.00917974 
600.11 50.0066 14.1426 117.855 -1 -700 0.2 0.0546624 0.503 0.0864929 -0.0656281 
600.11 50.0107 14.1424 117.854 -1 -700 0.2 0.0546624 0.503 0.152591 0.0294003 
600.11 50.0008 14.1428 117.857 -1 -700 0.2 0.0546624 0.503 -0.0463525 0.0237832 
600.11 49.9986 14.1429 117.858 -1 -700 0.2 0.0546624 0.503 -0.102287 0.0312106 
600.11 50.0068 14.1426 117.855 -1 -700 0.2 0.0546624 0.503 0.0913141 -0.0364153 
600.11 50.008 14.1425 117.854 -1 -700 0.2 0.0546624 0.503 0.11286 0.10641 
600.11 49.9992 14.1429 117.857 -1 -700 0.2 0.0546624 0.503 -0.0867889 0.0250677 
600.11 50.0027 14.1427 117.856 -1 -700 0.2 0.0546624 0.503 0.00380289 0.0396999 
600.11 49.9989 14.1429 117.857 -1 -700 0.2 0.0546624 0.503 -0.0961257 -0.04409 
600.11 50.0035 14.1427 117.856 -1 -700 0.2 0.0546624 0.503 0.0230017 -0.0480545 
600.11 49.9979 14.1429 117.858 -1 -700 0.2 0.0546624 0.503 -0.12185 -0.0125141 
600.11 50.0088 14.1425 117.854 -1 -700 0.2 0.0546624 0.503 0.124218 -0.012168 
600.11 50.0006 14.1428 117.857 -1 -700 0.2 0.0546624 0.503 -0.0487858 -0.0408869 
600.11 50.0111 14.1424 117.853 -1 -700 0.2 0.0546624 0.503 0.157694 0.0356694 
600.11 50.0029 14.1427 117.856 -1 -700 0.2 0.0546624 0.503 0.00823773 -0.0479829 
600.11 49.9943 14.1431 117.859 -1 -700 0.2 0.0546624 0.503 -0.20586 0.00512866 
600.11 50.0027 14.1427 117.856 -1 -700 0.2 0.0546624 0.503 0.00426457 -0.0270914 
600.11 50.0043 14.1427 117.856 -1 -700 0.2 0.0546624 0.503 0.0414103 -0.0393745 
600.11 50.0021 14.1428 117.857 -1 -700 0.2 0.0546624 0.503 -0.0121382 -0.0468494 
600.11 50.0019 14.1428 117.857 -1 -700 0.2 0.0546624 0.503 -0.0158953 0.0198477 
600.11 50.0017 14.1428 117.857 -1 -700 0.2 0.0546624 0.503 -0.022244 0.0518474 
600.11 50.0009 14.1428 117.857 -1 -700 0.2 0.0546624 0.503 -0.0432539 0.0558253 
600.11 50.0002 14.1429 117.857 -1 -700 0.2 0.0546624 0.503 -0.0619785 0.110496 
600.11 50.0031 14.1427 117.856 -1 -700 0.2 0.0546624 0.503 0.0134437 -0.0355925 
600.11 50.0013 14.1428 117.857 -1 -700 0.2 0.0546624 0.503 -0.0325844 0.11747 
600.11 50.0099 14.1425 117.854 -1 -700 0.2 0.0546624 0.503 0.142742 -0.091459 
600.11 50.001 14.1428 117.857 -1 -700 0.2 0.0546624 0.503 -0.0390036 -0.00909994 
600.11 50.0027 14.1427 117.856 -1 -700 0.2 0.0546624 0.503 0.00261546 0.0419778 
600.11 50.002 14.1428 117.856 -1 -700 0.2 0.0546624 0.503 -0.0151446 -0.046445 
600.11 49.9995 14.1429 117.857 -1 -700 0.2 0.0546624 0.503 -0.0788288 0.0667629 
600.11 50.0004 14.1428 117.857 -1 -700 0.2 0.0546624 0.503 -0.0564473 0.146895 
600.11 49.9996 14.1429 117.857 -1 -700 0.2 0.0546624 0.503 -0.0772109 0.0743174 
600.11 50.0006 14.1428 117.857 -1 -700 0.2 0.0546624 0.503 -0.0499968 -0.100681 
600.11 50.0038 14.1427 117.856 -1 -700 0.2 0.0546624 0.503 0.0293411 0.0353691 
600.11 50.0035 14.1427 117.856 -1 -700 0.2 0.0546624 0.503 0.0221332 0.0235839 
600.11 50.004 14.1427 117.856 -1 -700 0.2 0.0546624 0.503 0.0347727 0.0307578 
600.11 50.0029 14.1427 117.856 -1 -700 0.2 0.0546624 0.503 0.0091042 -0.139268 
600.11 50.007 14.1426 117.855 -1 -700 0.2 0.0546624 0.503 0.0943497 -0.0174322 
600.11 50.009 14.1425 117.854 -1 -700 0.2 0.0546624 0.503 0.127322 0.0128388 
600.11 50.0102 14.1424 117.854 -1 -700 0.2 0.0546624 0.503 0.148319 -0.126509 
600.11 50.0015 14.1428 117.857 -1 -700 0.2 0.0546624 0.503 -0.0257424 -0.0539158 
600.11 50.0015 14.1428 117.857 -1 -700 0.2 0.0546624 0.503 -0.0268791 0.136593 
600.11 50.0092 14.1425 117.854 -1 -700 0.2 0.0546624 0.503 0.130427 0.0152705 
600.11 50.0035 14.1427 117.856 -1 -700 0.2 0.0546624 0.503 0.0228212 -0.0515835 
600.11 50.003 14.1427 117.856 -1 -700 0.2 0.0546624 0.503 0.0124065 0.114324 
600.11 50.002 14.1428 117.857 -1 -700 0.2 0.0546624 0.503 -0.0135436 -0.0516966 
600.11 50.0199 14.1421 117.85 -1 -700 0.2 0.0546624 0.503 0.252857 -0.0387441 
600.11 50.0069 14.1426 117.855 -1 -700 0.2 0.0546624 0.503 0.0925401 -0.0191007 
600.11 50.0011 14.1428 117.857 -1 -700 0.2 0.0546624 0.503 -0.0366718 0.0330673 
600.11 50 14.1429 117.857 -1 -700 0.2 0.0546624 0.503 -0.0667871 0.00244666 
600.11 50.004 14.1427 117.856 -1 -700 0.2 0.0546624 0.503 0.034401 0.0359858 
600.11 50.0042 14.1427 117.856 -1 -700 0.2 0.0546624 0.503 0.0390742 -0.100339 
600.11 50.0044 14.1427 117.856 -1 -700 0.2 0.0546624 0.503 0.0420882 -0.0505677 
600.11 50.0021 14.1428 117.856 -1 -700 0.2 0.0546624 0.503 -0.0107388 -0.00678452 
600.11 50.0034 14.1427 117.856 -1 -700 0.2 0.0546624 0.503 0.0199587 -0.0171811 
600.11 50.0036 14.1427 117.856 -1 -700 0.2 0.0546624 0.503 0.0237111 0.0737387 
600.11 50.0042 14.1427 117.856 -1 -700 0.2 0.0546624 0.503 0.0392444 0.133711 
600.11 49.9982 14.1429 117.858 -1 -700 0.2 0.0546624 0.503 -0.113781 -0.00964035 
600.11 49.9999 14.1429 117.857 -1 -700 0.2 0.0546624 0.503 -0.0677231 0.0848857 
600.11 49.9993 14.1429 117.857 -1 -700 0.2 0.0546624 0.503 -0.0852827 0.0654621 
600.11 49.9992 14.1429 117.857 -1 -700 0.2 0.0546624 0.503 -0.0885449 -0.0284177 
600.11 49.9979 14.1429 117.858 -1 -700 0.2 0.0546624 0.503 -0.121892 0.0265656 
600.11 50.0027 14.1427 117.856 -1 -700 0.2 0.0546624 0.503 0.00393233 -0.022451 
600.11 50.0009 14.1428 117.857 -1 -700 0.2 0.0546624 0.503 -0.0425541 -0.00879007 
600.11 50.0006 14.1428 117.857 -1 -700 0.2 0.0546624 0.503 -0.049034 0.109883 
600.11 50.0065 14.1426 117.855 -1 -700 0.2 0.0546624 0.503 0.0841511 -0.0244836 
600.11 50.0076 14.1426 117.855 -1 -700 0.2 0.0546624 0.503 0.104229 0.0498991 
600.11 50.0007 14.1428 117.857 -1 -700 0.2 0.0546624 0.503 -0.0474826 -0.0152967 
600.11 49.9983 14.1429 117.858 -1 -700 0.2 0.0546624 0.503 -0.111348 -0.0892913 
600.11 49.9988 14.1429 117.857 -1 -700 0.2 0.0546624 0.503 -0.0982063 0.0167308 
600.11 50.0011 14.1428 117.857 -1 -700 0.2 0.0546624 0.503 -0.0382628 -0.063652 
600.11 50.0027 14.1427 117.856 -1 -700 0.2 0.0546624 0.503 0.00350296 -0.0486587 
600.11 50.0014 14.1428 117.857 -1 -700 0.2 0.0546624 0.503 -0.0282055 -0.0533482 
600.11 50.0033 14.1427 117.856 -1 -700 0.2 0.0546624 0.503 0.0189403 0.0643927 
600.11 50.0026 14.1428 117.856 -1 -700 0.2 0.0546624 0.503 0.00185268 0.00903126 
600.11 50.0023 14.1428 117.856 -1 -700 0.2 0.0546624 0.503 -0.00761643 0.0640215 
600.11 49.9991 14.1429 117.857 -1 -700 0.2 0.0546624 0.503 -0.090665 -0.0231087 
600.11 50.0027 14.1427 117.856 -1 -700 0.2 0.0546624 0.503 0.00293604 -0.00749764 
600.11 49.9993 14.1429 117.857 -1 -700 0.2 0.0546624 0.503 -0.0855312 0.00846389 
600.11 50.0037 14.1427 117.856 -1 -700 0.2 0.0546624 0.503 0.0274483 0.0278074 
600.11 49.9993 14.1429 117.857 -1 -700 0.2 0.0546624 0.503 -0.0838584 0.109679 
600.11 50.0092 14.1425 117.854 -1 -700 0.2 0.0546624 0.503 0.131917 -0.0776823 
600.11 50.0058 14.1426 117.855 -1 -700 0.2 0.0546624 0.503 0.072869 -0.0794768 
600.11 50.0052 14.1426 117.855 -1 -700 0.2 0.0546624 0.503 0.059 0.0529509 
600.11 50.0013 14.1428 117.857 -1 -700 0.2 0.0546624 0.503 -0.0326577 -0.126462 
600.11 50.0007 14.1428 117.857 -1 -700 0.2 0.0546624 0.503 -0.0470827 -0.0443613 
600.11 50.0002 14.1428 117.857 -1 -700 0.2 0.0546624 0.503 -0.0595939 -0.0374353 
600.11 50.003 14.1427 117.856 -1 -700 0.2 0.0546624 0.503 0.00967251 -0.01006 
600.11 50.0041 14.1427 117.856 -1 -700 0.2 0.0546624 0.503 0.035641 -0.0458963 
600.11 50.0014 14.1428 117.857 -1 -700 0.2 0.0546624 0.503 -0.0298158 -0.0611735 
600.11 50.0031 14.1427 117.856 -1 -700 0.2 0.0546624 0.503 0.0128307 -0.0173827 
600.11 50.0044 14.1427 117.855 -1 -700 0.2 0.0546624 0.503 0.0422336 -0.0136038 
600.11 50.0025 14.1428 117.856 -1 -700 0.2 0.0546624 0.503 -0.000819833 -0.0406829 
600.11 50.0034 14.1427 117.856 -1 -700 0.2 0.0546624 0.503 0.0202735 0.0797427 
600.11 49.9998 14.1429 117.857 -1 -700 0.2 0.0546624 0.503 -0.0709071 0.0243076 
600.11 50.0032 14.1427 117.856 -1 -700 0.2 0.0546624 0.503 0.016171 0.0303074 
600.11 50.0055 14.1426 117.855 -1 -700 0.2 0.0546624 0.503 0.0650237 -0.040264 
600.11 49.999 14.1429 117.857 -1 -700 0.2 0.0546624 0.503 -0.0939004 0.0139335 
600.11 50.0029 14.1427 117.856 -1 -700 0.2 0.0546624 0.503 0.00686031 0.00409906 
600.11 50.0085 14.1425 117.854 -1 -700 0.2 0.0546624 0.503 0.120181 0.0474552 
600.11 50.0066 14.1426 117.855 -1 -700 0.2 0.0546624 0.503 0.0880524 0.0849492 
600.11 50.004 14.1427 117.856 -1 -700 0.2 0.0546624 0.503 0.034156 -0.061326 
600.11 50.0003 14.1428 117.857 -1 -700 0.2 0.0546624 0.503 -0.0570274 -0.0380395 
600.11 50.0023 14.1428 117.856 -1 -700 0.2 0.0546624 0.503 -0.00587511 -0.0164696 
600.11 50.0044 14.1427 117.856 -1 -700 0.2 0.0546624 0.503 0.0422026 0.0704344 
600.11 50.0011 14.1428 117.857 -1 -700 0.2 0.0546624 0.503 -0.0368005 0.00088256 
600.11 50.0043 14.1427 117.856 -1 -700 0.2 0.0546624 0.503 0.0406447 0.0392496 
600.11 50.001 14.1428 117.857 -1 -700 0.2 0.0546624 0.503 -0.0391367 0.0323263 
600.11 50.0023 14.1428 117.856 -1 -700 0.2 0.0546624 0.503 -0.00626209 -0.0280684 
600.11 50.0023 14.1428 117.856 -1 -700 0.2 0.0546624 0.503 -0.00558998 -0.00520955 
600.11 50.0028 14.1427 117.856 -1 -700 0.2 0.0546624 0.503 0.0055217 0.0160971 
600.11 50.0055 14.1426 117.855 -1 -700 0.2 0.0546624 0.503 0.0665722 0.0316174 
600.11 50.0032 14.1427 117.856 -1 -700 0.2 0.0546624 0.503 0.0145575 -0.0301819 
600.11 50.0058 14.1426 117.855 -1 -700 0.2 0.0546624 0.503 0.0730193 0.0811906 
600.11 50.0002 14.1428 117.857 -1 -700 0.2 0.0546624 0.503 -0.060766 -0.165378 
600.11 50.007 14.1426 117.855 -1 -700 0.2 0.0546624 0.503 0.0942868 0.0119602 
600.11 50.0066 14.1426 117.855 -1 -700 0.2 0.0546624 0.503 0.0863393 -0.0523732 
600.11 50.0028 14.1427 117.856 -1 -700 0.2 0.0546624 0.503 0.00615946 -0.0220146 
600.11 50.0049 14.1427 117.855 -1 -700 0.2 0.0546624 0.503 0.0528037 0.0560464 
600.11 50.0017 14.1428 117.857 -1 -700 0.2 0.0546624 0.503 -0.0223452 0.0257676 
600.11 50.0069 14.1426 117.855 -1 -700 0.2 0.0546624 0.503 0.0924454 0.0131421 
600.11 50.0031 14.1427 117.856 -1 -700 0.2 0.0546624 0.503 0.0142119 -0.0750357 
600.11 50.0004 14.1428 117.857 -1 -700 0.2 0.0546624 0.503 -0.0542868 0.00915056 
600.11 49.9977 14.143 117.858 -1 -700 0.2 0.0546624 0.503 -0.126949 0.0650631 
600.11 50.0009 14.1428 117.857 -1 -700 0.2 0.0546624 0.503 -0.0415286 -0.0498593 
600.11 50.0059 14.1426 117.855 -1 -700 0.2 0.0546624 0.503 0.0731962 -0.0149763 
600.11 50.0092 14.1425 117.854 -1 -700 0.2 0.0546624 0.503 0.132366 0.118321 
600.11 49.9996 14.1429 117.857 -1 -700 0.2 0.0546624 0.503 -0.0759154 0.0506276 
600.11 50.0002 14.1428 117.857 -1 -700 0.2 0.0546624 0.503 -0.0614392 -0.0216376 
600.11 50.0025 14.1428 117.856 -1 -700 0.2 0.0546624 0.503 -0.0016049 0.0872351 
600.11 50.0025 14.1428 117.856 -1 -700 0.2 0.0546624 0.503 -0.000283839 -0.0634182 
600.11 50.0024 14.1428 117.856 -1 -700 0.2 0.0546624 0.503 -0.00428054 0.0911328 
600.11 50.0001 14.1429 117.857 -1 -700 0.2 0.0546624 0.503 -0.0627713 0.000999067 
600.11 50.0088 14.1425 117.854 -1 -700 0.2 0.0546624 0.503 0.125928 0.103393 
600.11 50.0013 14.1428 117.857 -1 -700 0.2 0.0546624 0.503 -0.0324004 0.0196941 
600.11 50.0081 14.1425 117.854 -1 -700 0.2 0.0546624 0.503 0.112439 -0.0538942 
600.11 50.0025 14.1428 117.856 -1 -700 0.2 0.0546624 0.503 -0.00109645 -0.00604841 
600.11 50.0043 14.1427 117.856 -1 -700 0.2 0.0546624 0.503 0.0418914 -0.0835144 
600.11 50.0013 14.1428 117.857 -1 -700 0.2 0.0546624 0.503 -0.0309396 -0.113368 
600.11 50.0014 14.1428 117.857 -1 -700 0.2 0.0546624 0.503 -0.0306816 0.00641045 
600.11 50.0034 14.1427 117.856 -1 -700 0.2 0.0546624 0.503 0.0198317 -0.0897945 
600.11 50.0038 14.1427 117.856 -1 -700 0.2 0.0546624 0.503 0.0295627 -0.0891831 
600.11 50.0008 14.1428 117.857 -1 -700 0.2 0.0546624 0.503 -0.0453503 -0.0291866 
600.11 49.9988 14.1429 117.858 -1 -700 0.2 0.0546624 0.503 -0.0987439 0.00867843 
600.11 49.9983 14.1429 117.858 -1 -700 0.2 0.0546624 0.503 -0.110217 0.00698171 
600.11 50.0029 14.1427 117.856 -1 -700 0.2 0.0546624 0.503 0.00929864 0.0783975 
600.11 49.9994 14.1429 117.857 -1 -700 0.2 0.0546624 0.503 -0.0825303 -0.0420047 
600.11 50.003 14.1427 117.856 -1 -700 0.2 0.0546624 0.503 0.0103761 0.0718185 
600.11 50.0005 14.1428 117.857 -1 -700 0.2 0.0546624 0.503 -0.053168 0.0292767 
600.11 50.0025 14.1428 117.856 -1 -700 0.2 0.0546624 0.503 -0.00215966 0.0677358 
600.11 50.0027 14.1427 117.856 -1 -700 0.2 0.0546624 0.503 0.00449048 -0.0877128 
600.11 50.0031 14.1427 117.856 -1 -700 0.2 0.0546624 0.503 0.0133269 0.0355047 
600.11 50.0075 14.1426 117.855 -1 -700 0.2 0.0546624 0.503 0.102819 0.0464827 
600.11 50.0033 14.1427 117.856 -1 -700 0.2 0.0546624 0.503 0.0188336 -0.0158178 
600.11 50.0113 14.1424 117.853 -1 -700 0.2 0.0546624 0.503 0.161636 0.00227954 
600.11 50.0116 14.1424 117.854 -1 -700 0.2 0.0546624 0.503 0.166061 -0.0609791 
600.11 49.9982 14.1429 117.858 -1 -700 0.2 0.0546624 0.503 -0.113833 -0.0318863 
600.11 50.0015 14.1428 117.857 -1 -700 0.2 0.0546624 0.503 -0.0258953 -0.00439483 
600.11 50.0006 14.1428 117.857 -1 -700 0.2 0.0546624 0.503 -0.0496141 -0.0104784 
600.11 50.0058 14.1426 117.855 -1 -700 0.2 0.0546624 0.503 0.0714134 -0.0230599 
600.11 50.0023 14.1428 117.856 -1 -700 0.2 0.0546624 0.503 -0.00744826 0.0294307 
600.11 50.0021 14.1428 117.856 -1 -700 0.2 0.0546624 0.503 -0.0117999 0.0469892 
600.11 50.0005 14.1428 117.857 -1 -700 0.2 0.0546624 0.503 -0.0534139 -0.0489487 
600.11 49.9992 14.1429 117.857 -1 -700 0.2 0.0546624 0.503 -0.0881993 0.00199939 
600.11 50.0016 14.1428 117.857 -1 -700 0.2 0.0546624 0.503 -0.0231746 -0.0338073 
600.11 50.0001 14.1429 117.857 -1 -700 0.2 0.0546624 0.503 -0.0630099 0.113853 
600.11 50.0052 14.1426 117.855 -1 -700 0.2 0.0546624 0.503 0.0589887 0.0309687 
600.11 50.0068 14.1426 117.855 -1 -700 0.2 0.0546624 0.503 0.0917333 0.0415148 
600.11 50.0096 14.1425 117.854 -1 -700 0.2 0.0546624 0.503 0.137339 0.078206 
600.11 50 14.1429 117.857 -1 -700 0.2 0.0546624 0.503 -0.0655319 -0.0320727 
600.11 50.0012 14.1428 117.857 -1 -700 0.2 0.0546624 0.503 -0.0336962 0.0161441 
600.11 50.0017 14.1428 117.857 -1 -700 0.2 0.0546624 0.503 -0.0213925 -0.0428326 
600.11 50.0027 14.1428 117.856 -1 -700 0.2 0.0546624 0.503 0.00285046 0.0820714 
600.11 50.0045 14.1427 117.856 -1 -700 0.2 0.0546624 0.503 0.0445325 -0.0742114 
600.11 50.0052 14.1426 117.855 -1 -700 0.2 0.0546624 0.503 0.0589398 0.0405598 
600.11 50.0059 14.1426 117.855 -1 -700 0.2 0.0546624 0.503 0.074303 -0.00563917 
600.11 50.0067 14.1426 117.855 -1 -700 0.2 0.0546624 0.503 0.0892301 0.101209 
600.11 50.0055 14.1426 117.855 -1 -700 0.2 0.0546624 0.503 0.0658403 0.0005195 
600.11 50.0063 14.1426 117.855 -1 -700 0.2 0.0546624 0.503 0.0809121 0.0597892 
600.11 50.0009 14.1428 117.857 -1 -700 0.2 0.0546624 0.503 -0.040894 -0.0549751 
600.11 50.0065 14.1426 117.855 -1 -700 0.2 0.0546624 0.503 0.0846162 -0.0389057 
600.11 49.9995 14.1429 117.857 -1 -700 0.2 0.0546624 0.503 -0.0787848 -0.0504121 
600.11 50.0001 14.1429 117.857 -1 -700 0.2 0.0546624 0.503 -0.0635546 -0.0351638 
600.11 50.003 14.1427 117.856 -1 -700 0.2 0.0546624 0.503 0.0105859 -0.0276015 
600.11 50.001 14.1428 117.857 -1 -700 0.2 0.0546624 0.503 -0.0383445 0.0044659 
600.11 50.0012 14.1428 117.857 -1 -700 0.2 0.0546624 0.503 -0.0338786 0.108289 
600.11 50.0005 14.1428 117.857 -1 -700 0.2 0.0546624 0.503 -0.0519056 -0.00469166 
600.11 50.0012 14.1428 117.857 -1 -700 0.2 0.0546624 0.503 -0.0353091 -0.0620789 
600.11 50.0031 14.1427 117.856 -1 -700 0.2 0.0546624 0.503 0.0145661 -0.127714 
600.11 50.0038 14.1427 117.856 -1 -700 0.2 0.0546624 0.503 0.0290212 0.0365659 
600.11 49.9978 14.1429 117.858 -1 -700 0.2 0.0546624 0.503 -0.124244 -0.073263 
600.11 50.0044 14.1427 117.856 -1 -700 0.2 0.0546624 0.503 0.0428313 -0.0234568 
600.11 50.0074 14.1426 117.855 -1 -700 0.2 0.0546624 0.503 0.102206 -0.0612222 
600.11 50.0061 14.1426 117.855 -1 -700 0.2 0.0546624 0.503 0.0781203 -0.102961 
600.11 50.0019 14.1428 117.857 -1 -700 0.2 0.0546624 0.503 -0.0152904 -0.15599 
600.11 49.9986 14.1429 117.858 -1 -700 0.2 0.0546624 0.503 -0.103755 0.0859673 
600.11 50.0054 14.1426 117.855 -1 -700 0.2 0.0546624 0.503 0.063829 0.0370041 
600.11 50.0026 14.1428 117.856 -1 -700 0.2 0.0546624 0.503 0.00169207 -0.0108573 
600.11 50.0025 14.1428 117.856 -1 -700 0.2 0.0546624 0.503 -0.00116637 -0.0819539 
600.11 50.006 14.1426 117.855 -1 -700 0.2 0.0546624 0.503 0.0761151 -0.125531 
600.11 49.9981 14.1429 117.858 -1 -700 0.2 0.0546624 0.503 -0.117244 -0.0535097 
600.11 50.0019 14.1428 117.857 -1 -700 0.2 0.0546624 0.503 -0.0155357 0.0661607 
600.11 50.0025 14.1428 117.856 -1 -700 0.2 0.0546624 0.503 -0.00158401 0.043641 
600.11 50.0032 14.1427 117.856 -1 -700 0.2 0.0546624 0.503 0.0160278 0.0535836 
600.11 50.0042 14.1427 117.856 -1 -700 0.2 0.0546624 0.503 0.0380559 0.0584408 
600.11 50.0005 14.1428 117.857 -1 -700 0.2 0.0546624 0.503 -0.0519938 -0.0239962 
600.11 50.0008 14.1428 117.857 -1 -700 0.2 0.0546624 0.503 -0.0460772 -0.0703267 
600.11 49.9978 14.1429 117.858 -1 -700 0.2 0.0546624 0.503 -0.122815 0.0215654 
600.11 50.0013 14.1428 117.857 -1 -700 0.2 0.0546624 0.503 -0.0329269 -0.00155358 
600.11 50.0063 14.1426 117.855 -1 -700 0.2 0.0546624 0.503 0.0803771 0.00639768 
600.11 50.0038 14.1427 117.856 -1 -700 0.2 0.0546624 0.503 0.0283349 -0.0443626 
600.11 50.0008 14.1428 117.857 -1 -700 0.2 0.0546624 0.503 -0.044463 -0.00517587 
600.11 50.004 14.1427 117.856 -1 -700 0.2 0.0546624 0.503 0.0333518 0.0404824 
600.11 50.004 14.1427 117.856 -1 -700 0.2 0.0546624 0.503 0.0340755 -0.00660294 
600.11 50.0029 14.1427 117.856 -1 -700 0.2 0.0546624 0.503 0.00812118 -0.0957082 
600.11 49.9995 14.1429 117.858 -1 -700 0.2 0.0546624 0.503 -0.0794833 -0.0304241 
600.11 50.0016 14.1428 117.857 -1 -700 0.2 0.0546624 0.503 -0.0238126 0.141707 
600.11 50.0111 14.1424 117.853 -1 -700 0.2 0.0546624 0.503 0.158499 -0.0381623 
600.11 50.0069 14.1426 117.855 -1 -700 0.2 0.0546624 0.503 0.0936251 -0.111455 
600.11 50.0052 14.1426 117.855 -1 -700 0.2 0.0546624 0.503 0.0587749 0.0399247 
600.11 50.0079 14.1425 117.854 -1 -700 0.2 0.0546624 0.503 0.109487 -0.063309 
600.11 49.9994 14.1429 117.857 -1 -700 0.2 0.0546624 0.503 -0.082571 0.124386 
600.11 49.9987 14.1429 117.857 -1 -700 0.2 0.0546624 0.503 -0.0994994 -0.0341465 
600.11 50.0003 14.1428 117.857 -1 -700 0.2 0.0546624 0.503 -0.0583067 -0.0144905 
600.11 49.9992 14.1429 117.857 -1 -700 0.2 0.0546624 0.503 -0.0882996 0.0286445 
600.11 50.0059 14.1426 117.855 -1 -700 0.2 0.0546624 0.503 0.0746315 -0.0720554 
600.11 50.002 14.1428 117.856 -1 -700 0.2 0.0546624 0.503 -0.0143841 0.0736664 
600.11 50.0067 14.1426 117.855 -1 -700 0.2 0.0546624 0.503 0.0886496 -0.0823336 
600.11 50.0032 14.1427 117.856 -1 -700 0.2 0.0546624 0.503 0.0152794 -0.0130978 
600.11 49.9989 14.1429 117.857 -1 -700 0.2 0.0546624 0.503 -0.0943879 0.0206169 
600.11 50.0011 14.1428 117.857 -1 -700 0.2 0.0546624 0.503 -0.0364067 -0.0382104 
600.11 50.0004 14.1428 117.857 -1 -700 0.2 0.0546624 0.503 -0.054479 0.0739232 
600.11 50.0036 14.1427 117.856 -1 -700 0.2 0.0546624 0.503 0.026621 -0.126097 
600.11 49.9995 14.1429 117.857 -1 -700 0.2 0.0546624 0.503 -0.078509 -0.00774757 
600.11 50.001 14.1428 117.857 -1 -700 0.2 0.0546624 0.503 -0.0388987 -0.022554 
600.11 50.0031 14.1427 117.856 -1 -700 0.2 0.0546624 0.503 0.0132957 -0.0441442 
600.11 50.0041 14.1427 117.856 -1 -700 0.2 0.0546624 0.503 0.0353416 -0.0622652 
600.11 50.0031 14.1427 117.856 -1 -700 0.2 0.0546624 0.503 0.0129323 0.057402 
600.11 50.0014 14.1428 117.857 -1 -700 0.2 0.0546624 0.503 -0.0303978 -0.0324123 
600.11 50.0014 14.1428 117.857 -1 -700 0.2 0.0546624 0.503 -0.0296246 0.0199212 
600.11 50.0037 14.1427 117.856 -1 -700 0.2 0.0546624 0.503 0.0276184 -0.0126021 
600.11 50.0007 14.1428 117.857 -1 -700 0.2 0.0546624 0.503 -0.0472769 0.0415596 
600.11 50.0015 14.1428 117.857 -1 -700 0.2 0.0546624 0.503 -0.0257067 -0.0999944 
600.11 50.0027 14.1427 117.856 -1 -700 0.2 0.0546624 0.503 0.00254747 -0.0837414 
600.11 50.0006 14.1428 117.857 -1 -700 0.2 0.0546624 0.503 -0.0516603 0.0408931 
600.11 50.0003 14.1428 117.857 -1 -700 0.2 0.0546624 0.503 -0.058127 -0.0443773 
600.11 50 14.1429 117.857 -1 -700 0.2 0.0546624 0.503 -0.0663562 0.0675159 
600.11 50.0041 14.1427 117.856 -1 -700 0.2 0.0546624 0.503 0.0362535 0.123791 
600.11 50.0061 14.1426 117.855 -1 -700 0.2 0.0546624 0.503 0.0773327 0.0520769 
600.11 50.0034 14.1427 117.856 -1 -700 0.2 0.0546624 0.503 0.0204347 0.0510652 
600.11 50.0026 14.1428 117.856 -1 -700 0.2 0.0546624 0.503 0.000344078 0.081169 
600.11 50.002 14.1428 117.856 -1 -700 0.2 0.0546624 0.503 -0.0136497 -0.012915 
600.11 50.001 14.1428 117.857 -1 -700 0.2 0.0546624 0.503 -0.0396741 0.0252129 
600.11 49.9982 14.1429 117.858 -1 -700 0.2 0.0546624 0.503 -0.113235 0.0560474 
600.11 50.0008 14.1428 117.857 -1 -700 0.2 0.0546624 0.503 -0.0441829 0.0944766 
600.11 50.0059 14.1426 117.855 -1 -700 0.2 0.0546624 0.503 0.0741189 0.0128564 
600.11 50.0047 14.1427 117.856 -1 -700 0.2 0.0546624 0.503 0.0485006 -0.0487725 
600.11 50.0016 14.1428 117.856 -1 -700 0.2 0.0546624 0.503 -0.0228802 -0.0632003 
600.11 50.0051 14.1427 117.855 -1 -700 0.2 0.0546624 0.503 0.0571501 0.0477352 
600.11 50.0067 14.1426 117.855 -1 -700 0.2 0.0546624 0.503 0.0880501 -0.0119012 
600.11 49.9989 14.1429 117.858 -1 -700 0.2 0.0546624 0.503 -0.0948363 0.0285403 
600.11 50.0018 14.1428 117.857 -1 -700 0.2 0.0546624 0.503 -0.019911 -0.0413075 
600.11 50.0022 14.1428 117.856 -1 -700 0.2 0.0546624 0.503 -0.00960603 0.0180339 
600.11 50.0034 14.1427 117.856 -1 -700 0.2 0.0546624 0.503 0.0204739 0.117838 
600.11 50.0024 14.1428 117.856 -1 -700 0.2 0.0546624 0.503 -0.00349636 -0.023573 
600.11 50.0107 14.1424 117.853 -1 -700 0.2 0.0546624 0.503 0.155012 -0.109204 
600.11 50.0004 14.1428 117.857 -1 -700 0.2 0.0546624 0.503 -0.0550352 0.000426729 
600.11 50.0071 14.1426 117.855 -1 -700 0.2 0.0546624 0.503 0.0962446 0.0127297 
600.11 50.0013 14.1428 117.857 -1 -700 0.2 0.0546624 0.503 -0.0324996 0.0381627 
600.11 50.0014 14.1428 117.857 -1 -700 0.2 0.0546624 0.503 -0.0297075 0.107914 
600.11 50.0048 14.1427 117.855 -1 -700 0.2 0.0546624 0.503 0.0520453 0.0294809 
600.11 50.0016 14.1428 117.857 -1 -700 0.2 0.0546624 0.503 -0.023946 -0.0191107 
600.11 50.0015 14.1428 117.856 -1 -700 0.2 0.0546624 0.503 -0.0257312 -0.0169311 
600.11 50.0065 14.1426 117.855 -1 -700 0.2 0.0546624 0.503 0.0848834 0.0174274 
600.11 49.9984 14.1429 117.858 -1 -700 0.2 0.0546624 0.503 -0.108606 -0.158789 
600.11 50.0033 14.1427 117.856 -1 -700 0.2 0.0546624 0.503 0.0182415 -0.139969 
600.11 50.0006 14.1428 117.857 -1 -700 0.2 0.0546624 0.503 -0.0510837 0.0321922 
600.11 50.0003 14.1428 117.857 -1 -700 0.2 0.0546624 0.503 -0.0574612 -0.0436774 
600.11 50.0015 14.1428 117.857 -1 -700 0.2 0.0546624 0.503 -0.0262779 -0.0276144 
600.11 50.0018 14.1428 117.857 -1 -700 0.2 0.0546624 0.503 -0.0196015 0.00207562 
600.11 50.001 14.1428 117.857 -1 -700 0.2 0.0546624 0.503 -0.0403282 0.0210479 
600.11 50.002 14.1428 117.857 -1 -700 0.2 0.0546624 0.503 -0.0136096 0.0215213 
600.11 50.0016 14.1428 117.857 -1 -700 0.2 0.0546624 0.503 -0.0227554 0.00514999 
600.11 50.0055 14.1426 117.855 -1 -700 0.2 0.0546624 0.503 0.0649696 0.0473417 
600.11 50.0029 14.1427 117.856 -1 -700 0.2 0.0546624 0.503 0.00756111 -0.027994 
600.11 50.0026 14.1428 117.856 -1 -700 0.2 0.0546624 0.503 0.000747807 0.0479732 
600.11 49.9974 14.143 117.858 -1 -700 0.2 0.0546624 0.503 -0.135535 -0.0809032 
600.11 50.0028 14.1427 117.856 -1 -700 0.2 0.0546624 0.503 0.00651595 -0.0211233 
600.11 50.0004 14.1428 117.857 -1 -700 0.2 0.0546624 0.503 -0.0554521 -0.0185518 
600.11 50.0038 14.1427 117.856 -1 -700 0.2 0.0546624 0.503 0.0302576 -0.0775991 
600.11 50.0047 14.1427 117.856 -1 -700 0.2 0.0546624 0.503 0.0483147 -0.0580487 
600.11 50.0039 14.1427 117.856 -1 -700 0.2 0.0546624 0.503 0.0307626 0.0129107 
600.11 50.002 14.1428 117.856 -1 -700 0.2 0.0546624 0.503 -0.0131157 0.00181525 
600.11 50.0068 14.1426 117.855 -1 -700 0.2 0.0546624 0.503 0.0911946 0.0811306 
600.11 50.0051 14.1427 117.855 -1 -700 0.2 0.0546624 0.503 0.0564631 -0.0432708 
600.11 50.001 14.1428 117.857 -1 -700 0.2 0.0546624 0.503 -0.0397232 -0.0336333 
600.11 50.0037 14.1427 117.856 -1 -700 0.2 0.0546624 0.503 0.0261664 0.0443219 
600.11 50.0036 14.1427 117.856 -1 -700 0.2 0.0546624 0.503 0.0256381 -0.0664442 
600.11 50.0038 14.1427 117.856 -1 -700 0.2 0.0546624 0.503 0.0296679 0.0701523 
600.11 50.0081 14.1425 117.855 -1 -700 0.2 0.0546624 0.503 0.112877 -0.0185031 
600.11 50.0052 14.1426 117.855 -1 -700 0.2 0.0546624 0.503 0.0598218 -0.0176704 
600.11 50.0009 14.1428 117.857 -1 -700 0.2 0.0546624 0.503 -0.0421835 0.12953 
600.11 50.0043 14.1427 117.856 -1 -700 0.2 0.0546624 0.503 0.0400927 0.0295878 
600.11 50.0035 14.1427 117.856 -1 -700 0.2 0.0546624 0.503 0.0231109 -0.07427 
600.11 50.0016 14.1428 117.857 -1 -700 0.2 0.0546624 0.503 -0.0226953 -0.157541 
600.11 50.0032 14.1427 117.856 -1 -700 0.2 0.0546624 0.503 0.0149194 -0.109502 
600.11 50.0052 14.1426 117.855 -1 -700 0.2 0.0546624 0.503 0.0584203 0.0308846 
600.11 50.0023 14.1428 117.856 -1 -700 0.2 0.0546624 0.503 -0.00725203 -0.0525012 
600.11 50.0001 14.1429 117.857 -1 -700 0.2 0.0546624 0.503 -0.0645473 -0.078128 
600.11 50.0019 14.1428 117.856 -1 -700 0.2 0.0546624 0.503 -0.0165259 0.0524188 
600.11 50.0039 14.1427 117.856 -1 -700 0.2 0.0546624 0.503 0.0314534 0.00971493 
600.11 50.0019 14.1428 117.857 -1 -700 0.2 0.0546624 0.503 -0.0170377 -0.0393456 
600.11 50.0048 14.1427 117.856 -1 -700 0.2 0.0546624 0.503 0.0504602 0.0153923 
600.11 50.0025 14.1428 117.856 -1 -700 0.2 0.0546624 0.503 -0.00247877 -0.055957 
600.11 50.0013 14.1428 117.857 -1 -700 0.2 0.0546624 0.503 -0.0310389 -0.0753365 
600.11 50 14.1429 117.857 -1 -700 0.2 0.0546624 0.503 -0.0649678 -0.052215 
600.11 50.0022 14.1428 117.856 -1 -700 0.2 0.0546624 0.503 -0.007698 0.0160866 
600.11 50.0036 14.1427 117.856 -1 -700 0.2 0.0546624 0.503 0.0243644 0.0058212 
600.11 50.0084 14.1425 117.854 -1 -700 0.2 0.0546624 0.503 0.118197 -0.0443758 
600.11 50.0026 14.1428 117.856 -1 -700 0.2 0.0546624 0.503 0.00169686 0.0960531 
600.11 50.0009 14.1428 117.857 -1 -700 0.2 0.0546624 0.503 -0.0427978 0.00507872 
600.11 50.0017 14.1428 117.857 -1 -700 0.2 0.0546624 0.503 -0.0222857 0.00230248 
600.11 50.0024 14.1428 117.857 -1 -700 0.2 0.0546624 0.503 -0.00351224 -0.0872874 
600.11 50.0023 14.1428 117.856 -1 -700 0.2 0.0546624 0.503 -0.00720962 -0.0301648 
600.11 50.0045 14.1427 117.856 -1 -700 0.2 0.0546624 0.503 0.0447387 -0.0725612 
600.11 50 14.1429 117.857 -1 -700 0.2 0.0546624 0.503 -0.0668783 -0.0304885 
600.11 49.9994 14.1429 117.857 -1 -700 0.2 0.0546624 0.503 -0.0831561 -0.138708 
600.11 50.0085 14.1425 117.854 -1 -700 0.2 0.0546624 0.503 0.119204 0.0200532 
600.11 50.0055 14.1426 117.855 -1 -700 0.2 0.0546624 0.503 0.068915 -0.149842 
600.11 50.0059 14.1426 117.855 -1 -700 0.2 0.0546624 0.503 0.0742064 0.0134692 
600.11 50.0024 14.1428 117.856 -1 -700 0.2 0.0546624 0.503 -0.00461792 0.0137865 
600.11 50.0014 14.1428 117.857 -1 -700 0.2 0.0546624 0.503 -0.0303533 -0.00912705 
600.11 50.0042 14.1427 117.856 -1 -700 0.2 0.0546624 0.503 0.0383571 0.00802719 
600.11 50.0022 14.1428 117.856 -1 -700 0.2 0.0546624 0.503 -0.00938554 0.0992763 
600.11 50.0072 14.1426 117.855 -1 -700 0.2 0.0546624 0.503 0.0993726 0.142562 
600.11 50.0006 14.1428 117.857 -1 -700 0.2 0.0546624 0.503 -0.0504469 0.0238028 
600.11 49.9958 14.143 117.859 -1 -700 0.2 0.0546624 0.503 -0.17433 -0.0586573 
600.11 50.0015 14.1428 117.856 -1 -700 0.2 0.0546624 0.503 -0.0275488 0.0328817 
600.11 50.0062 14.1426 117.855 -1 -700 0.2 0.0546624 0.503 0.0785375 0.0454555 
600.11 50.0048 14.1427 117.856 -1 -700 0.2 0.0546624 0.503 0.0521696 -0.138639 
600.11 50.0006 14.1428 117.857 -1 -700 0.2 0.0546624 0.503 -0.0504977 -0.0966704 
600.11 50.0043 14.1427 117.856 -1 -700 0.2 0.0546624 0.503 0.0393925 -0.0472216 
600.11 49.9961 14.143 117.858 -1 -700 0.2 0.0546624 0.503 -0.166737 0.0297118 
600.11 50.0088 14.1425 117.854 -1 -700 0.2 0.0546624 0.503 0.124008 -0.00367246 
600.11 50.002 14.1428 117.856 -1 -700 0.2 0.0546624 0.503 -0.0145892 -0.0619879 
600.11 50.0013 14.1428 117.857 -1 -700 0.2 0.0546624 0.503 -0.0310367 0.127964 
600.11 50.0029 14.1427 117.856 -1 -700 0.2 0.0546624 0.503 0.00792988 -0.00903851 
600.11 49.9984 14.1429 117.858 -1 -700 0.2 0.0546624 0.503 -0.108319 -0.0397218 
600.11 50.0069 14.1426 117.855 -1 -700 0.2 0.0546624 0.503 0.0926509 0.0642978 
600.11 50.0007 14.1428 117.857 -1 -700 0.2 0.0546624 0.503 -0.0476984 -0.114218 
600.11 50.0068 14.1426 117.855 -1 -700 0.2 0.0546624 0.503 0.0893484 0.00524733 
600.11 50.0033 14.1427 117.856 -1 -700 0.2 0.0546624 0.503 0.017608 -0.0609534 
600.11 50.0062 14.1426 117.855 -1 -700 0.2 0.0546624 0.503 0.0787017 0.0237539 
600.11 50.0076 14.1426 117.855 -1 -700 0.2 0.0546624 0.503 0.10428 -0.0111088 
600.11 49.9958 14.143 117.859 -1 -700 0.2 0.0546624 0.503 -0.174174 0.0283469 
600.11 50.0056 14.1426 117.855 -1 -700 0.2 0.0546624 0.503 0.0679396 -0.0332567 
600.11 50.0013 14.1428 117.857 -1 -700 0.2 0.0546624 0.503 -0.032852 -0.00745218 
600.11 50.0074 14.1426 117.855 -1 -700 0.2 0.0546624 0.503 0.10431 -0.133031 
600.11 49.9994 14.1429 117.857 -1 -700 0.2 0.0546624 0.503 -0.0810493 0.0853049 
600.11 50.0063 14.1426 117.855 -1 -700 0.2 0.0546624 0.503 0.080972 -0.000930964 
600.11 50.0009 14.1428 117.857 -1 -700 0.2 0.0546624 0.503 -0.0424467 -0.0482168 
600.11 50.0003 14.1428 117.857 -1 -700 0.2 0.0546624 0.503 -0.0586649 0.0352408 
600.11 49.9971 14.143 117.858 -1 -700 0.2 0.0546624 0.503 -0.141676 0.0085032 
600.11 50.0045 14.1427 117.856 -1 -700 0.2 0.0546624 0.503 0.0438049 -0.0280202 
600.11 49.9995 14.1429 117.857 -1 -700 0.2 0.0546624 0.503 -0.0790753 0.0847676 
600.11 50.0004 14.1428 117.857 -1 -700 0.2 0.0546624 0.503 -0.0562892 0.179724 
600.11 50.0083 14.1425 117.854 -1 -700 0.2 0.0546624 0.503 0.117417 0.0933196 
600.11 50.0017 14.1428 117.857 -1 -700 0.2 0.0546624 0.503 -0.0217372 0.0948651 
600.11 50.0025 14.1428 117.856 -1 -700 0.2 0.0546624 0.503 -0.00261071 0.0518501 
600.11 50.0084 14.1425 117.854 -1 -700 0.2 0.0546624 0.503 0.118494 0.0597601 
600.11 49.9979 14.1429 117.858 -1 -700 0.2 0.0546624 0.503 -0.120281 0.0248427 
600.11 50.0018 14.1428 117.857 -1 -700 0.2 0.0546624 0.503 -0.0199247 -0.0367772 
600.11 50.0025 14.1428 117.856 -1 -700 0.2 0.0546624 0.503 -0.00276136 -0.0456478 
600.11 50.0056 14.1426 117.855 -1 -700 0.2 0.0546624 0.503 0.0667168 -0.0065371 
600.11 50.0023 14.1428 117.856 -1 -700 0.2 0.0546624 0.503 -0.00578694 0.0309641 
600.11 50.0002 14.1429 117.857 -1 -700 0.2 0.0546624 0.503 -0.0618066 0.0026603 
600.11 50.0009 14.1428 117.857 -1 -700 0.2 0.0546624 0.503 -0.0415476 0.0719505 
600.11 50.01 14.1425 117.854 -1 -700 0.2 0.0546624 0.503 0.143622 0.0573313 
600.11 50.0088 14.1425 117.854 -1 -700 0.2 0.0546624 0.503 0.125508 -0.0734331 
600.11 50.0044 14.1427 117.856 -1 -700 0.2 0.0546624 0.503 0.0430988 -0.0139436 
600.11 50.0052 14.1426 117.855 -1 -700 0.2 0.0546624 0.503 0.0595381 -0.00313524 
600.11 50.0013 14.1428 117.857 -1 -700 0.2 0.0546624 0.503 -0.0323264 0.0330208 
600.11 50.0023 14.1428 117.856 -1 -700 0.2 0.0546624 0.503 -0.00678439 0.0170681 
600.11 50.0011 14.1428 117.857 -1 -700 0.2 0.0546624 0.503 -0.0381863 -0.0708887 
600.11 50.0041 14.1427 117.856 -1 -700 0.2 0.0546624 0.503 0.0355041 0.0245839 
600.11 50.0089 14.1425 117.854 -1 -700 0.2 0.0546624 0.503 0.126146 0.0309117 
600.11 50.001 14.1428 117.857 -1 -700 0.2 0.0546624 0.503 -0.040645 -0.11687 
600.11 50.0021 14.1428 117.856 -1 -700 0.2 0.0546624 0.503 -0.0108761 0.0426438 
600.11 50.0017 14.1428 117.857 -1 -700 0.2 0.0546624 0.503 -0.0200483 -0.0841357 
600.11 50.0048 14.1427 117.856 -1 -700 0.2 0.0546624 0.503 0.0511609 0.021023 
600.11 50.0011 14.1428 117.857 -1 -700 0.2 0.0546624 0.503 -0.0377316 -0.037672 
600.11 50.007 14.1426 117.855 -1 -700 0.2 0.0546624 0.503 0.0940384 -0.0543438 
600.11 50.0028 14.1427 117.856 -1 -700 0.2 0.0546624 0.503 0.00445468 0.00733003 
600.11 49.9988 14.1429 117.858 -1 -700 0.2 0.0546624 0.503 -0.0992487 0.0946935 
600.11 50.0003 14.1428 117.857 -1 -700 0.2 0.0546624 0.503 -0.0579854 -0.105086 
600.11 50.0077 14.1425 117.854 -1 -700 0.2 0.0546624 0.503 0.107799 -0.0893889 
600.11 49.9999 14.1429 117.857 -1 -700 0.2 0.0546624 0.503 -0.0690117 0.0347181 
600.11 50.001 14.1428 117.857 -1 -700 0.2 0.0546624 0.503 -0.0381548 -0.154558 
600.11 50.0051 14.1426 117.855 -1 -700 0.2 0.0546624 0.503 0.0587698 0.0584415 
600.11 50.0011 14.1428 117.857 -1 -700 0.2 0.0546624 0.503 -0.0371425 -0.0388458 
600.11 49.9986 14.1429 117.858 -1 -700 0.2 0.0546624 0.503 -0.103398 0.0932531 
600.11 50.0048 14.1427 117.856 -1 -700 0.2 0.0546624 0.503 0.0505202 -0.0348537 
600.11 50.001 14.1428 117.857 -1 -700 0.2 0.0546624 0.503 -0.0387191 0.0261634 
600.11 50.0029 14.1427 117.856 -1 -700 0.2 0.0546624 0.503 0.00944253 0.0375938 
600.11 49.9996 14.1429 117.857 -1 -700 0.2 0.0546624 0.503 -0.0774671 -0.0806326 
600.11 50.0038 14.1427 117.856 -1 -700 0.2 0.0546624 0.503 0.0293324 -0.0797706 
600.11 50.0017 14.1428 117.857 -1 -700 0.2 0.0546624 0.503 -0.0207479 -0.0143524 
600.11 49.9996 14.1429 117.857 -1 -700 0.2 0.0546624 0.503 -0.0783171 -0.0351517 
600.11 50.0064 14.1426 117.855 -1 -700 0.2 0.0546624 0.503 0.0827588 0.00209113 
600.11 50.0015 14.1428 117.857 -1 -700 0.2 0.0546624 0.503 -0.0255319 0.0624136 
600.11 50.0027 14.1427 117.856 -1 -700 0.2 0.0546624 0.503 0.00376754 0.053663 
600.11 50.0047 14.1427 117.855 -1 -700 0.2 0.0546624 0.503 0.0492654 0.103439 
600.11 50.0027 14.1427 117.856 -1 -700 0.2 0.0546624 0.503 0.00403258 -0.012178 
600.11 50.0069 14.1426 117.855 -1 -700 0.2 0.0546624 0.503 0.0932108 -0.0117922 
600.11 50.0046 14.1427 117.855 -1 -700 0.2 0.0546624 0.503 0.0474443 0.0148445 
600.11 49.9983 14.1429 117.858 -1 -700 0.2 0.0546624 0.503 -0.111906 -0.006048 
600.11 50.0021 14.1428 117.857 -1 -700 0.2 0.0546624 0.503 -0.0126193 -0.0413481 
600.11 50.0028 14.1427 117.856 -1 -700 0.2 0.0546624 0.503 0.00640173 -0.0589556 
600.11 50.003 14.1427 117.856 -1 -700 0.2 0.0546624 0.503 0.0127742 -0.174969 
600.11 50.0019 14.1428 117.856 -1 -700 0.2 0.0546624 0.503 -0.0167309 0.147507 
600.11 50.0019 14.1428 117.856 -1 -700 0.2 0.0546624 0.503 -0.0171315 -0.0641918 
600.11 50.002 14.1428 117.856 -1 -700 0.2 0.0546624 0.503 -0.0129242 0.0592432 
600.11 50.0102 14.1424 117.853 -1 -700 0.2 0.0546624 0.503 0.145897 0.0291435 
600.11 50.0017 14.1428 117.857 -1 -700 0.2 0.0546624 0.503 -0.0208742 -0.0447101 
600.11 50.0033 14.1427 117.856 -1 -700 0.2 0.0546624 0.503 0.0181766 -0.122687 
600.11 50.0021 14.1428 117.857 -1 -700 0.2 0.0546624 0.503 -0.0126024 0.0108057 
600.11 50.0022 14.1428 117.856 -1 -700 0.2 0.0546624 0.503 -0.00799184 -0.105588 
600.11 50.0012 14.1428 117.857 -1 -700 0.2 0.0546624 0.503 -0.0342611 0.0777774 
600.11 49.9977 14.143 117.858 -1 -700 0.2 0.0546624 0.503 -0.127473 0.0367819 
600.11 50.0017 14.1428 117.857 -1 -700 0.2 0.0546624 0.503 -0.0225935 0.0299027 
600.11 50.0048 14.1427 117.855 -1 -700 0.2 0.0546624 0.503 0.0517913 0.00735649 
600.11 49.9988 14.1429 117.857 -1 -700 0.2 0.0546624 0.503 -0.0981626 -0.11135 
600.11 50.0022 14.1428 117.856 -1 -700 0.2 0.0546624 0.503 -0.00836277 -0.0615157 
600.11 50.001 14.1428 117.857 -1 -700 0.2 0.0546624 0.503 -0.0389559 -0.0259335 
600.11 50.0002 14.1428 117.857 -1 -700 0.2 0.0546624 0.503 -0.0597756 0.0180402 
600.11 50.0027 14.1427 117.856 -1 -700 0.2 0.0546624 0.503 0.00425532 0.0757 
600.11 50.0008 14.1428 117.857 -1 -700 0.2 0.0546624 0.503 -0.045716 -0.00463809 
