600.11 50.0027 14.1427 0 1 700 1 1.39979 0.503 0.00385045 0.0720956 
600.11 49.9982 14.1429 0 1 700 1 1.39979 0.503 -0.114217 0.0399331 
600.11 49.9995 14.1429 0 1 700 1 1.39979 0.503 -0.080207 -0.071281 
600.11 50.0055 14.1426 0 1 700 1 1.39979 0.503 0.0652459 -0.0673826 
600.11 50.0028 14.1427 0 1 700 1 1.39979 0.503 0.00457429 -0.0502648 
600.11 50.0045 14.1427 0 1 700 1 1.39979 0.503 0.0459607 -0.0729252 
600.11 50.002 14.1428 0 1 700 1 1.39979 0.503 -0.0141777 -0.0230458 
600.11 50.0026 14.1428 0 1 700 1 1.39979 0.503 0.00250125 -0.111129 
600.11 50.0024 14.1428 0 1 700 1 1.39979 0.503 -0.00456276 0.00477536 
600.11 50.001 14.1428 0 1 700 1 1.39979 0.503 -0.0408736 0.0210847 
600.11 50.0026 14.1428 0 1 700 1 1.39979 0.503 0.00309218 -0.136203 
600.11 50.0001 14.1429 0 1 700 1 1.39979 0.503 -0.0649295 -0.0293169 
600.11 49.9995 14.1429 0 1 700 1 1.39979 0.503 -0.0803832 0.0497969 
600.11 50.0068 14.1426 0 1 700 1 1.39979 0.503 0.0916739 -0.0694323 
600.11 50.0033 14.1427 0 1 700 1 1.39979 0.503 0.0186837 -0.025843 
600.11 50.0034 14.1427 0 1 700 1 1.39979 0.503 0.0188695 -0.0151331 
600.11 50.0032 14.1427 0 1 700 1 1.39979 0.503 0.0151543 -0.00264239 
600.11 50.0003 14.1428 0 1 700 1 1.39979 0.503 -0.0588633 0.0197873 
600.11 50.0056 14.1426 0 1 700 1 1.39979 0.503 0.0682513 0.00709483 
600.11 50.0001 14.1429 0 1 700 1 1.39979 0.503 -0.0637572 0.0597619 
600.11 50.0039 14.1427 0 1 700 1 1.39979 0.503 0.0317879 -0.0195046 
600.11 50.0005 14.1428 0 1 700 1 1.39979 0.503 -0.0542148 -0.0329308 
600.11 50.0001 14.1429 0 1 700 1 1.39979 0.503 -0.0630398 0.0694857 
600.11 49.9983 14.1429 0 1 700 1 1.39979 0.503 -0.112195 0.0215032 
600.11 50.0088 14.1425 0 1 700 1 1.39979 0.503 0.124014 -0.00307943 
600.11 50.0068 14.1426 0 1 700 1 1.39979 0.503 0.0905408 0.0986542 
600.11 50.0025 14.1428 0 1 700 1 1.39979 0.503 -0.000833662 0.00372802 
600.11 50.0061 14.1426 0 1 700 1 1.39979 0.503 0.0777923 -0.0882145 
600.11 50.0039 14.1427 0 1 700 1 1.39979 0.503 0.0320771 -0.0498049 
600.11 50.004 14.1427 0 1 700 1 1.39979 0.503 0.0347727 -0.0542341 
600.11 49.9986 14.1429 0 1 700 1 1.39979 0.503 -0.103806 -0.0245772 
600.11 50.0095 14.1425 0 1 700 1 1.39979 0.503 0.135225 -0.0615412 
600.11 50.0064 14.1426 0 1 700 1 1.39979 0.503 0.0827673 0.0830233 
600.11 50.0018 14.1428 0 1 700 1 1.39979 0.503 -0.0193268 0.0467651 
600.11 50.0031 14.1427 0 1 700 1 1.39979 0.503 0.013364 -0.0730742 
600.11 50.0023 14.1428 0 1 700 1 1.39979 0.503 -0.00591734 -0.028314 
600.11 49.9989 14.1429 0 1 700 1 1.39979 0.503 -0.0943029 0.0554976 
600.11 50.0016 14.1428 0 1 700 1 1.39979 0.503 -0.024127 -0.00435389 
600.11 50.0048 14.1427 0 1 700 1 1.39979 0.503 0.0508666 -0.0727063 
600.11 49.9981 14.1429 0 1 700 1 1.39979 0.503 -0.116767 -0.11321 
600.11 50.0017 14.1428 0 1 700 1 1.39979 0.503 -0.0208545 0.011193 
600.11 50.0012 14.1428 0 1 700 1 1.39979 0.503 -0.0349608 -0.0596581 
600.11 50.0005 14.1428 0 1 700 1 1.39979 0.503 -0.0521115 0.0832982 
600.11 50.0008 14.1428 0 1 700 1 1.39979 0.503 -0.0456212 0.179542 
600.11 50.0027 14.1427 0 1 700 1 1.39979 0.503 0.00383569 0.0544471 
600.11 50.0009 14.1428 0 1 700 1 1.39979 0.503 -0.0415703 0.0175081 
600.11 50.0009 14.1428 0 1 700 1 1.39979 0.503 -0.0421619 -0.0323623 
600.11 50.0024 14.1428 0 1 700 1 1.39979 0.503 -0.00319725 -0.0361805 
600.11 50.004 14.1427 0 1 700 1 1.39979 0.503 0.0326268 -0.0505535 
600.11 50.002 14.1428 0 1 700 1 1.39979 0.503 -0.0127676 -0.0449028 
600.11 50.0053 14.1426 0 1 700 1 1.39979 0.503 0.0623444 -0.0214633 
600.11 50.0012 14.1428 0 1 700 1 1.39979 0.503 -0.0355419 -0.100227 
600.11 50.0006 14.1428 0 1 700 1 1.39979 0.503 -0.0498124 -0.0427729 
600.11 50.004 14.1427 0 1 700 1 1.39979 0.503 0.0356937 -0.103623 
600.11 50.0004 14.1428 0 1 700 1 1.39979 0.503 -0.05619 -0.0587605 
600.11 50.0052 14.1426 0 1 700 1 1.39979 0.503 0.0620144 -0.119738 
600.11 49.9997 14.1429 0 1 700 1 1.39979 0.503 -0.0731118 0.146787 
600.11 50.0054 14.1426 0 1 700 1 1.39979 0.503 0.066328 0.141395 
600.11 50.0035 14.1427 0 1 700 1 1.39979 0.503 0.0230746 -0.0236455 
600.11 50.0007 14.1428 0 1 700 1 1.39979 0.503 -0.0481714 0.0287097 
600.11 49.9998 14.1429 0 1 700 1 1.39979 0.503 -0.0703332 -0.0911094 
600.11 50.0003 14.1428 0 1 700 1 1.39979 0.503 -0.0571902 0.0363312 
600.11 50.0048 14.1427 0 1 700 1 1.39979 0.503 0.0508653 0.0225363 
600.11 50.0013 14.1428 0 1 700 1 1.39979 0.503 -0.0313641 -0.108068 
600.11 50.0017 14.1428 0 1 700 1 1.39979 0.503 -0.0218046 -0.0741948 
600.11 50.0023 14.1428 0 1 700 1 1.39979 0.503 -0.00738841 0.00409404 
600.11 49.9995 14.1429 0 1 700 1 1.39979 0.503 -0.0781487 -0.0186304 
600.11 50.0135 14.1423 0 1 700 1 1.39979 0.503 0.188666 -0.0260076 
600.11 50.0073 14.1426 0 1 700 1 1.39979 0.503 0.0998489 -0.00454408 
600.11 50.0011 14.1428 0 1 700 1 1.39979 0.503 -0.0368561 0.116723 
600.11 50.0113 14.1424 0 1 700 1 1.39979 0.503 0.160549 0.0297912 
600.11 50.0003 14.1428 0 1 700 1 1.39979 0.503 -0.0591061 0.0592195 
600.11 50.0091 14.1425 0 1 700 1 1.39979 0.503 0.129532 -0.0383147 
600.11 50.0029 14.1427 0 1 700 1 1.39979 0.503 0.00920108 0.0519601 
600.11 50.0002 14.1428 0 1 700 1 1.39979 0.503 -0.0599763 0.126428 
600.11 49.9994 14.1429 0 1 700 1 1.39979 0.503 -0.0836131 -0.00435625 
600.11 50.0087 14.1425 0 1 700 1 1.39979 0.503 0.122338 -0.0508523 
600.11 50.0004 14.1428 0 1 700 1 1.39979 0.503 -0.0551232 -0.00446215 
600.11 50.0032 14.1427 0 1 700 1 1.39979 0.503 0.0152595 0.0305993 
600.11 50.004 14.1427 0 1 700 1 1.39979 0.503 0.0338629 0.00879986 
600.11 50.0035 14.1427 0 1 700 1 1.39979 0.503 0.0237864 0.140652 
600.11 50.0004 14.1428 0 1 700 1 1.39979 0.503 -0.0547039 0.00554902 
600.11 50.0007 14.1428 0 1 700 1 1.39979 0.503 -0.0469 0.0117023 
600.11 50.0008 14.1428 0 1 700 1 1.39979 0.503 -0.0440472 -0.00320368 
600.11 50 14.1429 0 1 700 1 1.39979 0.503 -0.0670802 0.0512126 
600.11 50.0014 14.1428 0 1 700 1 1.39979 0.503 -0.0291102 0.122134 
600.11 50.0018 14.1428 0 1 700 1 1.39979 0.503 -0.0183116 0.0470247 
600.11 50.0056 14.1426 0 1 700 1 1.39979 0.503 0.0678218 -0.0783696 
600.11 49.9982 14.1429 0 1 700 1 1.39979 0.503 -0.113285 -0.0791922 
600.11 50.0038 14.1427 0 1 700 1 1.39979 0.503 0.0304489 -0.0414457 
600.11 50.0027 14.1427 0 1 700 1 1.39979 0.503 0.00255027 0.0294224 
600.11 50.0011 14.1428 0 1 700 1 1.39979 0.503 -0.0367189 0.0783309 
600.11 50.0007 14.1428 0 1 700 1 1.39979 0.503 -0.0483182 0.0269884 
600.11 50.0018 14.1428 0 1 700 1 1.39979 0.503 -0.0201277 0.0767683 
600.11 49.9992 14.1429 0 1 700 1 1.39979 0.503 -0.0878559 -0.160778 
600.11 49.9992 14.1429 0 1 700 1 1.39979 0.503 -0.0881208 -0.0971677 
600.11 50.0002 14.1428 0 1 700 1 1.39979 0.503 -0.0599608 0.0594696 
600.11 50.0059 14.1426 0 1 700 1 1.39979 0.503 0.0744589 0.0522891 
600.11 50.0047 14.1427 0 1 700 1 1.39979 0.503 0.0485298 0.0735816 
600.11 50.0053 14.1426 0 1 700 1 1.39979 0.503 0.0618764 0.0628143 
600.11 49.9989 14.1429 0 1 700 1 1.39979 0.503 -0.0945174 0.0421789 
600.11 49.9991 14.1429 0 1 700 1 1.39979 0.503 -0.0900951 -0.0297487 
600.11 50.0022 14.1428 0 1 700 1 1.39979 0.503 -0.00968179 -0.0390127 
600.11 50.0016 14.1428 0 1 700 1 1.39979 0.503 -0.0242777 -0.0509946 
600.11 50.002 14.1428 0 1 700 1 1.39979 0.503 -0.0136842 0.0417449 
600.11 50.0019 14.1428 0 1 700 1 1.39979 0.503 -0.0173074 0.0218296 
600.11 49.9961 14.143 0 1 700 1 1.39979 0.503 -0.16675 -0.0347797 
600.11 50.0033 14.1427 0 1 700 1 1.39979 0.503 0.0191018 -0.0781733 
600.11 50.0036 14.1427 0 1 700 1 1.39979 0.503 0.0245178 0.0254775 
600.11 49.9986 14.1429 0 1 700 1 1.39979 0.503 -0.103045 0.0158967 
600.11 50.0036 14.1427 0 1 700 1 1.39979 0.503 0.0245758 0.0257427 
600.11 50.0026 14.1428 0 1 700 1 1.39979 0.503 0.00194145 0.0577047 
600.11 50.0045 14.1427 0 1 700 1 1.39979 0.503 0.0452688 0.0227558 
600.11 50.0048 14.1427 0 1 700 1 1.39979 0.503 0.0500405 0.0376893 
600.11 50.0073 14.1426 0 1 700 1 1.39979 0.503 0.0986397 0.0368872 
600.11 50.0052 14.1426 0 1 700 1 1.39979 0.503 0.0590072 0.0470326 
600.11 49.9978 14.1429 0 1 700 1 1.39979 0.503 -0.124428 -0.0684901 
600.11 50.0032 14.1427 0 1 700 1 1.39979 0.503 0.0153788 -0.0695127 
600.11 50.0021 14.1428 0 1 700 1 1.39979 0.503 -0.0123153 0.0181869 
600.11 50.0081 14.1425 0 1 700 1 1.39979 0.503 0.112432 0.0240238 
600.11 49.998 14.1429 0 1 700 1 1.39979 0.503 -0.117966 0.0229215 
600.11 50.0026 14.1428 0 1 700 1 1.39979 0.503 0.0028748 -0.132096 
600.11 50.007 14.1426 0 1 700 1 1.39979 0.503 0.0963197 0.104638 
600.11 50.0046 14.1427 0 1 700 1 1.39979 0.503 0.0475733 -0.0215497 
600.11 50.0071 14.1426 0 1 700 1 1.39979 0.503 0.0993614 0.167303 
600.11 50.0006 14.1428 0 1 700 1 1.39979 0.503 -0.0495757 0.0396687 
600.11 50.0025 14.1428 0 1 700 1 1.39979 0.503 -0.00297476 0.0217611 
600.11 50.004 14.1427 0 1 700 1 1.39979 0.503 0.0344978 -0.0376928 
600.11 50.0051 14.1427 0 1 700 1 1.39979 0.503 0.0576581 -0.0573634 
600.11 49.9991 14.1429 0 1 700 1 1.39979 0.503 -0.0902727 0.0267734 
600.11 50.0019 14.1428 0 1 700 1 1.39979 0.503 -0.0174593 -0.0588734 
600.11 50.0049 14.1427 0 1 700 1 1.39979 0.503 0.0524584 0.00726532 
600.11 50.0024 14.1428 0 1 700 1 1.39979 0.503 -0.00499781 -0.0045413 
600.11 49.998 14.1429 0 1 700 1 1.39979 0.503 -0.119711 0.0429169 
600.11 49.9996 14.1429 0 1 700 1 1.39979 0.503 -0.0773576 -0.00465723 
600.11 50.0024 14.1428 0 1 700 1 1.39979 0.503 -0.00422763 0.0272502 
600.11 50.0053 14.1426 0 1 700 1 1.39979 0.503 0.0605284 0.0231428 
600.11 50.0044 14.1427 0 1 700 1 1.39979 0.503 0.0430553 -0.0201598 
600.11 50.0001 14.1429 0 1 700 1 1.39979 0.503 -0.0643287 0.0835399 
600.11 50.0043 14.1427 0 1 700 1 1.39979 0.503 0.0405621 0.102459 
600.11 49.9979 14.1429 0 1 700 1 1.39979 0.503 -0.120846 -0.0319917 
600.11 49.9957 14.143 0 1 700 1 1.39979 0.503 -0.178511 0.12973 
600.11 50.0055 14.1426 0 1 700 1 1.39979 0.503 0.0651797 -0.0173162 
600.11 50.0036 14.1427 0 1 700 1 1.39979 0.503 0.0252653 0.0428014 
600.11 50.0014 14.1428 0 1 700 1 1.39979 0.503 -0.0291623 0.0286231 
600.11 50.0029 14.1427 0 1 700 1 1.39979 0.503 0.00921145 -0.0498071 
600.11 50.005 14.1427 0 1 700 1 1.39979 0.503 0.0560461 -0.0625848 
600.11 50.0007 14.1428 0 1 700 1 1.39979 0.503 -0.0466628 -0.0278982 
600.11 49.9995 14.1429 0 1 700 1 1.39979 0.503 -0.0785293 0.0269385 
600.11 50.0023 14.1428 0 1 700 1 1.39979 0.503 -0.00595661 0.0115919 
600.11 50.0012 14.1428 0 1 700 1 1.39979 0.503 -0.0338266 -0.00862785 
600.11 50.0026 14.1428 0 1 700 1 1.39979 0.503 0.00195397 -0.00783359 
600.11 50.0031 14.1427 0 1 700 1 1.39979 0.503 0.0131209 0.0839879 
600.11 50.0005 14.1428 0 1 700 1 1.39979 0.503 -0.0539209 -0.000335083 
600.11 50.0021 14.1428 0 1 700 1 1.39979 0.503 -0.0102442 0.0754429 
600.11 50.0052 14.1426 0 1 700 1 1.39979 0.503 0.0593216 -0.0618453 
600.11 50.0018 14.1428 0 1 700 1 1.39979 0.503 -0.0196865 0.0331277 
600.11 50.0025 14.1428 0 1 700 1 1.39979 0.503 -0.00199497 -0.098731 
600.11 50.0012 14.1428 0 1 700 1 1.39979 0.503 -0.0353035 -0.0547518 
600.11 50.0065 14.1426 0 1 700 1 1.39979 0.503 0.0857415 0.0482239 
600.11 49.9998 14.1429 0 1 700 1 1.39979 0.503 -0.0723943 -0.0149594 
600.11 50.0073 14.1426 0 1 700 1 1.39979 0.503 0.100619 0.104762 
600.11 50.0008 14.1428 0 1 700 1 1.39979 0.503 -0.0452686 0.0935221 
600.11 50.0051 14.1426 0 1 700 1 1.39979 0.503 0.0584898 -0.00311274 
600.11 50.0003 14.1428 0 1 700 1 1.39979 0.503 -0.0576538 -0.095412 
600.11 50.0039 14.1427 0 1 700 1 1.39979 0.503 0.0307207 -0.0279837 
600.11 50.001 14.1428 0 1 700 1 1.39979 0.503 -0.0395163 -0.00704413 
600.11 50.0036 14.1427 0 1 700 1 1.39979 0.503 0.0251504 0.0187748 
600.11 49.9994 14.1429 0 1 700 1 1.39979 0.503 -0.0811223 -0.0319786 
600.11 50.002 14.1428 0 1 700 1 1.39979 0.503 -0.0153237 0.00380597 
600.11 50.0033 14.1427 0 1 700 1 1.39979 0.503 0.0224824 0.249948 
600.11 50.0028 14.1427 0 1 700 1 1.39979 0.503 0.00679974 0.0717631 
600.11 50.0127 14.1423 0 1 700 1 1.39979 0.503 0.179355 0.0780124 
600.11 50.0018 14.1428 0 1 700 1 1.39979 0.503 -0.0179144 0.107502 
600.11 50.0041 14.1427 0 1 700 1 1.39979 0.503 0.0368299 0.0257871 
600.11 50.005 14.1427 0 1 700 1 1.39979 0.503 0.055641 0.0605307 
600.11 49.9995 14.1429 0 1 700 1 1.39979 0.503 -0.0806304 -0.0155845 
600.11 50.0024 14.1428 0 1 700 1 1.39979 0.503 -0.00337992 -0.0665483 
600.11 50.0059 14.1426 0 1 700 1 1.39979 0.503 0.0733253 -0.0355909 
600.11 50.0024 14.1428 0 1 700 1 1.39979 0.503 -0.004113 0.0227382 
600.11 50.0024 14.1428 0 1 700 1 1.39979 0.503 -0.00460941 0.0427332 
600.11 50.0018 14.1428 0 1 700 1 1.39979 0.503 -0.0201712 -0.062974 
600.11 50.0047 14.1427 0 1 700 1 1.39979 0.503 0.0488526 -0.0706835 
600.11 50.0017 14.1428 0 1 700 1 1.39979 0.503 -0.0200595 0.109579 
600.11 49.9993 14.1429 0 1 700 1 1.39979 0.503 -0.0837821 -0.00422702 
600.11 50.0037 14.1427 0 1 700 1 1.39979 0.503 0.0264183 -0.0315296 
600.11 49.9997 14.1429 0 1 700 1 1.39979 0.503 -0.074982 -0.0344441 
600.11 50.0024 14.1428 0 1 700 1 1.39979 0.503 -0.00446165 0.0359166 
600.11 49.9999 14.1429 0 1 700 1 1.39979 0.503 -0.0688895 -0.00494178 
600.11 50.008 14.1425 0 1 700 1 1.39979 0.503 0.111945 0.0453304 
600.11 50.0012 14.1428 0 1 700 1 1.39979 0.503 -0.0331681 0.125031 
600.11 50.0033 14.1427 0 1 700 1 1.39979 0.503 0.0174676 -0.0361421 
600.11 49.9989 14.1429 0 1 700 1 1.39979 0.503 -0.0947931 0.0599642 
600.11 50.0046 14.1427 0 1 700 1 1.39979 0.503 0.0479617 0.120105 
600.11 50.0005 14.1428 0 1 700 1 1.39979 0.503 -0.0528677 -0.00152069 
600.11 50.0113 14.1424 0 1 700 1 1.39979 0.503 0.160723 -0.039946 
600.11 50.0017 14.1428 0 1 700 1 1.39979 0.503 -0.0212674 0.0178185 
600.11 50.0088 14.1425 0 1 700 1 1.39979 0.503 0.124708 -0.0849515 
600.11 50.0064 14.1426 0 1 700 1 1.39979 0.503 0.0835923 0.0541287 
600.11 50.0032 14.1427 0 1 700 1 1.39979 0.503 0.0160646 0.102747 
600.11 49.9981 14.1429 0 1 700 1 1.39979 0.503 -0.116674 -0.0029225 
600.11 50.0045 14.1427 0 1 700 1 1.39979 0.503 0.0435039 0.0029564 
600.11 50.0054 14.1426 0 1 700 1 1.39979 0.503 0.0642224 0.0411871 
600.11 50.0065 14.1426 0 1 700 1 1.39979 0.503 0.0862549 -0.0861891 
600.11 50.004 14.1427 0 1 700 1 1.39979 0.503 0.033859 -0.00741251 
600.11 50.0072 14.1426 0 1 700 1 1.39979 0.503 0.0972049 -0.0668085 
600.11 49.9958 14.143 0 1 700 1 1.39979 0.503 -0.174285 0.0966 
600.11 50.0024 14.1428 0 1 700 1 1.39979 0.503 -0.00416157 0.0622843 
600.11 50.0016 14.1428 0 1 700 1 1.39979 0.503 -0.0239044 0.090668 
600.11 50.0026 14.1428 0 1 700 1 1.39979 0.503 0.00190523 0.127219 
600.11 50.0043 14.1427 0 1 700 1 1.39979 0.503 0.0410179 -0.0997672 
600.11 50.0081 14.1425 0 1 700 1 1.39979 0.503 0.113332 0.0354601 
600.11 50.0049 14.1427 0 1 700 1 1.39979 0.503 0.0557829 -0.148444 
600.11 49.9999 14.1429 0 1 700 1 1.39979 0.503 -0.0689774 -0.0407753 
600.11 50.0007 14.1428 0 1 700 1 1.39979 0.503 -0.0476501 -0.0112197 
600.11 50 14.1429 0 1 700 1 1.39979 0.503 -0.0675594 -0.10311 
600.11 50.0029 14.1427 0 1 700 1 1.39979 0.503 0.00910834 -0.0318622 
600.11 49.998 14.1429 0 1 700 1 1.39979 0.503 -0.119817 0.00927019 
600.11 50.0031 14.1427 0 1 700 1 1.39979 0.503 0.0133554 -0.0163745 
600.11 50.0055 14.1426 0 1 700 1 1.39979 0.503 0.0661135 -0.0594359 
600.11 50.0081 14.1425 0 1 700 1 1.39979 0.503 0.112755 -0.0220359 
600.11 50.0007 14.1428 0 1 700 1 1.39979 0.503 -0.0470988 -0.0770617 
600.11 50.0039 14.1427 0 1 700 1 1.39979 0.503 0.032075 -0.0776368 
600.11 50.0071 14.1426 0 1 700 1 1.39979 0.503 0.0956259 0.034162 
600.11 49.9991 14.1429 0 1 700 1 1.39979 0.503 -0.0907152 -0.0273879 
600.11 50.0018 14.1428 0 1 700 1 1.39979 0.503 -0.0193243 0.0476532 
600.11 50.0039 14.1427 0 1 700 1 1.39979 0.503 0.0316693 -0.00714848 
600.11 50.0028 14.1427 0 1 700 1 1.39979 0.503 0.00716298 0.165814 
600.11 50.0045 14.1427 0 1 700 1 1.39979 0.503 0.0458767 -0.0520172 
600.11 50.0021 14.1428 0 1 700 1 1.39979 0.503 -0.0119132 0.0291011 
600.11 50.0049 14.1427 0 1 700 1 1.39979 0.503 0.0521343 0.0335672 
600.11 49.9986 14.1429 0 1 700 1 1.39979 0.503 -0.104111 -0.0689682 
600.11 49.9988 14.1429 0 1 700 1 1.39979 0.503 -0.097236 -0.0531951 
600.11 50.002 14.1428 0 1 700 1 1.39979 0.503 -0.0148382 0.0678799 
600.11 50.0021 14.1428 0 1 700 1 1.39979 0.503 -0.0114358 -0.0202297 
600.11 50.0038 14.1427 0 1 700 1 1.39979 0.503 0.0294767 -0.0421179 
600.11 50.0025 14.1428 0 1 700 1 1.39979 0.503 -0.00108198 -0.0516051 
600.11 49.999 14.1429 0 1 700 1 1.39979 0.503 -0.0930415 0.0902139 
600.11 50.0019 14.1428 0 1 700 1 1.39979 0.503 -0.016216 0.0584551 
600.11 50.0034 14.1427 0 1 700 1 1.39979 0.503 0.0196953 0.0838729 
600.11 49.9994 14.1429 0 1 700 1 1.39979 0.503 -0.0827703 -0.0390064 
600.11 50.003 14.1427 0 1 700 1 1.39979 0.503 0.00993236 0.0696931 
600.11 50.0039 14.1427 0 1 700 1 1.39979 0.503 0.0327599 -0.147436 
600.11 50.0056 14.1426 0 1 700 1 1.39979 0.503 0.0671081 0.0655271 
600.11 50.0074 14.1426 0 1 700 1 1.39979 0.503 0.101898 -0.0945938 
600.11 50.0022 14.1428 0 1 700 1 1.39979 0.503 -0.0094096 0.0307699 
600.11 50.001 14.1428 0 1 700 1 1.39979 0.503 -0.0383698 0.076637 
600.11 50.0032 14.1427 0 1 700 1 1.39979 0.503 0.0149999 -0.070329 
600.11 49.9999 14.1429 0 1 700 1 1.39979 0.503 -0.0685945 0.118094 
600.11 50.0053 14.1426 0 1 700 1 1.39979 0.503 0.0640154 -0.131697 
600.11 50.0014 14.1428 0 1 700 1 1.39979 0.503 -0.0302743 0.0194315 
600.11 50.0057 14.1426 0 1 700 1 1.39979 0.503 0.0684843 0.0261617 
600.11 50.0016 14.1428 0 1 700 1 1.39979 0.503 -0.024275 0.043581 
600.11 49.999 14.1429 0 1 700 1 1.39979 0.503 -0.0940514 -0.076916 
600.11 50.0017 14.1428 0 1 700 1 1.39979 0.503 -0.0229157 -0.0464584 
600.11 50.002 14.1428 0 1 700 1 1.39979 0.503 -0.0140176 -0.0798665 
600.11 50.0005 14.1428 0 1 700 1 1.39979 0.503 -0.0518455 -0.0370715 
600.11 50.0038 14.1427 0 1 700 1 1.39979 0.503 0.0291077 -0.0157592 
600.11 49.9991 14.1429 0 1 700 1 1.39979 0.503 -0.0911818 -0.0588457 
600.11 50.004 14.1427 0 1 700 1 1.39979 0.503 0.0345891 -0.0605687 
600.11 50.0003 14.1428 0 1 700 1 1.39979 0.503 -0.0575307 -0.118103 
600.11 50.0017 14.1428 0 1 700 1 1.39979 0.503 -0.0221548 -0.0868665 
600.11 50.003 14.1427 0 1 700 1 1.39979 0.503 0.011134 -0.0676451 
600.11 50.0017 14.1428 0 1 700 1 1.39979 0.503 -0.020607 0.056941 
600.11 50.0012 14.1428 0 1 700 1 1.39979 0.503 -0.035929 0.0688441 
600.11 50.0006 14.1428 0 1 700 1 1.39979 0.503 -0.0492338 -0.0611129 
600.11 50.0057 14.1426 0 1 700 1 1.39979 0.503 0.0695841 -0.01541 
600.11 50.0046 14.1427 0 1 700 1 1.39979 0.503 0.0464656 0.0496548 
600.11 49.9983 14.1429 0 1 700 1 1.39979 0.503 -0.112071 0.0735994 
600.11 50.0019 14.1428 0 1 700 1 1.39979 0.503 -0.0153104 0.00417014 
600.11 50.0014 14.1428 0 1 700 1 1.39979 0.503 -0.0305931 -0.0461669 
600.11 50.0015 14.1428 0 1 700 1 1.39979 0.503 -0.0261068 -0.0472649 
600.11 50.0059 14.1426 0 1 700 1 1.39979 0.503 0.073718 -0.00308225 
600.11 50.0033 14.1427 0 1 700 1 1.39979 0.503 0.0184075 -0.0871961 
600.11 50.0045 14.1427 0 1 700 1 1.39979 0.503 0.045901 0.081891 
600.11 50.0048 14.1427 0 1 700 1 1.39979 0.503 0.0521412 -0.0638026 
600.11 50.0093 14.1425 0 1 700 1 1.39979 0.503 0.132414 -0.08142 
600.11 50.0008 14.1428 0 1 700 1 1.39979 0.503 -0.0444056 0.0382319 
600.11 50.0053 14.1426 0 1 700 1 1.39979 0.503 0.0609029 0.0193215 
600.11 50.005 14.1427 0 1 700 1 1.39979 0.503 0.0552556 0.0210639 
600.11 50.0017 14.1428 0 1 700 1 1.39979 0.503 -0.0213354 -0.0349606 
600.11 50.0075 14.1426 0 1 700 1 1.39979 0.503 0.102469 -0.0125832 
600.11 50.0007 14.1428 0 1 700 1 1.39979 0.503 -0.0471291 0.0383747 
600.11 50.004 14.1427 0 1 700 1 1.39979 0.503 0.032632 0.0428258 
600.11 50.0015 14.1428 0 1 700 1 1.39979 0.503 -0.026191 -0.0911888 
600.11 50.0014 14.1428 0 1 700 1 1.39979 0.503 -0.0303372 0.0328916 
600.11 50.0028 14.1427 0 1 700 1 1.39979 0.503 0.00628399 0.121628 
600.11 50.006 14.1426 0 1 700 1 1.39979 0.503 0.0765603 0.127786 
600.11 50.0094 14.1425 0 1 700 1 1.39979 0.503 0.133935 0.0729824 
600.11 50.0085 14.1425 0 1 700 1 1.39979 0.503 0.121616 -0.141117 
600.11 50.0091 14.1425 0 1 700 1 1.39979 0.503 0.130711 -0.124359 
600.11 50.0042 14.1427 0 1 700 1 1.39979 0.503 0.0388317 -0.0649043 
600.11 50.0013 14.1428 0 1 700 1 1.39979 0.503 -0.031786 0.0410696 
600.11 50.0067 14.1426 0 1 700 1 1.39979 0.503 0.0885781 -0.0173119 
600.11 50.0012 14.1428 0 1 700 1 1.39979 0.503 -0.0340091 0.00228919 
600.11 50.0075 14.1426 0 1 700 1 1.39979 0.503 0.102679 0.0073657 
600.11 50.0022 14.1428 0 1 700 1 1.39979 0.503 -0.00863437 0.160035 
600.11 50.0015 14.1428 0 1 700 1 1.39979 0.503 -0.0261359 -0.0779468 
600.11 50.0033 14.1427 0 1 700 1 1.39979 0.503 0.0175307 -0.0261067 
600.11 50.0042 14.1427 0 1 700 1 1.39979 0.503 0.0390294 -0.0465808 
600.11 49.9975 14.143 0 1 700 1 1.39979 0.503 -0.130974 0.0187151 
600.11 50.0039 14.1427 0 1 700 1 1.39979 0.503 0.0307922 0.0559318 
600.11 50.0041 14.1427 0 1 700 1 1.39979 0.503 0.0350132 -0.0264743 
600.11 50.0012 14.1428 0 1 700 1 1.39979 0.503 -0.0341197 0.0461165 
600.11 49.9998 14.1429 0 1 700 1 1.39979 0.503 -0.0723248 -0.111641 
600.11 50.0051 14.1427 0 1 700 1 1.39979 0.503 0.0577844 0.0527965 
600.11 50.0054 14.1426 0 1 700 1 1.39979 0.503 0.0636814 0.0637331 
600.11 50.002 14.1428 0 1 700 1 1.39979 0.503 -0.0127146 0.0746168 
600.11 50.0008 14.1428 0 1 700 1 1.39979 0.503 -0.0452055 0.0145886 
600.11 50.0033 14.1427 0 1 700 1 1.39979 0.503 0.0167453 -0.0130174 
600.11 50.0026 14.1428 0 1 700 1 1.39979 0.503 0.00202264 0.0222054 
600.11 50.0049 14.1427 0 1 700 1 1.39979 0.503 0.0525607 -0.03252 
600.11 50.0044 14.1427 0 1 700 1 1.39979 0.503 0.0420394 0.0180182 
600.11 50.0025 14.1428 0 1 700 1 1.39979 0.503 -0.00189793 0.0537616 
600.11 50.0072 14.1426 0 1 700 1 1.39979 0.503 0.100171 -0.129017 
600.11 50.0113 14.1424 0 1 700 1 1.39979 0.503 0.16076 -0.0452406 
600.11 50.0012 14.1428 0 1 700 1 1.39979 0.503 -0.0332609 -0.0221172 
600.11 50.0073 14.1426 0 1 700 1 1.39979 0.503 0.0990376 -0.0413609 
600.11 50.0028 14.1427 0 1 700 1 1.39979 0.503 0.004572 -0.0562224 
600.11 49.9991 14.1429 0 1 700 1 1.39979 0.503 -0.09103 0.0992784 
600.11 50.0056 14.1426 0 1 700 1 1.39979 0.503 0.0666337 -0.0130034 
600.11 50.0007 14.1428 0 1 700 1 1.39979 0.503 -0.0465351 0.0287939 
600.11 50.0015 14.1428 0 1 700 1 1.39979 0.503 -0.0260701 0.049543 
600.11 50.0039 14.1427 0 1 700 1 1.39979 0.503 0.0305421 -0.011087 
600.11 50.0011 14.1428 0 1 700 1 1.39979 0.503 -0.0377262 0.0452834 
600.11 50.0024 14.1428 0 1 700 1 1.39979 0.503 -0.0049019 -0.01031 
600.11 49.9992 14.1429 0 1 700 1 1.39979 0.503 -0.0883483 -0.0605389 
600.11 50.0031 14.1427 0 1 700 1 1.39979 0.503 0.0127776 0.0735127 
600.11 50.0027 14.1427 0 1 700 1 1.39979 0.503 0.0032459 -0.0988796 
600.11 50.0044 14.1427 0 1 700 1 1.39979 0.503 0.0429903 0.0210322 
600.11 50.0023 14.1428 0 1 700 1 1.39979 0.503 -0.00682338 -0.0250898 
600.11 50.0001 14.1429 0 1 700 1 1.39979 0.503 -0.0634491 -0.0626581 
600.11 50.0023 14.1428 0 1 700 1 1.39979 0.503 -0.00568801 -0.0362724 
600.11 50.004 14.1427 0 1 700 1 1.39979 0.503 0.0350842 -0.0740391 
600.11 50.0008 14.1428 0 1 700 1 1.39979 0.503 -0.0447466 -0.0337462 
600.11 50.0057 14.1426 0 1 700 1 1.39979 0.503 0.0692704 0.0333581 
600.11 50.0022 14.1428 0 1 700 1 1.39979 0.503 -0.00980631 0.00473764 
600.11 50.0037 14.1427 0 1 700 1 1.39979 0.503 0.0274165 -0.0874035 
600.11 50.0021 14.1428 0 1 700 1 1.39979 0.503 -0.010781 -0.0179063 
600.11 50 14.1429 0 1 700 1 1.39979 0.503 -0.0649053 0.0507179 
600.11 50.0028 14.1427 0 1 700 1 1.39979 0.503 0.00474143 -0.0356501 
600.11 50.0038 14.1427 0 1 700 1 1.39979 0.503 0.0304001 -0.149401 
600.11 50.0014 14.1428 0 1 700 1 1.39979 0.503 -0.0301143 0.0293691 
600.11 50.0066 14.1426 0 1 700 1 1.39979 0.503 0.0864346 -0.028733 
600.11 50.0012 14.1428 0 1 700 1 1.39979 0.503 -0.0331923 0.0297667 
600.11 50.0042 14.1427 0 1 700 1 1.39979 0.503 0.037192 -0.0505272 
600.11 50.0038 14.1427 0 1 700 1 1.39979 0.503 0.0295621 0.0245391 
600.11 50.005 14.1427 0 1 700 1 1.39979 0.503 0.0553853 0.061069 
600.11 50.0072 14.1426 0 1 700 1 1.39979 0.503 0.100332 0.149978 
600.11 50.0021 14.1428 0 1 700 1 1.39979 0.503 -0.0109538 0.0149695 
600.11 50.0023 14.1428 0 1 700 1 1.39979 0.503 -0.00634927 0.0089794 
600.11 50.0033 14.1427 0 1 700 1 1.39979 0.503 0.0171792 0.0767977 
600.11 50.0031 14.1427 0 1 700 1 1.39979 0.503 0.0129303 -0.0466692 
600.11 50.0022 14.1428 0 1 700 1 1.39979 0.503 -0.00814187 -0.0964313 
600.11 50.0098 14.1425 0 1 700 1 1.39979 0.503 0.139256 0.0323545 
600.11 49.999 14.1429 0 1 700 1 1.39979 0.503 -0.0936415 -0.0218061 
600.11 50.0036 14.1427 0 1 700 1 1.39979 0.503 0.0240545 0.0158867 
600.11 50.0002 14.1429 0 1 700 1 1.39979 0.503 -0.0617392 0.177293 
600.11 50.0054 14.1426 0 1 700 1 1.39979 0.503 0.0632633 -0.040361 
600.11 50.0005 14.1428 0 1 700 1 1.39979 0.503 -0.0521487 -0.0200485 
600.11 50.0005 14.1428 0 1 700 1 1.39979 0.503 -0.0517965 -0.050482 
600.11 50.0015 14.1428 0 1 700 1 1.39979 0.503 -0.0272607 0.0515225 
600.11 50.0053 14.1426 0 1 700 1 1.39979 0.503 0.0640222 0.177236 
600.11 50.0075 14.1426 0 1 700 1 1.39979 0.503 0.10394 0.0849072 
600.11 50.0046 14.1427 0 1 700 1 1.39979 0.503 0.0482298 -0.0557165 
600.11 50.0034 14.1427 0 1 700 1 1.39979 0.503 0.0191046 0.00531257 
600.11 49.9995 14.1429 0 1 700 1 1.39979 0.503 -0.0781523 -0.0364556 
600.11 50.0055 14.1426 0 1 700 1 1.39979 0.503 0.067482 -0.0861473 
600.11 50.002 14.1428 0 1 700 1 1.39979 0.503 -0.0133668 -0.0216649 
600.11 50.0012 14.1428 0 1 700 1 1.39979 0.503 -0.0351401 0.0716616 
600.11 50.0044 14.1427 0 1 700 1 1.39979 0.503 0.0426696 -0.0842335 
600.11 50.0083 14.1425 0 1 700 1 1.39979 0.503 0.116234 -0.0575174 
600.11 50.0082 14.1425 0 1 700 1 1.39979 0.503 0.117201 -0.126956 
600.11 50.0064 14.1426 0 1 700 1 1.39979 0.503 0.08524 0.110226 
600.11 49.9983 14.1429 0 1 700 1 1.39979 0.503 -0.110414 -0.00483401 
600.11 50.0028 14.1427 0 1 700 1 1.39979 0.503 0.00689082 0.0258228 
600.11 50.0028 14.1427 0 1 700 1 1.39979 0.503 0.00690695 -0.112426 
600.11 50.001 14.1428 0 1 700 1 1.39979 0.503 -0.0398496 -0.0135031 
600.11 50.0041 14.1427 0 1 700 1 1.39979 0.503 0.0361655 0.0318399 
600.11 50.0002 14.1428 0 1 700 1 1.39979 0.503 -0.0605877 -0.0316102 
600.11 50.0007 14.1428 0 1 700 1 1.39979 0.503 -0.0471053 0.00146217 
600.11 50.0053 14.1426 0 1 700 1 1.39979 0.503 0.0612709 0.0527293 
600.11 50.001 14.1428 0 1 700 1 1.39979 0.503 -0.0403331 0.0854387 
600.11 50.0045 14.1427 0 1 700 1 1.39979 0.503 0.0457167 -0.0207018 
600.11 50.0044 14.1427 0 1 700 1 1.39979 0.503 0.0416766 0.0433051 
600.11 50.0022 14.1428 0 1 700 1 1.39979 0.503 -0.00932914 0.0564201 
600.11 50.0086 14.1425 0 1 700 1 1.39979 0.503 0.122139 0.0579614 
600.11 50.0002 14.1428 0 1 700 1 1.39979 0.503 -0.0606329 0.00334926 
600.11 50.0035 14.1427 0 1 700 1 1.39979 0.503 0.0226625 0.0073726 
600.11 50.0039 14.1427 0 1 700 1 1.39979 0.503 0.0319998 0.0523389 
600.11 50.0082 14.1425 0 1 700 1 1.39979 0.503 0.116078 0.101343 
600.11 50.0046 14.1427 0 1 700 1 1.39979 0.503 0.049391 0.138447 
600.11 50.0041 14.1427 0 1 700 1 1.39979 0.503 0.0361816 0.0783229 
600.11 50.0009 14.1428 0 1 700 1 1.39979 0.503 -0.0425735 -0.049146 
600.11 50.0025 14.1428 0 1 700 1 1.39979 0.503 -0.00277006 -0.0200088 
600.11 50.0048 14.1427 0 1 700 1 1.39979 0.503 0.0505799 -0.0207203 
600.11 50.0053 14.1426 0 1 700 1 1.39979 0.503 0.0614233 -0.028554 
600.11 49.9972 14.143 0 1 700 1 1.39979 0.503 -0.139038 -0.0760509 
600.11 49.9997 14.1429 0 1 700 1 1.39979 0.503 -0.0751588 0.0639338 
600.11 50.0035 14.1427 0 1 700 1 1.39979 0.503 0.0228384 -0.135999 
600.11 50.0046 14.1427 0 1 700 1 1.39979 0.503 0.0481371 0.0650723 
600.11 50.0039 14.1427 0 1 700 1 1.39979 0.503 0.0323392 -0.0776093 
600.11 50.0032 14.1427 0 1 700 1 1.39979 0.503 0.0163073 0.0812429 
600.11 50.0011 14.1428 0 1 700 1 1.39979 0.503 -0.037804 -0.0095711 
600.11 50.0047 14.1427 0 1 700 1 1.39979 0.503 0.051788 0.168711 
600.11 50.0025 14.1428 0 1 700 1 1.39979 0.503 -0.000437057 0.109239 
600.11 50.0052 14.1426 0 1 700 1 1.39979 0.503 0.0602367 0.0869328 
600.11 50.0037 14.1427 0 1 700 1 1.39979 0.503 0.0268985 -0.0616633 
600.11 49.9964 14.143 0 1 700 1 1.39979 0.503 -0.161401 0.111562 
600.11 50.0106 14.1424 0 1 700 1 1.39979 0.503 0.151713 0.0465893 
600.11 50.0031 14.1427 0 1 700 1 1.39979 0.503 0.013795 0.0998678 
600.11 50.0042 14.1427 0 1 700 1 1.39979 0.503 0.0395894 0.114219 
600.11 50.0086 14.1425 0 1 700 1 1.39979 0.503 0.12192 -0.0232832 
600.11 50.0018 14.1428 0 1 700 1 1.39979 0.503 -0.0188654 0.184453 
600.11 50.0001 14.1429 0 1 700 1 1.39979 0.503 -0.0634753 -0.0242415 
600.11 50.0018 14.1428 0 1 700 1 1.39979 0.503 -0.0196833 0.0855005 
600.11 50.0053 14.1426 0 1 700 1 1.39979 0.503 0.0610758 0.0444392 
600.11 49.9996 14.1429 0 1 700 1 1.39979 0.503 -0.0774 0.00701061 
600.11 50.006 14.1426 0 1 700 1 1.39979 0.503 0.0761509 -0.0816904 
600.11 50.0016 14.1428 0 1 700 1 1.39979 0.503 -0.0235895 -0.0206047 
600.11 50.0006 14.1428 0 1 700 1 1.39979 0.503 -0.0500162 0.0351945 
600.11 50.0051 14.1427 0 1 700 1 1.39979 0.503 0.0571368 -0.0126265 
600.11 50.0052 14.1426 0 1 700 1 1.39979 0.503 0.0610799 -0.0748202 
600.11 50.004 14.1427 0 1 700 1 1.39979 0.503 0.0349309 -0.0489951 
600.11 50.0024 14.1428 0 1 700 1 1.39979 0.503 -0.00518933 -0.0394478 
600.11 50.0017 14.1428 0 1 700 1 1.39979 0.503 -0.022728 0.0188644 
600.11 50.0027 14.1427 0 1 700 1 1.39979 0.503 0.00381946 -0.0405629 
600.11 50.0053 14.1426 0 1 700 1 1.39979 0.503 0.0628359 -0.109318 
600.11 50.0041 14.1427 0 1 700 1 1.39979 0.503 0.0360969 -0.074622 
600.11 49.9988 14.1429 0 1 700 1 1.39979 0.503 -0.0995264 -0.0121053 
600.11 50.0009 14.1428 0 1 700 1 1.39979 0.503 -0.043386 0.00462247 
600.11 49.9998 14.1429 0 1 700 1 1.39979 0.503 -0.072026 -0.0671055 
600.11 50.0023 14.1428 0 1 700 1 1.39979 0.503 -0.0069957 -0.0552941 
600.11 50.0016 14.1428 0 1 700 1 1.39979 0.503 -0.024013 0.0913826 
600.11 50.0032 14.1427 0 1 700 1 1.39979 0.503 0.0155195 0.0475272 
600.11 49.9966 14.143 0 1 700 1 1.39979 0.503 -0.155486 0.123727 
600.11 50.0014 14.1428 0 1 700 1 1.39979 0.503 -0.0298848 0.064247 
600.11 50.0029 14.1427 0 1 700 1 1.39979 0.503 0.00875712 -0.0856148 
600.11 50.0047 14.1427 0 1 700 1 1.39979 0.503 0.0487852 0.0435454 
600.11 50.0007 14.1428 0 1 700 1 1.39979 0.503 -0.0476886 0.0248101 
600.11 50.0014 14.1428 0 1 700 1 1.39979 0.503 -0.0297333 -0.0771934 
600.11 50.0007 14.1428 0 1 700 1 1.39979 0.503 -0.0461562 0.0977312 
600.11 50.0002 14.1428 0 1 700 1 1.39979 0.503 -0.0599858 0.110738 
600.11 50.0027 14.1427 0 1 700 1 1.39979 0.503 0.00309109 -0.0323143 
600.11 50.004 14.1427 0 1 700 1 1.39979 0.503 0.0347607 0.0566016 
600.11 50.0013 14.1428 0 1 700 1 1.39979 0.503 -0.031085 -0.14877 
600.11 50.0042 14.1427 0 1 700 1 1.39979 0.503 0.0414911 -0.160272 
600.11 50.004 14.1427 0 1 700 1 1.39979 0.503 0.0331934 -0.0382336 
600.11 50.0007 14.1428 0 1 700 1 1.39979 0.503 -0.0487403 0.00597715 
600.11 50.005 14.1427 0 1 700 1 1.39979 0.503 0.0568379 -0.110706 
600.11 50.0009 14.1428 0 1 700 1 1.39979 0.503 -0.0414368 -0.000359067 
600.11 50.0005 14.1428 0 1 700 1 1.39979 0.503 -0.0528589 0.0238971 
600.11 50.0017 14.1428 0 1 700 1 1.39979 0.503 -0.0225183 0.0138529 
600.11 50.0005 14.1428 0 1 700 1 1.39979 0.503 -0.0528474 -0.128972 
600.11 50.0013 14.1428 0 1 700 1 1.39979 0.503 -0.0327232 -0.0965688 
600.11 50.0006 14.1428 0 1 700 1 1.39979 0.503 -0.0511441 0.0149087 
600.11 50.0026 14.1428 0 1 700 1 1.39979 0.503 0.00160781 -0.0674192 
600.11 50.0002 14.1429 0 1 700 1 1.39979 0.503 -0.0614621 -0.0600178 
600.11 50.001 14.1428 0 1 700 1 1.39979 0.503 -0.038948 0.0357144 
600.11 50.0019 14.1428 0 1 700 1 1.39979 0.503 -0.0158847 -0.0293878 
600.11 49.996 14.143 0 1 700 1 1.39979 0.503 -0.168553 -0.00232096 
600.11 50.0077 14.1425 0 1 700 1 1.39979 0.503 0.107002 0.0563762 
600.11 50.0019 14.1428 0 1 700 1 1.39979 0.503 -0.0162096 0.067236 
600.11 50.006 14.1426 0 1 700 1 1.39979 0.503 0.0779278 0.11111 
600.11 50.0002 14.1429 0 1 700 1 1.39979 0.503 -0.0619837 0.0663442 
600.11 50.0038 14.1427 0 1 700 1 1.39979 0.503 0.0301508 0.0327422 
600.11 50.0029 14.1427 0 1 700 1 1.39979 0.503 0.00848672 0.116112 
600.11 50.0016 14.1428 0 1 700 1 1.39979 0.503 -0.0242528 0.0466356 
600.11 50.0046 14.1427 0 1 700 1 1.39979 0.503 0.0465688 -0.0724436 
600.11 50 14.1429 0 1 700 1 1.39979 0.503 -0.0661869 -0.0736052 
600.11 50.0081 14.1425 0 1 700 1 1.39979 0.503 0.113012 -0.0552367 
600.11 50.0002 14.1429 0 1 700 1 1.39979 0.503 -0.0615925 -0.0459948 
600.11 50.009 14.1425 0 1 700 1 1.39979 0.503 0.126736 0.00175652 
600.11 50.0043 14.1427 0 1 700 1 1.39979 0.503 0.0393591 0.020932 
600.11 50.0023 14.1428 0 1 700 1 1.39979 0.503 -0.00665362 0.0172297 
600.11 50.0046 14.1427 0 1 700 1 1.39979 0.503 0.0473421 0.00911728 
600.11 50.0018 14.1428 0 1 700 1 1.39979 0.503 -0.0187299 0.0310109 
600.11 49.9971 14.143 0 1 700 1 1.39979 0.503 -0.141593 0.0618549 
600.11 49.9984 14.1429 0 1 700 1 1.39979 0.503 -0.108569 0.084005 
600.11 50.0057 14.1426 0 1 700 1 1.39979 0.503 0.0700583 0.0146165 
600.11 50.0055 14.1426 0 1 700 1 1.39979 0.503 0.0657519 -0.0166199 
600.11 50.0071 14.1426 0 1 700 1 1.39979 0.503 0.0966358 0.0296854 
600.11 50.0058 14.1426 0 1 700 1 1.39979 0.503 0.0715238 -0.0372491 
600.11 50.0003 14.1428 0 1 700 1 1.39979 0.503 -0.0586419 0.0583978 
600.11 50.007 14.1426 0 1 700 1 1.39979 0.503 0.0942088 0.00877173 
600.11 49.9976 14.143 0 1 700 1 1.39979 0.503 -0.12982 0.0124862 
600.11 50.001 14.1428 0 1 700 1 1.39979 0.503 -0.0392374 -0.0438651 
600.11 50.0006 14.1428 0 1 700 1 1.39979 0.503 -0.050038 -0.0312206 
600.11 50 14.1429 0 1 700 1 1.39979 0.503 -0.0662983 -0.121218 
600.11 50.0008 14.1428 0 1 700 1 1.39979 0.503 -0.0459426 0.0176545 
600.11 50.0041 14.1427 0 1 700 1 1.39979 0.503 0.0360382 -0.0262986 
600.11 50.0014 14.1428 0 1 700 1 1.39979 0.503 -0.0286648 0.098915 
600.11 50 14.1429 0 1 700 1 1.39979 0.503 -0.065008 -0.0104537 
600.11 50.0015 14.1428 0 1 700 1 1.39979 0.503 -0.0267811 0.0011157 
600.11 50.0021 14.1428 0 1 700 1 1.39979 0.503 -0.0119082 -0.1079 
600.11 50.0043 14.1427 0 1 700 1 1.39979 0.503 0.040502 -0.0378449 
600.11 50.0047 14.1427 0 1 700 1 1.39979 0.503 0.0482849 -0.0344256 
600.11 50.0015 14.1428 0 1 700 1 1.39979 0.503 -0.0261378 0.0346187 
600.11 50.0004 14.1428 0 1 700 1 1.39979 0.503 -0.0546643 0.0656175 
600.11 50.0018 14.1428 0 1 700 1 1.39979 0.503 -0.0188829 -0.0290975 
600.11 50.0006 14.1428 0 1 700 1 1.39979 0.503 -0.0514507 0.0120823 
600.11 50.0095 14.1425 0 1 700 1 1.39979 0.503 0.135626 0.0750606 
600.11 50.0044 14.1427 0 1 700 1 1.39979 0.503 0.0438797 0.142661 
600.11 50.0129 14.1423 0 1 700 1 1.39979 0.503 0.181714 -0.0328548 
600.11 50.0021 14.1428 0 1 700 1 1.39979 0.503 -0.0103647 -0.0587397 
600.11 50.0015 14.1428 0 1 700 1 1.39979 0.503 -0.0277069 0.0612337 
600.11 50.0042 14.1427 0 1 700 1 1.39979 0.503 0.0394695 -0.075627 
600.11 50.0006 14.1428 0 1 700 1 1.39979 0.503 -0.0504653 0.0481401 
600.11 50.0047 14.1427 0 1 700 1 1.39979 0.503 0.0492194 0.0177234 
600.11 50.0024 14.1428 0 1 700 1 1.39979 0.503 -0.0028426 -0.0534945 
600.11 50.0032 14.1427 0 1 700 1 1.39979 0.503 0.0151748 -0.0321553 
600.11 50.0043 14.1427 0 1 700 1 1.39979 0.503 0.042566 0.116824 
600.11 50.0064 14.1426 0 1 700 1 1.39979 0.503 0.0828684 0.0860121 
600.11 50.0019 14.1428 0 1 700 1 1.39979 0.503 -0.0164531 -0.0935686 
600.11 49.9998 14.1429 0 1 700 1 1.39979 0.503 -0.0709646 0.0193466 
600.11 50.0013 14.1428 0 1 700 1 1.39979 0.503 -0.0309658 -0.08188 
600.11 50.0046 14.1427 0 1 700 1 1.39979 0.503 0.0471667 0.0658985 
600.11 50.0017 14.1428 0 1 700 1 1.39979 0.503 -0.0217675 -0.0775404 
600.11 50.0045 14.1427 0 1 700 1 1.39979 0.503 0.0448253 -0.0571698 
600.11 50.0092 14.1425 0 1 700 1 1.39979 0.503 0.1343 -0.150613 
600.11 50.0024 14.1428 0 1 700 1 1.39979 0.503 -0.00359505 0.0563882 
600.11 50.0033 14.1427 0 1 700 1 1.39979 0.503 0.0172583 -0.0332896 
600.11 50.0044 14.1427 0 1 700 1 1.39979 0.503 0.0438219 -0.153992 
600.11 50.0061 14.1426 0 1 700 1 1.39979 0.503 0.0770782 0.0439262 
600.11 49.9981 14.1429 0 1 700 1 1.39979 0.503 -0.116561 0.00475143 
600.11 50.0017 14.1428 0 1 700 1 1.39979 0.503 -0.0209309 0.0488541 
600.11 50.0012 14.1428 0 1 700 1 1.39979 0.503 -0.0357861 0.0350722 
600.11 50.004 14.1427 0 1 700 1 1.39979 0.503 0.0337533 -0.0654283 
600.11 50.0006 14.1428 0 1 700 1 1.39979 0.503 -0.0498297 -0.00974656 
600.11 50.0033 14.1427 0 1 700 1 1.39979 0.503 0.0191373 0.0886815 
600.11 50.0031 14.1427 0 1 700 1 1.39979 0.503 0.0137288 -0.00397015 
600.11 50.0079 14.1425 0 1 700 1 1.39979 0.503 0.109744 -0.0105308 
600.11 50.0049 14.1427 0 1 700 1 1.39979 0.503 0.052028 -0.0130173 
600.11 50.0009 14.1428 0 1 700 1 1.39979 0.503 -0.0436587 0.00760233 
600.11 50.0015 14.1428 0 1 700 1 1.39979 0.503 -0.0272048 -0.103877 
600.11 50.0029 14.1427 0 1 700 1 1.39979 0.503 0.00821622 -0.0360189 
600.11 50.0049 14.1427 0 1 700 1 1.39979 0.503 0.0527576 -0.0231571 
600.11 50.0002 14.1428 0 1 700 1 1.39979 0.503 -0.0602904 -0.0944462 
600.11 49.9986 14.1429 0 1 700 1 1.39979 0.503 -0.103117 -0.0634066 
600.11 50.0054 14.1426 0 1 700 1 1.39979 0.503 0.0633732 0.0786461 
600.11 50.0087 14.1425 0 1 700 1 1.39979 0.503 0.122577 0.0271102 
600.11 50.0022 14.1428 0 1 700 1 1.39979 0.503 -0.00911066 -0.00920898 
600.11 50.0014 14.1428 0 1 700 1 1.39979 0.503 -0.030221 -0.000460989 
600.11 50.0011 14.1428 0 1 700 1 1.39979 0.503 -0.0376954 0.0469216 
600.11 50.0063 14.1426 0 1 700 1 1.39979 0.503 0.0813874 0.0258919 
600.11 50.0028 14.1427 0 1 700 1 1.39979 0.503 0.00720758 0.16024 
600.11 50 14.1429 0 1 700 1 1.39979 0.503 -0.0664679 -0.0667123 
600.11 49.9963 14.143 0 1 700 1 1.39979 0.503 -0.16084 -0.0284217 
600.11 50.0069 14.1426 0 1 700 1 1.39979 0.503 0.093109 0.0294888 
600.11 50.0044 14.1427 0 1 700 1 1.39979 0.503 0.0417443 0.0612073 
600.11 50.0082 14.1425 0 1 700 1 1.39979 0.503 0.113929 -0.00101723 
600.11 50.0046 14.1427 0 1 700 1 1.39979 0.503 0.0474206 -0.031585 
600.11 50.0049 14.1427 0 1 700 1 1.39979 0.503 0.0529062 -0.0115227 
600.11 49.9985 14.1429 0 1 700 1 1.39979 0.503 -0.106709 0.0249073 
600.11 50.0007 14.1428 0 1 700 1 1.39979 0.503 -0.0483763 -0.0962782 
600.11 50.0006 14.1428 0 1 700 1 1.39979 0.503 -0.0513631 -0.0611298 
600.11 50.0025 14.1428 0 1 700 1 1.39979 0.503 -0.00129522 -0.0615314 
600.11 50.0072 14.1426 0 1 700 1 1.39979 0.503 0.0989266 -0.082935 
600.11 49.9984 14.1429 0 1 700 1 1.39979 0.503 -0.10754 -0.0301753 
600.11 49.9997 14.1429 0 1 700 1 1.39979 0.503 -0.0745108 -0.00324376 
600.11 50.0024 14.1428 0 1 700 1 1.39979 0.503 -0.00250675 -0.108382 
600.11 50.0041 14.1427 0 1 700 1 1.39979 0.503 0.0370114 -0.0108941 
600.11 50.0043 14.1427 0 1 700 1 1.39979 0.503 0.0400607 -0.00476197 
600.11 50.0027 14.1427 0 1 700 1 1.39979 0.503 0.0044615 0.187071 
600.11 50.0043 14.1427 0 1 700 1 1.39979 0.503 0.0409504 0.0230328 
600.11 50.0006 14.1428 0 1 700 1 1.39979 0.503 -0.0514505 0.00329237 
600.11 50.0034 14.1427 0 1 700 1 1.39979 0.503 0.0204957 0.0342431 
600.11 50.0035 14.1427 0 1 700 1 1.39979 0.503 0.0234643 -0.117358 
600.11 50.0027 14.1427 0 1 700 1 1.39979 0.503 0.00534199 0.148701 
600.11 49.9996 14.1429 0 1 700 1 1.39979 0.503 -0.0777046 -0.0454984 
600.11 50.0031 14.1427 0 1 700 1 1.39979 0.503 0.0133392 0.0074352 
600.11 50.0016 14.1428 0 1 700 1 1.39979 0.503 -0.0256129 -0.0164364 
600.11 50.0033 14.1427 0 1 700 1 1.39979 0.503 0.0171568 -0.00301972 
600.11 50.0012 14.1428 0 1 700 1 1.39979 0.503 -0.033203 -0.086955 
600.11 50.0035 14.1427 0 1 700 1 1.39979 0.503 0.0225871 -0.0658887 
600.11 50.0027 14.1427 0 1 700 1 1.39979 0.503 0.00430477 0.116682 
600.11 50.0028 14.1427 0 1 700 1 1.39979 0.503 0.00596058 -0.0070398 
600.11 50.0026 14.1428 0 1 700 1 1.39979 0.503 0.000524693 0.0746503 
600.11 50.0045 14.1427 0 1 700 1 1.39979 0.503 0.0449869 0.00102533 
600.11 50.0023 14.1428 0 1 700 1 1.39979 0.503 -0.00513809 0.0426205 
600.11 50.0014 14.1428 0 1 700 1 1.39979 0.503 -0.030396 0.0705133 
600.11 50.0031 14.1427 0 1 700 1 1.39979 0.503 0.0135375 0.133104 
600.11 50.0028 14.1427 0 1 700 1 1.39979 0.503 0.00582536 0.052845 
600.11 50.0015 14.1428 0 1 700 1 1.39979 0.503 -0.0280587 -0.0361385 
600.11 50.0004 14.1428 0 1 700 1 1.39979 0.503 -0.0566571 -0.0222282 
600.11 50.0019 14.1428 0 1 700 1 1.39979 0.503 -0.0161175 -0.00563136 
600.11 49.9996 14.1429 0 1 700 1 1.39979 0.503 -0.0768804 -0.014631 
600.11 49.9991 14.1429 0 1 700 1 1.39979 0.503 -0.0899141 -0.0319457 
600.11 50.0055 14.1426 0 1 700 1 1.39979 0.503 0.0662739 0.0525656 
600.11 49.9997 14.1429 0 1 700 1 1.39979 0.503 -0.0745202 0.0927331 
600.11 50.0008 14.1428 0 1 700 1 1.39979 0.503 -0.0453487 0.0100196 
600.11 50.0035 14.1427 0 1 700 1 1.39979 0.503 0.0215066 0.0361908 
600.11 50.0045 14.1427 0 1 700 1 1.39979 0.503 0.0438719 -0.00892704 
600.11 50.0039 14.1427 0 1 700 1 1.39979 0.503 0.03297 0.103457 
600.11 50.0072 14.1426 0 1 700 1 1.39979 0.503 0.0988849 0.0718002 
600.11 50.0048 14.1427 0 1 700 1 1.39979 0.503 0.0513522 -0.0386005 
600.11 49.9999 14.1429 0 1 700 1 1.39979 0.503 -0.0695025 -0.0029035 
600.11 50.0043 14.1427 0 1 700 1 1.39979 0.503 0.0401848 -0.0183352 
600.11 50.0073 14.1426 0 1 700 1 1.39979 0.503 0.100007 -0.0457398 
600.11 50.004 14.1427 0 1 700 1 1.39979 0.503 0.0329466 0.0254595 
