600.11 32.1983 14.9007 14.9032 -0.00643176 2.07265 0.128092 0.0546624 0.503 -3.32336 0.0969535 
600.11 31.1391 14.9484 14.9498 -0.00329003 1.5662 0.11381 0.0546624 0.503 -2.80011 0.132717 
600.11 30.5773 14.9738 14.9751 -0.00168559 2.60827 0.105862 0.0546624 0.503 -3.15686 0.0644059 
600.11 30.388 14.9824 14.983 -0.0011039 1.85182 0.103554 0.0546624 0.503 -3.09965 -0.0965431 
600.11 30.4614 14.979 14.9813 -0.00519745 2.31553 0.122283 0.0546624 0.503 -2.85217 0.0316645 
600.11 30.4417 14.98 14.973 0.0196296 1.69139 0.0263631 0.0546624 0.0003 -2.95964 0.142431 
600.11 49.9994 14.1429 14.1429 1.77451e-05 -5.18349 0.0984721 0.0546624 0.0003 -0.494983 1.98158 
600.11 32.5126 14.8865 14.8908 -0.00791512 2.42857 0.13346 0.0546624 0.503 -3.08197 0.353251 
600.11 33.8153 14.8286 14.8177 0.022761 1.15838 0.0212224 0.0546624 0.0003 -3.42538 0.162751 
600.11 30.0564 14.9975 14.978 0.0458917 1.98001 0.00264395 0.0546624 0.0003 -2.97187 -0.044675 
600.11 30.4055 14.9816 14.9841 -0.00485289 1.42419 0.120387 0.0546624 0.503 -3.1039 -0.0963324 
600.11 37.9538 14.647 14.6484 -0.00295777 0.0983173 0.112487 0.0546624 0.503 -2.42114 -0.402483 
600.11 31.528 14.9309 14.9295 0.00116517 2.3173 0.0939462 0.0546624 0.0003 -2.80743 0.201971 
600.11 32.7744 14.8751 14.878 -0.00486915 2.09185 0.120436 0.0546624 0.503 -3.07958 0.374379 
600.11 50 14.1429 14.1429 1.23812e-09 -5.18374 0.0985532 0.0546624 0.0003 -0.870111 -3.92211 
600.11 50.0005 14.1428 14.1428 -1.20596e-05 -5.18349 0.0986084 0.0546624 0.0003 1.79889 -3.13313 
600.11 32.834 14.8722 14.7683 0.203892 1.40834 1.39968e-09 0.0546624 0.0003 -2.923 0.379024 
600.11 38.172 14.6374 14.5558 0.16443 -0.699765 5.11284e-08 0.0546624 0.0003 -2.34173 0.285111 
600.11 30.2166 14.9902 14.9904 0.00479653 2.42408 0.0747595 0.0546624 0.0003 -2.89797 0.0171664 
600.11 50 14.1429 14.1429 -8.70369e-09 -5.18359 0.0985532 0.0546624 0.0003 0.49946 -3.54244 
600.11 49.4538 14.165 14.1594 0.0104245 -5.00527 0.054479 0.0546624 0.0003 -1.78265 1.43043 
600.11 30.9787 14.9556 14.959 -0.00622127 2.35106 0.126406 0.0546624 0.503 -3.08571 0.204288 
600.11 32.1297 14.9039 14.9093 -0.0110363 1.69167 0.145885 0.0546624 0.503 -2.66804 -0.0156756 
600.11 31.7752 14.9198 14.9193 -0.00344747 2.30534 0.116308 0.0546624 0.503 -2.75541 -0.17701 
600.11 50.0068 14.1426 14.1424 0.000377772 -5.18889 0.0968183 0.0546624 0.0003 1.68882 -2.62571 
600.11 50 14.1429 14.1429 -3.18026e-07 -5.18342 0.0985546 0.0546624 0.0003 -1.48981 -3.41252 
600.11 33.655 14.8356 14.8169 0.027063 1.61667 0.0163629 0.0546624 0.0003 -3.40375 -0.186192 
600.11 35.986 14.7326 14.6238 0.209147 -0.12348 8.98361e-10 0.0546624 0.0003 -2.46693 -0.253286 
600.11 31.9825 14.9105 14.9139 -0.00512391 1.80644 0.121391 0.0546624 0.503 -3.25469 0.193782 
600.11 34.3982 14.8026 14.8035 -0.00385018 0.958435 0.117138 0.0546624 0.503 -3.22577 -0.438454 
600.11 49.9409 14.1452 14.1454 -0.000214369 -5.15737 0.0995448 0.0546624 0.503 -2.04368 -2.18926 
600.11 30.0567 14.9974 14.9524 0.101845 3.53506 1.49098e-05 0.0546624 0.0003 -2.95523 -0.0280918 
600.11 34.4613 14.7999 14.7974 0.00111497 0.760408 0.0949454 0.0546624 0.0003 -3.28026 -0.410787 
600.11 31.0971 14.9502 14.901 0.0894618 1.5928 5.62919e-05 0.0546624 0.0003 -2.78573 -0.0963001 
600.11 47.1592 14.2586 14.2602 -0.00357009 -3.98336 0.11506 0.0546624 0.503 -3.74694 -1.16416 
600.11 32.7495 14.876 14.8769 -0.00479456 2.49392 0.121488 0.0546624 0.503 -2.8433 0.346721 
600.11 42.6442 14.4466 14.4492 -0.00597701 -2.0326 0.125783 0.0546624 0.503 -2.01604 0.111816 
600.11 30.3565 14.9838 14.9772 0.0189361 2.42846 0.0278494 0.0546624 0.0003 -2.95557 -0.125225 
600.11 40.6674 14.5302 14.5311 -0.00483984 -0.957759 0.121244 0.0546624 0.503 -3.08963 -0.859721 
600.11 46.9396 14.2676 14.2528 0.0307684 -3.95539 0.0107257 0.0546624 0.0003 -1.79466 0.621851 
600.11 31.0002 14.9547 14.958 -0.00787336 2.69056 0.134021 0.0546624 0.503 -2.96962 0.222192 
600.11 32.38 14.8926 14.8979 -0.0103899 2.94913 0.143267 0.0546624 0.503 -3.35107 -0.0316244 
600.11 30.6633 14.97 14.9722 -0.00364028 2.89955 0.115117 0.0546624 0.503 -2.95501 0.176125 
600.11 30.3174 14.9855 14.9867 -0.0022359 1.61779 0.108628 0.0546624 0.503 -3.12399 -0.0182657 
600.11 41.0668 14.5132 14.5177 -0.00688167 -1.7633 0.128057 0.0546624 0.503 -2.93706 -0.88654 
600.11 30.6655 14.9698 14.9715 -0.00351205 1.98816 0.114684 0.0546624 0.503 -2.83667 -0.0802977 
600.11 33.0172 14.8641 14.8711 -0.00607361 1.7166 0.122675 0.0546624 0.503 -2.83862 0.366267 
600.11 30.302 14.9863 14.988 -0.00295367 2.63915 0.111998 0.0546624 0.503 -2.974 0.119154 
600.11 38.0951 14.641 14.6462 -0.0117263 0.113354 0.148751 0.0546624 0.503 -3.10402 0.705614 
600.11 50.0003 14.1428 14.1429 -9.88575e-06 -5.18354 0.098598 0.0546624 0.0003 1.65305 -3.16573 
600.11 30.2082 14.9905 14.9687 0.0400639 2.85093 0.00491942 0.0546624 0.0003 -3.10068 -0.00905436 
600.11 30.4272 14.9807 14.9839 -0.00678225 2.60114 0.129334 0.0546624 0.503 -3.10371 -0.102309 
600.11 32.5246 14.886 14.8885 -0.00278239 1.9974 0.110068 0.0546624 0.503 -2.64124 -0.0596453 
600.11 31.0382 14.953 14.9423 0.0274334 1.94764 0.0137336 0.0546624 0.0003 -2.80295 0.115934 
600.11 50.0004 14.1428 14.1428 0.000139804 -5.18443 0.0979053 0.0546624 0.0003 0.52104 2.28378 
600.11 44.1643 14.3827 14.3691 0.0288863 -2.84002 0.0125572 0.0546624 0.0003 -2.45473 0.953813 
600.11 30.7445 14.9662 14.9684 -0.00472145 2.28312 0.119944 0.0546624 0.503 -2.98665 -0.192239 
600.11 49.6704 14.1562 14.1565 -0.000420167 -5.04062 0.100437 0.0546624 0.503 -1.73698 1.55824 
600.11 31.1256 14.9491 14.9528 -0.00607763 2.35758 0.12556 0.0546624 0.503 -3.12618 0.202299 
600.11 45.3161 14.3347 14.3133 0.0422783 -3.81991 0.00391594 0.0546624 0.0003 -2.13245 0.818409 
600.11 30.7053 14.968 14.9688 -0.00320626 2.17887 0.113858 0.0546624 0.503 -2.81676 0.0410765 
600.11 31.6363 14.926 14.9278 -0.0037529 2.65981 0.115705 0.0546624 0.503 -2.72644 0.0939248 
600.11 30.4341 14.9803 14.9818 -0.00300789 2.19201 0.112079 0.0546624 0.503 -3.14573 0.0176707 
600.11 31.2349 14.9442 14.9457 -0.00348818 2.45879 0.114775 0.0546624 0.503 -3.21094 0.134436 
600.11 30.3988 14.9818 14.9772 0.00298923 2.34148 0.0875504 0.0546624 0.0003 -3.1269 0.059771 
600.11 34.2312 14.81 14.686 0.2437 0.418159 3.53692e-11 0.0546624 0.0003 -2.648 -0.329919 
600.11 33.2995 14.8515 14.8438 0.0250196 1.31549 0.0164104 0.0546624 0.0003 -2.5882 -0.0845905 
600.11 50 14.1429 14.1429 -7.95845e-11 -5.18354 0.0985532 0.0546624 0.0003 -0.319103 4.05876 
600.11 50 14.1429 14.1429 -1.07619e-11 -5.18317 0.0985532 0.0546624 0.0003 -0.32432 -4.21858 
600.11 30.2639 14.988 14.9892 -0.00360872 3.08925 0.115365 0.0546624 0.503 -2.91515 -0.0765966 
600.11 30.2531 14.9885 14.9892 -0.00225901 2.34473 0.109392 0.0546624 0.503 -2.98237 0.110296 
600.11 31.3048 14.9409 14.9127 0.0562417 2.11772 0.00109718 0.0546624 0.0003 -3.22047 -0.132204 
600.11 30.8294 14.9623 14.9619 -0.00120046 1.54683 0.10481 0.0546624 0.503 -3.14874 -0.138902 
600.11 49.5096 14.1627 14.1548 0.014463 -5.0586 0.0412676 0.0546624 0.0003 -3.39141 -1.8655 
600.11 32.9204 14.8684 14.8688 -0.00241459 2.24842 0.110195 0.0546624 0.503 -2.87823 0.373799 
600.11 30.6366 14.9711 14.9733 -0.00491855 2.10073 0.120794 0.0546624 0.503 -3.16565 0.0648739 
600.11 30.4859 14.978 14.9807 -0.00407334 3.39914 0.116339 0.0546624 0.503 -2.99185 0.155161 
600.11 30.2255 14.9898 14.9771 0.0250221 2.2574 0.0177898 0.0546624 0.0003 -2.97609 -0.10264 
600.11 41.5882 14.491 14.4175 0.141214 -2.4448 4.63524e-07 0.0546624 0.0003 -2.49369 0.769492 
600.11 47.0174 14.2644 14.2333 0.0608421 -4.18988 0.000725631 0.0546624 0.0003 -2.17645 1.08918 
600.11 30.9319 14.9578 14.9569 0.000401565 2.32038 0.0975844 0.0546624 0.0003 -2.99341 -0.216198 
600.11 32.2303 14.8993 14.8988 0.000639004 2.64214 0.0961139 0.0546624 0.0003 -3.13944 0.310581 
600.11 31.6249 14.9265 14.9271 -0.00172271 2.46604 0.106515 0.0546624 0.503 -2.78467 -0.191709 
600.11 35.3285 14.7615 14.6329 0.250776 0.112437 1.87307e-11 0.0546624 0.0003 -2.6816 0.449457 
600.11 30.8061 14.9635 14.9655 -0.00126496 2.3856 0.103381 0.0546624 0.503 -3.09433 0.177286 
600.11 31.9245 14.9131 14.8977 0.0369168 1.8676 0.0060489 0.0546624 0.0003 -2.68549 -0.0180971 
600.11 30.8 14.9638 14.9646 -0.00180383 2.7003 0.10731 0.0546624 0.503 -3.19451 0.0473295 
600.11 41.0878 14.5124 14.5145 -0.00442014 -1.14041 0.118515 0.0546624 0.503 -2.16837 -0.316556 
600.11 30.4811 14.9782 14.9577 0.0538567 3.39184 0.00121609 0.0546624 0.0003 -3.14707 0.0477584 
600.11 30.3466 14.9843 14.9763 0.0146636 2.98043 0.0406616 0.0546624 0.0003 -2.86915 0.00130944 
600.11 31.0565 14.9522 14.9559 -0.00672304 3.05851 0.128179 0.0546624 0.503 -3.2307 0.00646684 
600.11 39.1319 14.596 14.4959 0.195839 -1.47721 2.9562e-09 0.0546624 0.0003 -2.26095 -0.226371 
600.11 32.7748 14.8749 14.8771 -0.00433722 1.34741 0.118416 0.0546624 0.503 -2.9604 0.380365 
600.11 44.447 14.3709 14.3719 -0.00190307 -2.81973 0.107503 0.0546624 0.503 -1.88636 0.126717 
600.11 38.6668 14.6161 14.581 0.0687988 -0.588755 0.000350405 0.0546624 0.0003 -2.29447 -0.242419 
600.11 49.9999 14.1429 14.1429 -3.45105e-06 -5.18322 0.098569 0.0546624 0.0003 -1.08588 2.89334 
600.11 31.6585 14.9249 14.9097 0.0226007 1.50927 0.0231606 0.0546624 0.0003 -2.72035 0.0810632 
600.11 30.4048 14.9816 14.9853 -0.00766166 2.49164 0.132793 0.0546624 0.503 -3.13759 0.0323751 
600.11 31.6442 14.9257 14.9307 -0.0132814 2.82462 0.154494 0.0546624 0.503 -2.84384 0.244526 
600.11 50 14.1429 14.1429 -2.02828e-07 -5.18367 0.0985541 0.0546624 0.0003 -0.299933 2.85432 
600.11 42.0527 14.4716 14.4746 -0.00531533 -1.80883 0.122796 0.0546624 0.503 -2.63864 -0.879929 
600.11 42.3057 14.4609 14.4656 -0.00818787 -1.88115 0.134408 0.0546624 0.503 -3.16422 -0.953439 
600.11 30.4882 14.9778 14.9791 -0.00308999 1.95376 0.112857 0.0546624 0.503 -2.8616 0.07133 
600.11 50 14.1429 14.1429 -7.90683e-10 -5.1837 0.0985532 0.0546624 0.0003 0.918373 -4.03092 
600.11 30.8689 14.9606 14.9639 -0.00715911 2.43131 0.130684 0.0546624 0.503 -3.18951 -0.0867466 
600.11 30.3292 14.985 14.9859 -0.0013406 1.38372 0.104498 0.0546624 0.503 -2.88881 -0.0620844 
600.11 31.8078 14.9183 14.9106 0.0222519 1.73097 0.0211046 0.0546624 0.0003 -3.29356 0.0818705 
600.11 30.4967 14.9775 14.9779 -0.00112371 1.84126 0.103996 0.0546624 0.503 -3.14524 0.0590541 
600.11 31.5998 14.9276 14.9296 -0.00299823 1.93028 0.112181 0.0546624 0.503 -3.23222 0.16649 
600.11 30.6388 14.9711 14.9737 -0.00456813 2.43842 0.119094 0.0546624 0.503 -2.90787 0.152815 
600.11 31.0359 14.9531 14.9509 0.00709089 2.37425 0.0661383 0.0546624 0.0003 -2.80936 -0.125675 
600.11 30.0692 14.9968 14.9777 0.0362478 2.21341 0.00682663 0.0546624 0.0003 -2.95176 0.0323518 
600.11 30.9782 14.9556 14.9598 -0.00995007 3.3022 0.142021 0.0546624 0.503 -2.91441 0.204613 
600.11 43.9532 14.3915 14.3895 0.0077343 -2.64913 0.0631241 0.0546624 0.0003 -3.89444 0.610178 
600.11 37.251 14.6775 14.6793 -0.00436406 0.270823 0.118643 0.0546624 0.503 -2.83106 0.642417 
600.11 30.4916 14.9777 14.9791 -0.00352944 1.73926 0.115098 0.0546624 0.503 -3.11626 -0.103995 
600.11 31.0838 14.9509 14.9507 -0.00132431 1.29434 0.105264 0.0546624 0.503 -3.06986 -0.222807 
600.11 46.1278 14.3011 14.2932 0.0169702 -3.85573 0.0335636 0.0546624 0.0003 -2.06384 -0.855954 
600.11 31.4958 14.9323 14.8926 0.0880625 2.44844 5.44977e-05 0.0546624 0.0003 -3.05629 0.270206 
600.11 34.5473 14.7961 14.8027 -0.011442 1.03494 0.14624 0.0546624 0.503 -3.45732 0.209429 
600.11 40.9062 14.52 14.4588 0.1176 -2.22157 4.04842e-06 0.0546624 0.0003 -2.9655 0.878044 
600.11 30.7505 14.966 14.9721 -0.000402528 2.01561 0.0949968 0.0546624 0.0003 -2.84687 -0.118783 
600.11 30.7581 14.9656 14.9663 0.00101816 2.40849 0.0928953 0.0546624 0.0003 -3.07637 0.179049 
600.11 30.1821 14.9918 14.976 0.0410848 1.84505 0.0039922 0.0546624 0.0003 -3.02697 0.0909475 
600.11 31.678 14.9242 14.9339 -0.00105743 2.60348 0.0950073 0.0546624 0.0003 -3.22304 -0.1904 
600.11 31.5146 14.9314 14.9337 -0.00514496 2.31196 0.121679 0.0546624 0.503 -2.95711 0.274261 
600.11 50.0028 14.1427 14.1427 0.0001185 -5.18585 0.0980178 0.0546624 0.0003 1.62651 -2.76086 
600.11 30.5771 14.9738 14.9739 -0.00265449 2.84852 0.111711 0.0546624 0.503 -3.16906 0.00798711 
600.11 30.5226 14.9763 14.9763 -0.000742953 2.19472 0.102068 0.0546624 0.503 -3.12863 -0.0970389 
600.11 48.2484 14.214 14.214 -0.00161647 -4.49199 0.106778 0.0546624 0.503 -1.79208 0.962681 
600.11 30.5478 14.9752 14.9762 -0.00420183 2.96015 0.118923 0.0546624 0.503 -3.15777 0.0489221 
600.11 30.5016 14.9773 14.9818 -0.00814971 2.80853 0.134506 0.0546624 0.503 -3.09873 -0.122863 
600.11 35.2558 14.7649 14.7684 -0.00676739 0.216917 0.128566 0.0546624 0.503 -2.57304 -0.341118 
600.11 32.2558 14.8982 14.9008 -0.00811746 2.5508 0.135652 0.0546624 0.503 -3.33364 0.0774763 
600.11 31.5607 14.9293 14.9322 -0.00561309 2.10514 0.123554 0.0546624 0.503 -3.1125 -0.258752 
600.11 30.4651 14.9789 14.9796 -0.00118042 1.65662 0.103608 0.0546624 0.503 -3.06022 0.139284 
600.11 31.9312 14.9127 14.9249 -0.0120968 3.50241 0.144404 0.0546624 0.503 -2.69451 0.079572 
600.11 30.4019 14.9817 14.983 -0.00456563 2.68862 0.120093 0.0546624 0.503 -2.9746 0.138811 
600.11 30.2372 14.9893 14.9905 -0.00320544 2.47109 0.113704 0.0546624 0.503 -2.93505 0.0867304 
600.11 30.5377 14.9756 14.9766 -0.00331552 1.90671 0.114371 0.0546624 0.503 -2.83865 -0.0248193 
600.11 50.0024 14.1428 14.1428 -7.53666e-05 -5.18423 0.0988971 0.0546624 0.0003 0.743604 2.13484 
600.11 30.3813 14.9827 14.9833 -0.00131684 1.82899 0.104683 0.0546624 0.503 -2.8751 0.0566427 
600.11 30.6907 14.9686 14.9315 0.0660259 2.01488 0.000482685 0.0546624 0.0003 -2.86486 -0.126882 
600.11 31.1833 14.9464 14.9374 0.0142271 2.92653 0.0427886 0.0546624 0.0003 -2.77372 0.0924164 
600.11 30.0607 14.9972 14.9785 0.0425663 1.41334 0.00362916 0.0546624 0.0003 -3.03658 -0.0406196 
600.11 47.4531 14.2465 14.2374 0.0169476 -4.21046 0.0342697 0.0546624 0.0003 -1.8268 -0.801946 
600.11 31.302 14.941 14.9441 -0.00664744 2.52562 0.128255 0.0546624 0.503 -3.20021 -0.160756 
600.11 47.3216 14.2519 14.2467 0.0115684 -4.09268 0.0497958 0.0546624 0.0003 -1.67414 0.460859 
600.11 37.8622 14.651 14.6557 -0.00861175 -0.0758377 0.136214 0.0546624 0.503 -2.30991 0.114663 
600.11 32.7418 14.8764 14.8767 0.00589854 2.32907 0.0695245 0.0546624 0.0003 -2.98739 0.379979 
600.11 37.3613 14.6727 14.6746 -0.00368133 0.653114 0.115386 0.0546624 0.503 -3.18744 0.643908 
600.11 49.6445 14.1572 14.1574 -0.000121971 -5.02139 0.0990686 0.0546624 0.0003 -2.54339 -1.93411 
600.11 37.4769 14.6678 14.6742 -0.0108546 -0.455868 0.144518 0.0546624 0.503 -2.90689 0.671126 
600.11 32.8367 14.8721 14.8225 0.105861 0.705986 1.07728e-05 0.0546624 0.0003 -3.07009 -0.380732 
600.11 33.8241 14.8281 14.8335 -0.0122857 2.02328 0.150861 0.0546624 0.503 -3.29329 0.349125 
600.11 49.9968 14.143 14.1429 9.81716e-05 -5.18269 0.0981049 0.0546624 0.0003 -0.400089 1.33896 
600.11 41.0349 14.5147 14.5217 -0.00890863 -1.59992 0.135826 0.0546624 0.503 -2.21185 0.406737 
600.11 40.9306 14.519 14.5245 -0.0103494 -1.24472 0.142697 0.0546624 0.503 -2.84469 0.866363 
600.11 33.5698 14.8395 14.8409 -0.00314603 1.43237 0.11329 0.0546624 0.503 -3.24603 -0.363427 
600.11 30.6128 14.9722 14.972 -0.000436416 1.80386 0.101114 0.0546624 0.503 -2.88124 -0.128096 
600.11 31.013 14.9541 14.9589 -0.0104555 2.68361 0.14385 0.0546624 0.503 -2.8824 -0.192508 
600.11 50.0003 14.1428 14.1428 4.88575e-05 -5.18356 0.0983256 0.0546624 0.0003 0.50115 -2.3679 
600.11 33.5589 14.8401 14.8006 0.112373 1.96037 4.77796e-06 0.0546624 0.0003 -2.64726 -0.260291 
600.11 30.8453 14.9616 14.8706 0.186439 2.00453 6.52353e-09 0.0546624 0.0003 -2.9567 0.200908 
600.11 30.3184 14.9855 14.969 0.0300172 3.31778 0.0119009 0.0546624 0.0003 -3.12462 -0.012923 
600.11 31.3644 14.9382 14.9424 -0.00613808 2.81175 0.125282 0.0546624 0.503 -2.75848 0.104288 
600.11 30.6053 14.9725 14.973 -0.000746487 2.64395 0.102023 0.0546624 0.503 -3.17244 0.0213089 
600.11 30.4733 14.9785 14.9824 -0.00739487 2.32124 0.131374 0.0546624 0.503 -2.96315 0.148483 
600.11 30.7323 14.9668 14.9691 -0.0058606 2.59753 0.125682 0.0546624 0.503 -3.09604 -0.165575 
600.11 36.5884 14.7064 14.7079 -0.00412231 -0.17495 0.11808 0.0546624 0.503 -2.71772 -0.558285 
600.11 30.219 14.99 14.9904 -0.00107066 2.46988 0.103732 0.0546624 0.503 -3.04343 0.0941162 
600.11 30.7044 14.968 14.9535 0.0301366 1.93136 0.0113579 0.0546624 0.0003 -3.04624 -0.181652 
600.11 30.388 14.9824 14.9828 -0.000531113 1.31586 0.100983 0.0546624 0.503 -2.87315 -0.055346 
600.11 30.7653 14.9653 14.9625 0.00254831 2.01161 0.0882425 0.0546624 0.0003 -3.17407 -0.0889907 
600.11 50 14.1429 14.1429 3.34005e-07 -5.18343 0.0985516 0.0546624 0.0003 1.10858 3.75783 
600.11 36.7183 14.7008 14.7076 -0.0128663 0.39853 0.15201 0.0546624 0.503 -3.10752 -0.624345 
600.11 42.4739 14.4536 14.4548 -0.00371386 -1.85389 0.11609 0.0546624 0.503 -2.02153 0.0192237 
600.11 31.7698 14.92 14.9239 -0.00755787 1.77917 0.131716 0.0546624 0.503 -2.79931 -0.224943 
600.11 30.3024 14.9862 14.9878 -0.00374407 1.77228 0.115872 0.0546624 0.503 -3.0557 -0.109013 
600.11 34.0115 14.8198 14.8226 -0.00786911 1.00556 0.134049 0.0546624 0.503 -3.31191 -0.349256 
600.11 34.5509 14.7958 14.8004 -0.00882411 1.31194 0.136949 0.0546624 0.503 -3.08389 -0.496176 
600.11 30.7732 14.9649 14.9667 -0.00466789 2.25321 0.120217 0.0546624 0.503 -2.97629 0.19494 
600.11 46.8032 14.2732 14.2736 -0.00143372 -4.18628 0.105247 0.0546624 0.503 -1.94417 -0.825565 
600.11 36.2476 14.7214 14.7246 -0.00787245 0.18582 0.133861 0.0546624 0.503 -3.14815 -0.587291 
600.11 30.5534 14.9749 14.975 -0.00078836 2.26655 0.102386 0.0546624 0.503 -2.88288 -0.117196 
600.11 30.4103 14.9814 14.9833 -0.00315263 1.9751 0.112669 0.0546624 0.503 -2.90302 -0.104658 
600.11 30.1544 14.993 14.9943 -0.00306483 2.30065 0.112837 0.0546624 0.503 -3.06063 0.0628973 
600.11 31.7669 14.92 14.8922 0.0470007 1.94549 0.00276198 0.0546624 0.0003 -3.29639 0.0521748 
600.11 36.7968 14.6972 14.64 0.115687 0.0231721 4.56976e-06 0.0546624 0.0003 -2.39187 0.192481 
600.11 30.307 14.9861 14.9885 -0.00534147 2.20119 0.122822 0.0546624 0.503 -2.87737 -0.0114609 
600.11 31.2568 14.9432 14.9463 -0.00473617 2.81459 0.119734 0.0546624 0.503 -3.00259 0.25235 
600.11 30.7039 14.968 14.9704 -0.00602227 1.34168 0.126099 0.0546624 0.503 -3.07296 0.172365 
600.11 31.8735 14.9152 14.9152 -0.00415593 2.00476 0.119008 0.0546624 0.503 -2.88517 0.288233 
600.11 34.8794 14.7814 14.7893 -0.0152272 1.29378 0.159128 0.0546624 0.503 -2.80948 0.487721 
600.11 30.4657 14.9789 14.9787 0.0104623 3.15316 0.0506459 0.0546624 0.0003 -2.96111 -0.147088 
600.11 41.3025 14.5033 14.4597 0.110299 -1.87411 6.25815e-06 0.0546624 0.0003 -2.09663 -0.0116374 
600.11 31.4969 14.9323 14.9327 -0.000483723 2.18811 0.100638 0.0546624 0.503 -2.84259 0.227087 
600.11 30.5671 14.9743 14.9755 -0.0035408 2.58045 0.115183 0.0546624 0.503 -2.97148 0.165292 
600.11 31.0858 14.9509 14.951 -0.00120555 2.34497 0.104621 0.0546624 0.503 -2.95474 -0.229607 
600.11 32.4433 14.8898 14.8892 0.00264347 1.50885 0.0858252 0.0546624 0.0003 -3.28609 0.214145 
600.11 31.5378 14.9303 14.9028 0.0395877 1.77586 0.0057619 0.0546624 0.0003 -2.94307 0.273949 
600.11 33.1318 14.859 14.8461 0.0240561 1.70925 0.0195178 0.0546624 0.0003 -2.67408 0.246283 
600.11 30.5259 14.9762 14.9777 -0.00505291 1.97887 0.122373 0.0546624 0.503 -2.97097 -0.159127 
600.11 50.0028 14.1427 14.1427 9.85863e-05 -5.18533 0.0981052 0.0546624 0.0003 2.56396 3.0525 
600.11 32.1858 14.9013 14.9037 -0.00532214 2.25106 0.122788 0.0546624 0.503 -3.26105 0.212716 
600.11 34.8526 14.7826 14.7644 0.04233 0.929517 0.00368507 0.0546624 0.0003 -3.10057 0.512101 
600.11 33.5469 14.8404 14.8398 -0.00286013 1.25984 0.11311 0.0546624 0.503 -3.19045 -0.393512 
600.11 34.4723 14.7994 14.76 0.0771488 1.30784 0.000162869 0.0546624 0.0003 -3.07075 0.492924 
600.11 30.2422 14.989 14.9903 -0.004278 2.43765 0.118722 0.0546624 0.503 -3.01904 -0.107821 
600.11 34.7898 14.7854 14.7925 -0.0154706 1.65979 0.16045 0.0546624 0.503 -3.42174 -0.300882 
600.11 31.2237 14.9446 14.9466 -0.00384475 2.02758 0.116105 0.0546624 0.503 -3.20337 -0.143587 
600.11 30.31 14.986 14.9895 -0.00591142 1.88957 0.124791 0.0546624 0.503 -3.00018 -0.123939 
600.11 34.2354 14.8099 14.7673 0.0911783 1.16449 4.18535e-05 0.0546624 0.0003 -3.37706 0.301671 
600.11 37.846 14.6516 14.6551 -0.0104506 0.424058 0.144265 0.0546624 0.503 -2.77585 0.661536 
600.11 34.57 14.7952 14.7982 -0.00474489 0.918372 0.119475 0.0546624 0.503 -3.43594 -0.25372 
600.11 30.4572 14.9793 14.9805 -0.00227196 1.98387 0.108999 0.0546624 0.503 -3.11128 -0.101623 
600.11 50.0035 14.1427 14.1428 -0.000114054 -5.18421 0.0990697 0.0546624 0.0003 2.01521 -2.88307 
600.11 31.1289 14.9489 14.949 0.000396562 1.28433 0.0970514 0.0546624 0.0003 -2.7776 0.086878 
600.11 49.9983 14.1429 14.143 -7.1188e-05 -5.18243 0.098879 0.0546624 0.0003 -1.19196 -2.43572 
600.11 30.609 14.9724 14.9739 -0.00436192 2.72634 0.119085 0.0546624 0.503 -2.91856 -0.153768 
600.11 31.2213 14.9448 14.9469 -0.004527 1.78181 0.119351 0.0546624 0.503 -3.13635 0.207994 
600.11 30.8811 14.96 14.9396 0.0370907 2.25073 0.00642831 0.0546624 0.0003 -3.19714 -0.0724846 
600.11 48.5272 14.2026 14.2048 -0.00435251 -4.50035 0.118227 0.0546624 0.503 -1.43152 0.309233 
600.11 30.7963 14.9639 14.9583 0.0104001 1.79774 0.054713 0.0546624 0.0003 -3.06983 0.186912 
600.11 31.1611 14.9474 14.951 -0.00449601 2.41405 0.117938 0.0546624 0.503 -3.242 -0.00633407 
600.11 32.7399 14.8765 14.8758 0.00696682 1.59889 0.0655218 0.0546624 0.0003 -2.61996 -0.000373232 
600.11 50 14.1429 14.1429 2.63319e-07 -5.18356 0.098552 0.0546624 0.0003 -1.35495 3.43145 
600.11 30.2826 14.9872 14.9877 -0.00145016 2.42413 0.105208 0.0546624 0.503 -2.88197 0.00709963 
600.11 50.0005 14.1428 14.1428 -9.92004e-06 -5.18356 0.0985981 0.0546624 0.0003 0.17092 -1.76582 
600.11 31.8456 14.9165 14.918 -0.00528435 1.46306 0.123104 0.0546624 0.503 -2.83315 -0.259158 
600.11 35.5073 14.7538 14.759 -0.000706393 1.05801 0.0974135 0.0546624 0.0003 -2.68461 -0.465035 
600.11 30.0392 14.9982 14.9891 0.0223448 2.63156 0.0214316 0.0546624 0.0003 -2.97183 -0.0338292 
600.11 36.4131 14.7141 14.7229 -0.0195982 0.711424 0.171526 0.0546624 0.503 -3.2307 0.570689 
600.11 32.6009 14.8828 14.8862 -0.00649043 2.41403 0.127514 0.0546624 0.503 -2.6476 -0.111794 
600.11 42.0033 14.4735 14.4706 0.00133103 -2.47507 0.0945098 0.0546624 0.0003 -2.17132 -0.459967 
600.11 32.9569 14.8667 14.869 -0.00819919 1.63872 0.136146 0.0546624 0.503 -2.68046 -0.233582 
600.11 32.2504 14.8985 14.9033 -0.00671358 2.54555 0.127595 0.0546624 0.503 -3.33907 0.044805 
600.11 30.2306 14.9895 14.9894 -0.00110649 2.01805 0.104218 0.0546624 0.503 -2.9769 -0.104062 
600.11 30.2296 14.9896 14.9835 0.00984122 2.86449 0.0573062 0.0546624 0.0003 -2.99149 -0.105992 
600.11 50 14.1429 14.1428 0.000155744 -5.1845 0.0978366 0.0546624 0.0003 -0.0615576 1.14701 
600.11 30.6239 14.9717 14.974 -0.000505453 2.18168 0.0994136 0.0546624 0.503 -3.17629 -0.0064536 
600.11 30.2572 14.9883 14.9688 0.0324692 2.37078 0.00992704 0.0546624 0.0003 -3.02181 0.110278 
600.11 30.6426 14.9709 14.9714 -0.00234292 2.64059 0.109671 0.0546624 0.503 -3.11734 0.13495 
600.11 30.1057 14.9952 14.9888 0.0192724 2.76795 0.026977 0.0546624 0.0003 -3.00011 -0.0722784 
600.11 50 14.1429 14.1429 -4.49544e-08 -5.18357 0.0985534 0.0546624 0.0003 0.0664521 -3.33861 
600.11 49.9999 14.1429 14.1429 2.44343e-06 -5.18368 0.098542 0.0546624 0.0003 -0.771727 2.71256 
600.11 30.8159 14.9629 14.9644 -0.00495569 2.11424 0.121853 0.0546624 0.503 -2.99736 -0.201996 
600.11 31.0036 14.9544 14.9548 -0.00269126 2.17807 0.111471 0.0546624 0.503 -2.99413 0.224365 
600.11 46.4823 14.2864 14.2685 0.02337 -4.01104 0.0225917 0.0546624 0.0003 -1.84426 0.605679 
600.11 30.3715 14.9832 14.9831 0.00883561 1.54102 0.0569957 0.0546624 0.0003 -2.91276 0.103993 
600.11 33.411 14.8464 14.8482 -0.00457884 1.8236 0.119746 0.0546624 0.503 -3.41527 -0.104842 
600.11 30.3986 14.9819 14.9835 -0.00438662 2.29543 0.119036 0.0546624 0.503 -2.91698 0.113118 
600.11 31.5485 14.93 14.9185 0.0291114 2.22193 0.0118902 0.0546624 0.0003 -2.71967 -0.0203834 
600.11 30.3807 14.9827 14.9842 -0.00350146 2.38866 0.114851 0.0546624 0.503 -3.03064 0.133817 
600.11 50.0025 14.1428 14.1428 -9.53348e-05 -5.18383 0.0989859 0.0546624 0.0003 0.460401 -1.77648 
600.11 38.3537 14.6296 14.5661 0.121467 -1.35388 2.8509e-06 0.0546624 0.0003 -2.29366 -0.175601 
600.11 30.2362 14.9893 14.9924 -0.00663741 1.3995 0.128365 0.0546624 0.503 -2.91066 0.0608617 
600.11 30.2892 14.9869 14.9882 -0.0025665 2.01327 0.110113 0.0546624 0.503 -3.06446 -0.100469 
600.11 42.29 14.4615 14.4675 -0.0120363 -2.11877 0.149628 0.0546624 0.503 -2.41391 -0.768282 
600.11 30.2073 14.9906 14.991 -0.0013765 2.37222 0.105209 0.0546624 0.503 -3.1012 0.00217634 
600.11 30.2065 14.9906 14.983 0.0217461 1.64792 0.0220664 0.0546624 0.0003 -3.01279 0.100198 
600.11 41.9278 14.4767 14.4792 -0.00601268 -2.06793 0.125558 0.0546624 0.503 -2.35941 -0.69183 
600.11 33.7943 14.8293 14.7752 0.0892482 0.723401 6.38051e-05 0.0546624 0.0003 -2.92671 0.447876 
600.11 40.3054 14.5456 14.5517 -0.014398 -1.48005 0.157381 0.0546624 0.503 -2.32633 0.505456 
600.11 48.2867 14.2124 14.2134 -0.00192328 -4.38283 0.107239 0.0546624 0.503 -3.09971 1.54872 
600.11 39.9122 14.5625 14.5644 -0.00606745 -1.43238 0.126718 0.0546624 0.503 -2.49294 0.643096 
600.11 31.2729 14.9424 14.9427 -0.00200606 1.78736 0.108274 0.0546624 0.503 -3.12217 0.222469 
600.11 31.8797 14.915 14.9175 -0.00441203 1.45655 0.118648 0.0546624 0.503 -2.86133 0.278193 
600.11 30.8297 14.9624 14.9666 -0.0041017 3.20654 0.115426 0.0546624 0.503 -3.0736 -0.190233 
600.11 30.6238 14.9717 14.9724 -0.00206575 1.90025 0.108468 0.0546624 0.503 -2.84684 0.0868245 
600.11 30.5713 14.974 14.9768 -0.00536294 1.93404 0.12249 0.0546624 0.503 -2.93501 -0.155252 
600.11 30.7044 14.9681 14.9695 -0.00231769 2.92912 0.108873 0.0546624 0.503 -3.04037 -0.183114 
600.11 50 14.1429 14.1429 2.24449e-06 -5.1832 0.0985427 0.0546624 0.0003 2.0542 3.62641 
600.11 37.2258 14.6786 14.6831 -0.00883038 0.444337 0.137325 0.0546624 0.503 -3.12221 -0.651677 
600.11 30.3535 14.984 14.9844 -0.00119114 2.23467 0.104119 0.0546624 0.503 -2.87293 0.0365238 
600.11 31.3294 14.9399 14.9434 -0.00725142 1.86922 0.130996 0.0546624 0.503 -3.25906 -0.0199143 
600.11 32.3299 14.8947 14.906 -0.0134291 2.34931 0.150028 0.0546624 0.503 -2.6815 0.140669 
600.11 38.583 14.6196 14.6065 0.0097289 -0.430213 0.0629666 0.0546624 0.0003 -2.35456 -0.364079 
600.11 30.0371 14.9983 14.9823 0.0363043 1.75532 0.00641662 0.0546624 0.0003 -3.00243 0.0426875 
600.11 50 14.1429 14.1429 -1.6468e-11 -5.18365 0.0985532 0.0546624 0.0003 -0.0536295 4.00482 
600.11 31.8232 14.9176 14.9185 0.00888948 2.56576 0.0560578 0.0546624 0.0003 -2.75679 -0.185979 
600.11 30.1001 14.9954 14.9628 0.0668361 2.72715 0.000408534 0.0546624 0.0003 -2.95165 -0.0505253 
600.11 30.9856 14.9553 14.9552 -0.000390919 2.91081 0.100712 0.0546624 0.503 -2.79852 -0.0939937 
600.11 31.1113 14.9496 14.9492 -0.00033825 1.2285 0.100558 0.0546624 0.503 -2.78429 -0.0974799 
600.11 31.3678 14.9382 14.9393 -0.0022185 3.24996 0.108819 0.0546624 0.503 -3.23941 -0.110487 
600.11 35.4466 14.7563 14.7599 -0.00982685 0.642472 0.141721 0.0546624 0.503 -2.45779 0.131835 
600.11 31.431 14.9353 14.9352 0.00317446 2.90348 0.0827827 0.0546624 0.0003 -3.02708 -0.268412 
600.11 30.8007 14.9636 14.9662 -0.00220272 1.88142 0.106913 0.0546624 0.503 -3.05922 0.191058 
600.11 30.6957 14.9684 14.9707 -0.00508093 1.55831 0.121505 0.0546624 0.503 -3.12521 -0.137747 
600.11 30.4756 14.9785 14.9804 -0.0049421 2.48745 0.121495 0.0546624 0.503 -2.9561 0.14726 
600.11 30.2405 14.9891 14.9881 0.000898927 2.33257 0.0949157 0.0546624 0.0003 -2.93284 -0.0856765 
600.11 44.9716 14.3489 14.3093 0.0744559 -3.37007 0.000215032 0.0546624 0.0003 -2.03905 0.655185 
600.11 48.0747 14.2211 14.2228 -0.00265411 -4.34258 0.110575 0.0546624 0.503 -2.60201 -1.46154 
600.11 30.5144 14.9766 14.9472 0.0508714 2.92334 0.00192677 0.0546624 0.0003 -2.99511 0.159507 
600.11 30.4331 14.9803 14.976 0.00799958 3.11654 0.0638624 0.0546624 0.0003 -3.07182 -0.127665 
600.11 30.736 14.9667 14.9674 -0.000864136 3.01484 0.102401 0.0546624 0.503 -2.84546 -0.113753 
600.11 50.0035 14.1427 14.1427 -4.87046e-05 -5.18487 0.0987774 0.0546624 0.0003 2.16866 -2.92858 
600.11 30.3924 14.9822 14.9848 -0.00586302 1.9411 0.125477 0.0546624 0.503 -2.97103 -0.136154 
600.11 30.5755 14.9739 14.9755 -0.00202473 1.42584 0.107426 0.0546624 0.503 -2.83448 0.0340225 
600.11 30.5052 14.9771 14.9804 -0.00579849 1.89589 0.124189 0.0546624 0.503 -3.14215 -0.0699077 
600.11 30.5799 14.9737 14.9746 -0.00219756 2.08401 0.109019 0.0546624 0.503 -3.02469 0.168076 
600.11 31.1899 14.9461 14.9494 -0.0100948 2.31065 0.143453 0.0546624 0.503 -3.15512 0.190123 
600.11 31.0053 14.9544 14.9003 0.102036 0.879551 1.72038e-05 0.0546624 0.0003 -2.79813 -0.0984498 
600.11 31.5583 14.9295 14.9339 -0.00928006 1.71822 0.139257 0.0546624 0.503 -2.72591 0.0652501 
600.11 31.0755 14.9513 14.9442 0.0201392 3.15835 0.0252425 0.0546624 0.0003 -3.04867 -0.227669 
600.11 49.9272 14.1458 14.1455 0.00103492 -5.15433 0.0935697 0.0546624 0.0003 -2.13519 -2.18106 
600.11 50.0019 14.1428 14.1427 0.000110306 -5.18487 0.098051 0.0546624 0.0003 0.877645 -2.31991 
600.11 31.4835 14.9329 14.9126 0.0400335 2.18265 0.00479206 0.0546624 0.0003 -3.24152 -0.131064 
600.11 37.3883 14.6714 14.6158 0.0889957 -0.375095 6.74809e-05 0.0546624 0.0003 -2.44744 0.382444 
600.11 40.526 14.5362 14.4472 0.1705 -2.29962 3.15634e-08 0.0546624 0.0003 -2.38897 -0.598798 
600.11 34.4768 14.7993 14.7987 0.00775181 1.29266 0.061985 0.0546624 0.0003 -3.45508 -0.203201 
600.11 34.1713 14.8128 14.8175 -0.00754752 1.45782 0.130961 0.0546624 0.503 -3.47879 -0.00134008 
600.11 30.1525 14.9931 14.9938 -0.00176665 1.7293 0.106959 0.0546624 0.503 -3.01236 0.0859466 
600.11 30.6308 14.9714 14.9726 -0.00222773 2.24155 0.108755 0.0546624 0.503 -2.8941 0.142013 
600.11 30.2988 14.9864 14.9866 -0.000372133 1.87375 0.100044 0.0546624 0.503 -2.87888 0.00571843 
600.11 30.227 14.9897 14.9853 0.011908 2.58014 0.0480687 0.0546624 0.0003 -2.89435 -0.00653112 
600.11 30.3584 14.9837 14.9843 -0.00150978 2.44191 0.105513 0.0546624 0.503 -2.93492 0.115922 
600.11 31.2274 14.9444 14.9466 -0.00577453 1.54414 0.125109 0.0546624 0.503 -2.78965 -0.133137 
600.11 30.5199 14.9763 14.9661 0.0108338 1.33415 0.0563553 0.0546624 0.0003 -3.13113 -0.0924511 
600.11 31.0112 14.9541 14.9381 0.0204082 2.12038 0.0284813 0.0546624 0.0003 -3.22485 -0.014344 
600.11 31.0696 14.9516 14.9543 -0.00420544 2.01639 0.117125 0.0546624 0.503 -3.19443 0.127026 
600.11 30.5324 14.9758 14.9717 0.0087909 1.21192 0.0602775 0.0546624 0.0003 -2.85386 -0.0713597 
600.11 30.1945 14.9912 14.9892 0.00287692 2.46874 0.0859909 0.0546624 0.0003 -2.90224 0.00396889 
600.11 31.0608 14.9519 14.9485 0.00481501 2.86522 0.0778181 0.0546624 0.0003 -2.97767 -0.230004 
600.11 49.2681 14.1725 14.1689 0.00395619 -4.91896 0.0820248 0.0546624 0.0003 -1.24497 -0.401089 
600.11 30.4094 14.9815 14.9816 -0.000653306 2.61153 0.101911 0.0546624 0.503 -3.12897 -0.0608048 
600.11 46.1152 14.3015 14.2559 0.0864227 -4.10184 7.14223e-05 0.0546624 0.0003 -1.81388 -0.445554 
600.11 31.5705 14.9289 14.9325 -0.00969404 2.35368 0.141216 0.0546624 0.503 -3.21349 -0.186239 
600.11 30.549 14.9751 14.9781 -0.00496196 2.36632 0.120439 0.0546624 0.503 -3.12743 0.105349 
600.11 30.5524 14.9749 14.977 -0.00441489 2.19548 0.118695 0.0546624 0.503 -2.94079 0.154534 
600.11 30.5151 14.9766 14.9792 -0.00469014 3.50818 0.11953 0.0546624 0.503 -2.88373 -0.110071 
600.11 30.8013 14.9636 14.9631 -0.00139973 1.86769 0.105859 0.0546624 0.503 -2.80497 0.0458414 
600.11 50.0005 14.1428 14.1428 5.14209e-05 -5.18385 0.0983157 0.0546624 0.0003 0.715777 2.42976 
600.11 30.3582 14.9837 14.9855 -0.0037941 2.00063 0.116011 0.0546624 0.503 -3.1282 0.035542 
600.11 32.3295 14.8949 14.897 -0.00340438 2.32395 0.11383 0.0546624 0.503 -3.12558 -0.325134 
600.11 40.9286 14.5191 14.5241 -0.0102564 -0.933677 0.142992 0.0546624 0.503 -2.61984 0.793673 
600.11 30.6129 14.9721 14.9734 -0.00548519 2.96818 0.124475 0.0546624 0.503 -2.92992 0.15974 
600.11 35.6964 14.7454 14.7398 0.00540011 0.583168 0.0768364 0.0546624 0.0003 -3.17675 -0.545172 
600.11 47.267 14.2542 14.2551 -0.00280453 -3.98906 0.111783 0.0546624 0.503 -1.67085 0.429125 
600.11 31.5668 14.9291 14.8973 0.0577122 1.76822 0.00101141 0.0546624 0.0003 -3.27937 0.0427652 
600.11 30.4941 14.9776 14.9792 -0.00145479 1.78073 0.104383 0.0546624 0.503 -3.11635 0.104456 
600.11 30.7393 14.9664 14.9679 -0.000664845 2.39983 0.100563 0.0546624 0.503 -2.85463 0.125293 
600.11 49.4101 14.1667 14.1613 0.0107157 -4.98759 0.0532619 0.0546624 0.0003 -3.16078 1.8512 
600.11 45.2134 14.339 14.3403 -0.00291163 -3.195 0.112417 0.0546624 0.503 -2.81378 1.16916 
600.11 32.9873 14.8655 14.8711 -0.00961977 1.2638 0.139388 0.0546624 0.503 -3.00778 -0.398224 
600.11 30.2167 14.9902 14.9746 0.0381798 3.74783 0.00529564 0.0546624 0.0003 -3.01458 -0.102417 
600.11 30.4268 14.9807 14.9807 -0.000357632 1.84466 0.100561 0.0546624 0.503 -2.96657 -0.141634 
600.11 50.0044 14.1427 14.1427 -9.9719e-05 -5.18497 0.0990181 0.0546624 0.0003 1.08285 -2.31634 
600.11 31.4527 14.9342 14.9394 -0.0117572 2.84937 0.148577 0.0546624 0.503 -2.73562 0.0624126 
600.11 30.3912 14.9823 14.9826 -0.000780423 2.16375 0.102339 0.0546624 0.503 -2.96528 -0.134896 
600.11 31.1132 14.9496 14.9412 0.0182492 3.26562 0.0303849 0.0546624 0.0003 -2.94901 0.231369 
600.11 31.8807 14.9149 14.9192 -0.00927322 3.02918 0.139473 0.0546624 0.503 -2.9362 0.304299 
600.11 43.1333 14.4258 14.4157 0.0069394 -2.4975 0.0730277 0.0546624 0.0003 -2.80311 -1.00424 
600.11 30.3073 14.986 14.9866 -0.00202126 2.21219 0.108122 0.0546624 0.503 -2.94757 0.111713 
600.11 30.4878 14.9779 14.975 0.0056881 3.13785 0.0731303 0.0546624 0.0003 -3.10781 0.112169 
600.11 30.412 14.9813 14.9832 -0.00408088 2.30071 0.11749 0.0546624 0.503 -2.92753 -0.123083 
600.11 31.7631 14.9203 14.9234 -0.0076074 3.05728 0.13302 0.0546624 0.503 -2.92352 -0.29077 
600.11 31.9555 14.9116 14.8364 0.155939 1.75298 1.07662e-07 0.0546624 0.0003 -2.85858 -0.284199 
600.11 30.3494 14.9841 14.9852 -0.00326218 2.19719 0.113925 0.0546624 0.503 -3.05039 -0.12125 
600.11 30.3697 14.9832 14.9864 -0.00699084 2.56514 0.130104 0.0546624 0.503 -3.06107 -0.120635 
600.11 43.4499 14.4125 14.355 0.103166 -3.18781 1.63566e-05 0.0546624 0.0003 -1.97533 -0.208665 
600.11 30.3971 14.982 14.9826 -0.0018463 3.18995 0.107082 0.0546624 0.503 -3.13727 -0.0281779 
600.11 50 14.1429 14.1429 -7.17339e-10 -5.18353 0.0985532 0.0546624 0.0003 0.615873 3.94618 
600.11 49.0669 14.1807 14.1782 0.0051824 -4.8316 0.0750864 0.0546624 0.0003 -1.89618 -1.33612 
600.11 31.1827 14.9465 14.9488 -0.00294166 1.77639 0.111168 0.0546624 0.503 -2.96539 0.242167 
600.11 30.6496 14.9705 14.9728 -0.00463609 2.06499 0.119717 0.0546624 0.503 -2.86994 -0.124233 
600.11 30.3146 14.9857 14.9865 -0.000718182 3.39322 0.101342 0.0546624 0.503 -3.01714 -0.123235 
600.11 35.5699 14.751 14.7538 -0.00414611 0.289574 0.11689 0.0546624 0.503 -2.46667 -0.18784 
600.11 32.6641 14.8798 14.884 -0.00865839 2.48926 0.136701 0.0546624 0.503 -3.02703 -0.373102 
600.11 30.6083 14.9724 14.9741 -0.00355715 2.81836 0.114828 0.0546624 0.503 -2.83699 0.0603509 
600.11 30.025 14.9989 14.9688 0.0660381 3.07504 0.000423018 0.0546624 0.0003 -2.99006 0.0335851 
600.11 50.0003 14.1428 14.1428 -9.10202e-06 -5.1835 0.0985943 0.0546624 0.0003 2.28967 3.33361 
600.11 30.5162 14.9766 14.9784 -0.00403319 2.03666 0.116941 0.0546624 0.503 -3.10759 -0.118288 
600.11 30.2445 14.9889 14.9891 -0.000606414 1.95699 0.10141 0.0546624 0.503 -3.10962 0.00774351 
600.11 30.3306 14.985 14.9872 -0.00517603 1.71725 0.122305 0.0546624 0.503 -2.87563 -0.0303006 
600.11 30.5466 14.9752 14.9772 -0.00371932 1.68903 0.115445 0.0546624 0.503 -2.8378 -0.0296067 
600.11 30.7693 14.9651 14.9676 -0.00447167 1.54092 0.118424 0.0546624 0.503 -2.92209 0.179972 
600.11 41.0489 14.5141 14.5174 -0.00371552 -1.49244 0.114516 0.0546624 0.503 -3.59658 -0.657326 
600.11 49.9471 14.145 14.1451 -0.000262013 -5.15807 0.0997661 0.0546624 0.503 -1.03145 -1.39317 
600.11 30.9237 14.9581 14.9585 -0.00056825 1.49302 0.10109 0.0546624 0.503 -2.82671 0.128 
600.11 36.1943 14.7236 14.7292 -0.0162748 0.795531 0.16393 0.0546624 0.503 -2.79352 0.566251 
600.11 30.5837 14.9735 14.9738 -0.0021283 1.17439 0.109039 0.0546624 0.503 -3.0389 0.165649 
600.11 32.4596 14.8889 14.7799 0.21537 1.13894 4.79789e-10 0.0546624 0.0003 -3.01343 0.358146 
600.11 30.8705 14.9606 14.9554 0.0165883 2.11232 0.0332871 0.0546624 0.0003 -3.18761 0.0919086 
600.11 50.002 14.1428 14.1428 4.84242e-05 -5.18424 0.0983306 0.0546624 0.0003 1.26998 2.61177 
600.11 30.7802 14.9646 14.9655 -0.00172234 2.59683 0.106413 0.0546624 0.503 -2.92989 -0.184373 
600.11 36.8952 14.6931 14.6989 -0.00921955 0.371697 0.13804 0.0546624 0.503 -2.97844 0.643176 
600.11 50 14.1429 14.1429 3.35769e-07 -5.18363 0.0985516 0.0546624 0.0003 1.65125 3.41896 
600.11 32.3461 14.894 14.7958 0.19324 1.53907 3.71758e-09 0.0546624 0.0003 -2.75204 -0.246266 
600.11 30.715 14.9675 14.9676 -0.00241628 3.19565 0.110554 0.0546624 0.503 -2.82549 -0.071678 
600.11 50 14.1429 14.1429 2.89822e-09 -5.18351 0.0985531 0.0546624 0.0003 -1.14329 3.7954 
600.11 31.8165 14.9178 14.9184 -0.0020423 1.30457 0.108069 0.0546624 0.503 -2.76047 -0.189317 
600.11 49.9901 14.1433 14.1431 0.000258618 -5.18059 0.0973696 0.0546624 0.0003 -2.62409 -2.70481 
600.11 30.719 14.9674 14.9687 -0.0052289 3.03061 0.123439 0.0546624 0.503 -3.12147 0.14541 
600.11 30.1216 14.9945 14.9831 0.0303636 2.02064 0.0105416 0.0546624 0.0003 -3.07655 0.0121343 
600.11 30.5674 14.9742 14.9758 -0.0032263 2.47646 0.113095 0.0546624 0.503 -3.01001 -0.167587 
600.11 32.4265 14.8905 14.8934 -0.00293954 1.90393 0.110523 0.0546624 0.503 -2.78475 -0.283741 
600.11 30.5155 14.9766 14.9794 -0.00594174 2.10747 0.125494 0.0546624 0.503 -3.12645 -0.0979624 
600.11 40.0605 14.5561 14.4884 0.130688 -1.7077 1.21213e-06 0.0546624 0.0003 -2.1741 -0.0538868 
600.11 30.4474 14.9796 14.9287 0.101825 2.56147 1.6569e-05 0.0546624 0.0003 -3.08069 -0.124915 
600.11 46.2905 14.2943 14.2505 0.0847447 -4.00731 8.17972e-05 0.0546624 0.0003 -3.2748 -1.25507 
600.11 31.075 14.9513 14.9458 0.0158633 1.79121 0.0355618 0.0546624 0.0003 -2.78539 0.0900489 
600.11 38.6657 14.6161 14.6148 -0.00199846 -0.511337 0.10984 0.0546624 0.503 -2.28311 -0.206035 
600.11 30.4646 14.9789 14.9791 -0.00247745 1.99025 0.110915 0.0546624 0.503 -3.06336 0.137817 
600.11 49.9902 14.1433 14.1431 0.000353935 -5.18145 0.0969431 0.0546624 0.0003 -0.605335 -1.31748 
600.11 30.9926 14.9551 14.9559 -0.00102344 2.63853 0.102938 0.0546624 0.503 -3.02168 0.222427 
600.11 30.684 14.969 14.9714 -0.00362097 2.29182 0.114494 0.0546624 0.503 -3.10381 0.15286 
600.11 35.1953 14.7674 14.7717 -0.0112927 0.892471 0.147223 0.0546624 0.503 -2.6643 0.426576 
600.11 31.3662 14.9381 14.9191 0.0265888 1.84761 0.0171826 0.0546624 0.0003 -2.84507 -0.212721 
600.11 30.5114 14.9768 14.9775 -0.0017347 2.62536 0.106707 0.0546624 0.503 -3.0391 -0.154674 
600.11 36.0104 14.7315 14.6293 0.195034 -0.28996 3.33825e-09 0.0546624 0.0003 -2.47843 -0.279274 
600.11 38.5662 14.6205 14.623 -0.00401575 -0.56126 0.116457 0.0546624 0.503 -2.31238 0.274588 
600.11 30.5358 14.9757 14.9788 -0.00655841 1.90132 0.128039 0.0546624 0.503 -3.08723 0.138078 
600.11 30.699 14.9682 14.9634 0.00294627 2.53706 0.0878931 0.0546624 0.0003 -3.14664 0.115297 
600.11 30.4504 14.9795 14.9746 0.00700568 2.41335 0.0687559 0.0546624 0.0003 -3.08334 -0.123953 
600.11 30.4119 14.9813 14.9232 0.120109 2.33451 2.9657e-06 0.0546624 0.0003 -2.8579 -0.0123884 
600.11 50.0033 14.1427 14.1426 0.000183596 -5.18554 0.0977143 0.0546624 0.0003 0.894599 2.2135 
600.11 30.4276 14.9806 14.9824 -0.0039519 1.80658 0.11676 0.0546624 0.503 -3.12162 0.079909 
600.11 36.7328 14.7002 14.702 -0.00807848 0.503735 0.136148 0.0546624 0.503 -2.84514 -0.614794 
600.11 30.3531 14.9839 14.9859 -0.00505172 2.27287 0.121725 0.0546624 0.503 -3.02132 -0.13027 
600.11 30.6617 14.97 14.9623 0.0160296 1.85665 0.0362358 0.0546624 0.0003 -3.12607 0.130705 
600.11 30.2969 14.9865 14.9834 0.001628 2.33327 0.0929768 0.0546624 0.0003 -3.0498 -0.110122 
600.11 50 14.1429 14.1429 -2.89633e-09 -5.18274 0.0985532 0.0546624 0.0003 0.399498 -3.49005 
600.11 39.8631 14.5647 14.5687 -0.00944273 -0.780191 0.140136 0.0546624 0.503 -3.10999 -0.808644 
600.11 32.8312 14.8724 14.8779 -0.012245 1.90558 0.150352 0.0546624 0.503 -2.61306 0.00194871 
600.11 30.2705 14.9877 14.9753 0.0209711 2.38565 0.0255394 0.0546624 0.0003 -3.00305 0.115358 
600.11 41.6739 14.4874 14.4925 -0.00829056 -1.62616 0.13397 0.0546624 0.503 -2.55456 0.812409 
600.11 31.2705 14.9425 14.9475 -0.00983966 2.5675 0.141111 0.0546624 0.503 -3.19814 0.158427 
600.11 31.1336 14.9486 14.8495 0.202958 2.5888 1.41598e-09 0.0546624 0.0003 -2.77984 -0.0928504 
600.11 30.4921 14.9777 14.9759 0.0013056 1.83774 0.0935652 0.0546624 0.0003 -2.85332 -0.0536671 
600.11 30.8198 14.9628 14.9625 -0.000686302 1.64084 0.102283 0.0546624 0.503 -3.20146 0.018514 
600.11 30.9872 14.9553 14.9558 -0.00146979 2.64415 0.105338 0.0546624 0.503 -2.93194 -0.211847 
600.11 40.1173 14.5538 14.5568 0.000728485 -0.972587 0.0922025 0.0546624 0.0003 -3.35771 -0.750318 
600.11 30.262 14.9881 14.9856 0.0136032 2.50601 0.0409349 0.0546624 0.0003 -3.00295 0.113843 
600.11 30.8343 14.9622 14.9646 -0.00248135 2.42454 0.108985 0.0546624 0.503 -2.92519 -0.190254 
600.11 30.5516 14.975 14.9761 -0.00394368 2.38534 0.117365 0.0546624 0.503 -2.99429 -0.165359 
600.11 33.2165 14.8551 14.8574 -0.00545923 2.15 0.123413 0.0546624 0.503 -3.03633 0.412867 
600.11 30.9056 14.959 14.9331 0.0657998 2.27552 0.000402978 0.0546624 0.0003 -2.83041 -0.129211 
600.11 49.9999 14.1429 14.1429 -2.64842e-05 -5.18321 0.0986757 0.0546624 0.0003 -0.874586 2.66792 
600.11 30.9174 14.9585 14.9601 -0.00235252 3.31048 0.108919 0.0546624 0.503 -3.14935 -0.154243 
600.11 39.9708 14.5602 14.5644 -0.0114765 -1.06165 0.14837 0.0546624 0.503 -2.48325 0.640098 
600.11 30.6737 14.9694 14.9721 -0.00382865 1.7163 0.11538 0.0546624 0.503 -3.01263 0.18289 
600.11 31.3014 14.941 14.9436 -0.00699696 2.35658 0.130577 0.0546624 0.503 -2.98503 -0.256358 
600.11 46.03 14.3051 14.3077 -0.0061054 -3.64751 0.126508 0.0546624 0.503 -3.20436 -1.24232 
600.11 30.6738 14.9694 14.9554 0.020901 2.32561 0.0263786 0.0546624 0.0003 -2.88095 -0.139157 
600.11 32.5589 14.8845 14.8659 0.0298225 2.43243 0.0125886 0.0546624 0.0003 -3.35097 -0.104497 
600.11 31.8553 14.9161 14.8829 0.0633808 2.07416 0.000585407 0.0546624 0.0003 -2.77693 0.213533 
600.11 36.9457 14.6909 14.6935 -0.00725832 -0.30998 0.131087 0.0546624 0.503 -2.99153 0.646521 
600.11 31.4681 14.9337 14.9393 -0.0104691 1.91167 0.143498 0.0546624 0.503 -3.13013 -0.240626 
600.11 30.7382 14.9665 14.933 0.0625176 1.84827 0.000641811 0.0546624 0.0003 -2.84512 0.113156 
600.11 36.8519 14.6951 14.6633 0.10582 0.0561657 8.21063e-06 0.0546624 0.0003 -2.43603 -0.305425 
600.11 31.2927 14.9414 14.8685 0.143498 2.26884 3.63472e-07 0.0546624 0.0003 -2.77926 0.129066 
600.11 30.9985 14.9547 14.9544 -0.000248805 1.29317 0.100365 0.0546624 0.503 -3.16066 0.156436 
600.11 30.8164 14.963 14.9689 1.50835e-05 3.09295 0.0931536 0.0546624 0.0003 -3.20164 -0.0161226 
600.11 30.3529 14.9839 14.9861 -0.00517701 3.35017 0.122305 0.0546624 0.503 -2.86805 -0.000847192 
600.11 30.2476 14.9888 14.9895 -0.00204117 2.09235 0.108239 0.0546624 0.503 -3.04701 -0.10023 
600.11 30.2751 14.9875 14.9753 0.0360211 3.60885 0.00618647 0.0546624 0.0003 -2.89912 0.0587233 
600.11 30.6 14.9728 14.9764 -0.0058187 1.79075 0.124497 0.0546624 0.503 -3.09146 0.14683 
600.11 43.584 14.407 14.4081 -0.00626795 -2.62589 0.128295 0.0546624 0.503 -4.03216 -0.220153 
600.11 35.0568 14.7735 14.7261 0.0912529 -0.0395647 4.53395e-05 0.0546624 0.0003 -2.46816 0.0519205 
600.11 30.4409 14.98 14.9799 -0.00122715 1.69242 0.104864 0.0546624 0.503 -3.13946 -0.0490719 
600.11 32.74 14.8764 14.8831 -0.00940931 1.98721 0.138045 0.0546624 0.503 -2.63458 -0.103509 
600.11 47.3931 14.2489 14.2113 0.0713896 -4.44533 0.000282266 0.0546624 0.0003 -1.86504 0.841478 
600.11 30.4852 14.978 14.9815 -0.00732131 2.50554 0.131234 0.0546624 0.503 -2.93558 0.141017 
600.11 43.4854 14.4111 14.3778 0.0709737 -2.74549 0.000271748 0.0546624 0.0003 -2.52725 -0.935788 
600.11 30.1406 14.9936 14.9818 0.0211903 1.63229 0.0248074 0.0546624 0.0003 -3.05151 0.0651242 
600.11 30.6654 14.9698 14.9705 -0.00277805 2.22519 0.112142 0.0546624 0.503 -2.85327 -0.108182 
600.11 50.0005 14.1428 14.1428 -4.55346e-06 -5.18345 0.0985702 0.0546624 0.0003 -0.0137443 -1.20938 
600.11 31.2329 14.9441 14.9051 0.068341 1.43581 0.00039626 0.0546624 0.0003 -3.04007 -0.246275 
600.11 30.529 14.976 14.9756 -0.00106558 1.71271 0.104158 0.0546624 0.503 -2.83931 -0.0206545 
600.11 50 14.1429 14.1429 -1.68281e-09 -5.1835 0.0985532 0.0546624 0.0003 0.0087331 -3.27041 
600.11 31.2847 14.9418 14.9427 -0.000980847 2.14232 0.102568 0.0546624 0.503 -2.74787 0.0371776 
600.11 31.3677 14.9381 14.9399 -0.00704929 2.42263 0.131427 0.0546624 0.503 -2.93307 0.254651 
600.11 31.8099 14.9181 14.9023 0.0179189 2.06108 0.0350635 0.0546624 0.0003 -3.25601 -0.165258 
600.11 39.5716 14.5771 14.5779 -0.00521147 -0.486903 0.123458 0.0546624 0.503 -2.54765 0.658184 
600.11 42.9354 14.4342 14.3943 0.0778724 -2.59865 0.000152702 0.0546624 0.0003 -3.31226 0.96028 
600.11 31.6264 14.9264 14.9304 -0.0100649 1.76836 0.142674 0.0546624 0.503 -2.74238 -0.12943 
600.11 33.8319 14.8278 14.8331 -0.00949538 1.7461 0.139463 0.0546624 0.503 -3.30445 0.340105 
600.11 30.5353 14.9758 14.9804 -0.00245107 2.70982 0.106528 0.0546624 0.503 -3.13778 0.0875875 
600.11 30.8903 14.9596 14.9566 0.00505123 1.40248 0.0762989 0.0546624 0.0003 -2.79011 0.0239076 
600.11 31.0487 14.9525 14.9547 -0.00675379 2.25189 0.129828 0.0546624 0.503 -3.19406 0.123376 
600.11 30.1061 14.9952 14.9749 0.0470839 2.49685 0.00237981 0.0546624 0.0003 -3.05935 -0.041223 
600.11 31.7657 14.9201 14.907 0.0222664 1.39242 0.0230379 0.0546624 0.0003 -2.82801 -0.246911 
600.11 43.2641 14.4205 14.4212 -0.00116434 -2.6971 0.103972 0.0546624 0.503 -2.14661 -0.581966 
600.11 36.7898 14.6975 14.716 -0.0157278 0.4749 0.153396 0.0546624 0.503 -2.50712 0.404085 
600.11 30.4804 14.9782 14.9792 -0.00245684 2.37755 0.109916 0.0546624 0.503 -3.02457 0.152516 
600.11 31.7343 14.9215 14.846 0.158721 2.3981 8.18261e-08 0.0546624 0.0003 -2.74067 -0.146932 
600.11 30.8281 14.9624 14.9639 -0.00472879 2.20124 0.120662 0.0546624 0.503 -3.02099 -0.20258 
600.11 39.1102 14.5971 14.6041 -0.0151124 -0.371952 0.159565 0.0546624 0.503 -2.28068 -0.280083 
600.11 33.8917 14.825 14.7762 0.0781559 1.39917 0.000177882 0.0546624 0.0003 -2.78425 -0.406605 
600.11 32.7495 14.876 14.8818 -0.0169244 2.0127 0.165652 0.0546624 0.503 -2.70974 0.246212 
600.11 31.5253 14.931 14.902 0.063597 3.05517 0.000530091 0.0546624 0.0003 -2.76017 0.142202 
600.11 30.0647 14.9971 14.9847 0.0313495 2.35747 0.00975266 0.0546624 0.0003 -3.03075 0.0474706 
600.11 50.005 14.1427 14.1427 -0.000150098 -5.1848 0.0992317 0.0546624 0.0003 0.37063 -1.41758 
600.11 42.2245 14.4641 14.4701 -0.0105418 -2.05778 0.142962 0.0546624 0.503 -2.56525 0.858162 
600.11 31.5726 14.9288 14.9297 -0.00242096 2.31163 0.110038 0.0546624 0.503 -2.76877 -0.163877 
600.11 39.2686 14.5902 14.5911 -0.00741362 -0.623972 0.133813 0.0546624 0.503 -2.87184 0.770493 
600.11 30.0779 14.9964 14.9518 0.096524 3.40406 2.52921e-05 0.0546624 0.0003 -3.02434 -0.0567432 
600.11 32.0434 14.9078 14.9091 -0.00316019 2.16873 0.113608 0.0546624 0.503 -3.26972 0.180939 
600.11 38.7825 14.6112 14.6147 -0.00522917 -0.0235522 0.121375 0.0546624 0.503 -2.32523 -0.334223 
600.11 31.1618 14.9474 14.9466 -0.000548424 1.99205 0.102017 0.0546624 0.503 -3.00483 0.242068 
600.11 31.8387 14.9169 14.9189 -0.00291962 2.72017 0.111563 0.0546624 0.503 -3.08605 0.295226 
600.11 33.2781 14.8524 14.7749 0.159564 1.12345 7.77371e-08 0.0546624 0.0003 -2.69263 0.284383 
600.11 30.7412 14.9664 14.9695 -0.00574748 2.50818 0.124121 0.0546624 0.503 -2.81238 0.042386 
600.11 30.408 14.9815 14.9838 -0.00530685 2.405 0.122856 0.0546624 0.503 -2.87146 -0.0608921 
600.11 30.7288 14.967 14.9671 -0.000919948 2.81697 0.103386 0.0546624 0.503 -3.15219 -0.115308 
600.11 39.8816 14.5639 14.5529 0.0174049 -0.835516 0.0339424 0.0546624 0.0003 -2.18307 -0.0177511 
600.11 30.2926 14.9867 14.9869 -0.000883495 3.01554 0.102869 0.0546624 0.503 -3.11744 0.0245342 
600.11 50.0023 14.1428 14.1428 -5.04545e-05 -5.18407 0.0987845 0.0546624 0.0003 0.0475557 0.829588 
600.11 30.5562 14.9748 14.9737 -0.000478662 1.25717 0.10202 0.0546624 0.503 -2.88235 0.117535 
600.11 45.8726 14.3116 14.3069 0.0115139 -3.55455 0.0496887 0.0546624 0.0003 -1.7663 0.156633 
600.11 32.8313 14.8724 14.8708 -0.000324738 2.35011 0.101505 0.0546624 0.503 -3.37164 -0.107097 
600.11 30.5937 14.9731 14.973 0.00038133 2.93186 0.0968984 0.0546624 0.0003 -3.11598 0.126879 
600.11 30.6319 14.9713 14.9711 -0.000397308 2.49829 0.100776 0.0546624 0.503 -2.82259 0.00458489 
600.11 35.5095 14.7537 14.7563 -0.0078848 1.35731 0.134928 0.0546624 0.503 -3.10895 -0.551071 
600.11 33.0482 14.8628 14.8687 -0.0121636 2.32962 0.149588 0.0546624 0.503 -2.74589 0.312492 
600.11 37.7069 14.6576 14.6286 0.049931 -0.751515 0.00210193 0.0546624 0.0003 -2.31144 0.0521406 
600.11 50 14.1429 14.1429 6.99692e-12 -5.18356 0.0985532 0.0546624 0.0003 -0.386821 4.18047 
600.11 41.0749 14.5128 14.5134 -0.00760132 -1.17145 0.134817 0.0546624 0.503 -2.36754 -0.624771 
600.11 32.2544 14.8981 14.8992 -0.00553054 2.26162 0.124523 0.0546624 0.503 -3.24894 -0.234917 
600.11 31.3608 14.9385 14.9417 -0.00700664 2.72707 0.130241 0.0546624 0.503 -3.19723 -0.173819 
600.11 42.171 14.4664 14.4691 -0.0066996 -1.80256 0.128572 0.0546624 0.503 -2.18656 0.507039 
600.11 31.0503 14.9524 14.9532 -0.00456658 3.21371 0.120577 0.0546624 0.503 -3.06928 -0.219266 
600.11 34.1061 14.8156 14.7969 0.0263091 1.03441 0.0175457 0.0546624 0.0003 -2.56643 -0.192668 
600.11 30.4247 14.9807 14.9823 -0.00335412 1.88746 0.113918 0.0546624 0.503 -3.01925 -0.143715 
600.11 30.551 14.9749 14.9764 -0.00348757 1.98668 0.114674 0.0546624 0.503 -2.86014 -0.0887618 
600.11 30.3231 14.9853 14.9867 -0.00124566 1.65912 0.103795 0.0546624 0.503 -2.94849 0.11539 
600.11 30.2273 14.9897 14.9868 0.0144218 2.85609 0.0385693 0.0546624 0.0003 -3.02957 -0.101849 
600.11 41.1363 14.5103 14.4969 0.02307 -1.86051 0.0215267 0.0546624 0.0003 -2.44561 0.700051 
600.11 31.0183 14.9538 14.8794 0.155712 2.17339 1.08727e-07 0.0546624 0.0003 -2.81551 -0.130858 
600.11 30.0379 14.9983 14.9883 0.0194518 1.7966 0.0280524 0.0546624 0.0003 -3.0395 0.0171682 
600.11 32.3867 14.8922 14.8968 -0.0096436 2.28566 0.140411 0.0546624 0.503 -3.19648 0.292891 
600.11 34.0538 14.818 14.8192 -0.00322221 1.46734 0.114096 0.0546624 0.503 -2.90469 0.461623 
600.11 47.8898 14.2286 14.1966 0.0602614 -4.61138 0.000782954 0.0546624 0.0003 -3.26449 1.4606 
600.11 31.9551 14.9117 14.9164 -0.00874906 1.5851 0.136412 0.0546624 0.503 -2.94417 0.312751 
600.11 30.3646 14.9834 14.985 -0.0043408 2.30188 0.118849 0.0546624 0.503 -2.91889 0.107019 
600.11 37.5341 14.6652 14.6689 -0.00931332 -0.590784 0.139577 0.0546624 0.503 -2.32439 0.0843634 
600.11 32.1637 14.9022 14.9044 -0.00566412 2.64548 0.124649 0.0546624 0.503 -3.33499 -0.0105063 
600.11 31.4729 14.9334 14.9355 -0.00721038 1.99952 0.132397 0.0546624 0.503 -2.73116 -0.0516045 
600.11 30.7971 14.9639 14.9662 0.000697687 2.78866 0.092936 0.0546624 0.0003 -2.84813 0.129734 
600.11 31.0052 14.9545 14.9556 -0.002796 2.0541 0.111787 0.0546624 0.503 -2.96307 -0.22195 
600.11 31.7961 14.9187 14.9195 -0.00312303 2.24462 0.113746 0.0546624 0.503 -3.23284 -0.194719 
600.11 31.6401 14.9258 14.9264 -0.000528005 2.32732 0.10075 0.0546624 0.503 -2.99615 -0.289665 
600.11 30.6784 14.9693 14.9703 -0.00176475 2.09924 0.106566 0.0546624 0.503 -3.04601 0.177828 
600.11 43.5324 14.409 14.4095 -0.00433778 -2.75672 0.119572 0.0546624 0.503 -2.19197 -0.673072 
600.11 30.8889 14.9597 14.9608 -0.00239941 3.5677 0.109872 0.0546624 0.503 -2.96674 -0.208401 
600.11 31.7156 14.9225 14.9258 -0.000259803 1.73169 0.0968484 0.0546624 0.0003 -2.74046 0.14343 
600.11 33.4777 14.8434 14.7592 0.157894 0.134625 1.04344e-07 0.0546624 0.0003 -3.19139 -0.387794 
600.11 30.4405 14.98 14.9792 -0.000820937 2.72063 0.103284 0.0546624 0.503 -2.85539 -0.0301467 
600.11 30.5669 14.9742 14.9313 0.0867682 2.93661 6.56964e-05 0.0546624 0.0003 -2.90869 0.140709 
600.11 30.9474 14.957 14.9587 -0.00424366 2.98994 0.117999 0.0546624 0.503 -3.01166 0.217813 
600.11 35.5797 14.7506 14.7187 0.0707731 0.814527 0.000270739 0.0546624 0.0003 -2.96784 -0.565257 
600.11 30.7647 14.9653 14.9662 -0.00352635 2.152 0.115333 0.0546624 0.503 -3.05127 0.188671 
600.11 49.9999 14.1429 14.1429 2.75815e-06 -5.18358 0.0985405 0.0546624 0.0003 -0.501886 2.46027 
600.11 50 14.1429 14.1429 4.97006e-09 -5.18316 0.0985531 0.0546624 0.0003 0.718108 -3.98363 
600.11 30.4476 14.9797 14.981 -0.00218541 2.46443 0.10813 0.0546624 0.503 -3.08957 0.119271 
600.11 30.6625 14.9699 14.9715 -0.00215093 2.48184 0.107998 0.0546624 0.503 -2.8223 -0.0369396 
600.11 32.4295 14.8903 14.8991 -0.00757303 2.08524 0.127209 0.0546624 0.503 -2.69761 0.188055 
600.11 30.4714 14.9786 14.9812 -0.00417442 1.63583 0.117074 0.0546624 0.503 -2.9821 0.152001 
600.11 35.3878 14.7589 14.7639 -0.00941563 0.986066 0.139155 0.0546624 0.503 -2.51362 0.266106 
600.11 37.4669 14.668 14.5913 0.155477 -0.369021 1.15805e-07 0.0546624 0.0003 -2.34954 0.186491 
600.11 35.8834 14.7371 14.6321 0.201204 -0.632177 1.87779e-09 0.0546624 0.0003 -2.97094 -0.583378 
600.11 30.369 14.9832 14.9848 -0.00186097 1.57547 0.106459 0.0546624 0.503 -2.89624 0.0861703 
600.11 30.4109 14.9813 14.9866 -0.0046914 2.62009 0.117037 0.0546624 0.503 -2.87339 0.0652187 
600.11 30.3116 14.9858 14.9868 -0.00167361 1.67449 0.106094 0.0546624 0.503 -3.03191 -0.119671 
600.11 44.3173 14.3762 14.344 0.0530718 -3.00773 0.00162456 0.0546624 0.0003 -2.49785 0.990243 
600.11 33.5216 14.8416 14.7664 0.15586 1.25326 1.08398e-07 0.0546624 0.0003 -2.74372 -0.352215 
600.11 30.5963 14.973 14.9745 -0.00231482 2.8769 0.108732 0.0546624 0.503 -2.83256 -0.040755 
600.11 30.0328 14.9985 14.994 0.0118705 2.45464 0.0482747 0.0546624 0.0003 -3.02844 0.028535 
600.11 30.387 14.9824 14.9834 -0.00253744 2.32586 0.110359 0.0546624 0.503 -2.87278 -0.0538913 
600.11 45.0141 14.3472 14.3581 -0.00783004 -3.22352 0.126662 0.0546624 0.503 -3.28853 1.13033 
600.11 35.7016 14.7452 14.745 -0.00207022 1.43767 0.109303 0.0546624 0.503 -3.02292 0.5728 
600.11 30.4179 14.9811 14.9839 0.00210028 2.18846 0.0854678 0.0546624 0.0003 -3.13749 -0.0429187 
600.11 43.0279 14.4303 14.4338 -0.00705788 -2.35209 0.129994 0.0546624 0.503 -2.63495 0.94839 
600.11 32.3494 14.8939 14.8979 -0.00509991 2.73938 0.120242 0.0546624 0.503 -2.72922 -0.221346 
600.11 33.5265 14.8413 14.7173 0.243624 0.907256 3.56657e-11 0.0546624 0.0003 -2.59175 0.152442 
600.11 40.7669 14.5261 14.5286 -0.00827859 -1.35399 0.136339 0.0546624 0.503 -2.1385 0.124144 
600.11 30.4739 14.9785 14.9803 -0.0047793 2.78259 0.120789 0.0546624 0.503 -3.0948 0.120204 
600.11 30.3079 14.986 14.9874 -0.00376102 1.9306 0.116037 0.0546624 0.503 -3.09898 -0.0738984 
600.11 30.4278 14.9806 14.9814 -0.00246132 2.86535 0.110325 0.0546624 0.503 -2.91318 -0.116988 
600.11 30.3599 14.9837 14.9864 -0.00405352 1.66998 0.116424 0.0546624 0.503 -2.98447 0.132441 
600.11 35.9882 14.7325 14.715 0.0154481 0.577329 0.0438675 0.0546624 0.0003 -3.27906 -0.520198 
600.11 31.2836 14.9419 14.9432 -0.00476971 2.36691 0.12115 0.0546624 0.503 -2.8042 0.162981 
600.11 30.5478 14.9752 14.9766 -0.00408899 3.04295 0.117913 0.0546624 0.503 -2.83639 0.0215277 
600.11 30.5765 14.9738 14.9751 -0.00281992 1.90197 0.111672 0.0546624 0.503 -2.86022 0.0953062 
600.11 33.4083 14.8468 14.8511 -0.00933772 1.86106 0.139671 0.0546624 0.503 -2.95231 0.425446 
600.11 32.526 14.8861 14.8912 -0.00646136 2.00291 0.125969 0.0546624 0.503 -2.9209 0.355205 
600.11 30.9068 14.9589 14.9592 -0.0027931 3.19374 0.112237 0.0546624 0.503 -3.13846 0.162407 
600.11 33.6352 14.8367 14.8372 -0.00560647 0.792776 0.126328 0.0546624 0.503 -2.80622 -0.398911 
600.11 32.274 14.8972 14.8658 0.044143 1.19827 0.00395854 0.0546624 0.0003 -2.70728 0.180137 
600.11 38.7487 14.6125 14.5243 0.173646 -1.07615 2.26094e-08 0.0546624 0.0003 -2.92446 0.746872 
600.11 32.8247 14.8726 14.8741 -0.00516427 1.46989 0.122867 0.0546624 0.503 -2.63045 -0.111757 
600.11 44.2746 14.3779 14.3108 0.126845 -3.56795 1.76827e-06 0.0546624 0.0003 -2.01678 -0.508538 
600.11 49.8822 14.1476 14.1463 0.00254297 -5.14889 0.0870008 0.0546624 0.0003 -1.10076 -1.19324 
600.11 50 14.1429 14.1429 -5.77228e-09 -5.18362 0.0985532 0.0546624 0.0003 1.06591 3.92278 
600.11 30.6134 14.9721 14.9737 -0.000913403 2.48579 0.101358 0.0546624 0.503 -2.90111 0.143853 
600.11 30.8187 14.9628 14.9634 -0.000774792 1.90594 0.101845 0.0546624 0.503 -2.93616 0.19189 
600.11 31.7214 14.9222 14.9218 0.000104301 1.05772 0.098588 0.0546624 0.0003 -2.70313 0.0102312 
600.11 31.078 14.9511 14.9196 0.0673112 2.17923 0.000381961 0.0546624 0.0003 -3.07938 -0.219055 
600.11 30.1183 14.9946 14.99 0.0125698 2.59442 0.0458103 0.0546624 0.0003 -2.92612 0.0193938 
