600.11 50 0.00141429 0.00141429 -1.78681e-13 0.0011426 0.099232 1.39979 0.0003 -1.00849 -4.05605 
600.11 49.9986 0.00141429 0.0014143 -1.14489e-08 0.00114211 0.0992319 1.39979 0.0003 -1.47985 -2.66378 
600.11 50 0.00141429 0.00141428 4.67449e-09 0.00114095 0.099232 1.39979 0.0003 1.8196 -3.47334 
600.11 82.3059 0.00129477 0.00129293 2.69188e-06 0.000163241 0.0992382 1.39979 0.0003 2.87713 0.556555 
600.11 50 0.00141429 0.00141429 -5.29631e-12 0.00114223 0.099232 1.39979 0.0003 -0.789027 -3.21892 
600.11 49.4469 0.00141652 0.00141578 1.42296e-06 0.00115366 0.0992354 1.39979 0.0003 -1.95825 1.55896 
600.11 50.0001 0.00141429 0.00141429 -1.98336e-10 0.00120159 0.099232 1.39979 0.0003 0.867033 -2.96595 
600.11 57.2749 0.00138548 0.00137515 2.06871e-05 0.00082846 0.0992819 1.39979 0.0003 1.67829 0.198182 
600.11 50 0.00141429 0.00141429 -1.70483e-10 0.00119136 0.099232 1.39979 0.0003 -1.2415 3.22687 
600.11 50.0013 0.00141428 0.00141428 -2.14353e-09 0.00118946 0.0992319 1.39979 0.0003 0.537513 -2.03628 
600.11 49.9496 0.00141449 0.00141439 1.75563e-07 0.00116968 0.0992324 1.39979 0.0003 -1.04801 1.43241 
600.11 50 0.00141429 0.00141429 1.61591e-10 0.00125704 0.099232 1.39979 0.0003 0.396337 -3.30081 
600.11 49.9909 0.00141432 0.00141431 2.37964e-08 0.00103376 0.099232 1.39979 0.0003 -3.20044 -2.73867 
600.11 49.8152 0.00141503 0.00141479 4.65504e-07 0.00114689 0.0992331 1.39979 0.0003 -1.89125 1.83329 
600.11 74.3072 0.00132245 0.00133017 -1.64857e-05 0.000418925 0.0991919 1.39979 0.0003 3.70305 0.330536 
600.11 45.8859 0.00143112 0.0014401 -1.83422e-05 0.00136855 0.0991876 1.39979 0.0003 -3.72852 -1.00968 
600.11 69.7243 0.00133884 0.00134618 -1.54234e-05 0.000516261 0.0991946 1.39979 0.0003 3.37422 -0.817439 
600.11 50.09 0.00141392 0.00141401 -1.64971e-07 0.0011673 0.0992316 1.39979 0.0003 0.789391 -1.09697 
600.11 47.0626 0.00142625 0.00142396 4.59314e-06 0.00125034 0.099243 1.39979 0.0003 -2.11218 -1.04471 
600.11 32.2264 0.00148994 0.00148021 2.01326e-05 0.00187532 0.0992807 1.39979 0.0003 -2.69512 0.150363 
600.11 49.9999 0.00141429 0.00141429 -1.59536e-09 0.00114232 0.0992319 1.39979 0.0003 -1.01068 -2.78874 
600.11 50 0.00141429 0.00141429 1.4695e-09 0.00116914 0.099232 1.39979 0.0003 -0.176422 2.21576 
600.11 34.1349 0.00148145 0.00148969 -1.54689e-05 0.00194096 0.0991949 1.39979 0.0003 -2.55982 -0.182818 
600.11 50 0.00141429 0.00141429 8.78244e-12 0.00114177 0.099232 1.39979 0.0003 0.368273 2.9114 
600.11 49.9233 0.0014146 0.00141445 2.62816e-07 0.00114761 0.0992326 1.39979 0.0003 -0.787343 -0.745427 
600.11 47.1243 0.001426 0.00142334 5.32833e-06 0.00124279 0.0992448 1.39979 0.0003 -1.64987 0.278463 
600.11 49.9997 0.00141429 0.00141429 9.08319e-10 0.00114459 0.099232 1.39979 0.0003 -1.72536 3.06422 
600.11 36.8364 0.00146955 0.00146955 -9.01454e-07 0.00171006 0.0992296 1.39979 0.0003 -2.37481 0.137786 
600.11 49.9825 0.00141436 0.00141459 -4.99687e-07 0.00113788 0.0992307 1.39979 0.0003 -2.86945 -2.62381 
600.11 50.4481 0.00141248 0.0014131 -1.06823e-06 0.00133747 0.0992294 1.39979 0.0003 3.51482 -2.06185 
600.11 50 0.00141429 0.00141429 1.25696e-11 0.00114242 0.099232 1.39979 0.0003 0.258899 -3.34457 
600.11 49.9985 0.00141429 0.00141433 -7.79015e-08 0.00102332 0.0992318 1.39979 0.0003 -0.38784 -1.56141 
600.11 55.2479 0.0013934 0.00138571 1.63893e-05 0.000878563 0.0992717 1.39979 0.0003 4.14461 0.891796 
600.11 51.1641 0.0014096 0.0014112 -3.04589e-06 0.00110611 0.0992246 1.39979 0.0003 1.55517 1.22209 
600.11 58.3677 0.00138125 0.00136847 2.56999e-05 0.00108357 0.099294 1.39979 0.0003 3.2263 1.26407 
600.11 49.9839 0.00141435 0.00141438 -5.96607e-08 0.00114207 0.0992318 1.39979 0.0003 -2.03423 2.45957 
600.11 49.7867 0.00141515 0.00141498 3.34964e-07 0.00114842 0.0992328 1.39979 0.0003 -1.81585 1.74571 
600.11 45.4022 0.00143312 0.00144306 -2.02592e-05 0.00138223 0.099183 1.39979 0.0003 -1.88374 0.441854 
600.11 50 0.00141429 0.00141429 2.51997e-10 0.00114286 0.099232 1.39979 0.0003 -0.112349 2.6276 
600.11 50.477 0.00141236 0.00141312 -1.41958e-06 0.00114999 0.0992285 1.39979 0.0003 1.00448 -0.687868 
600.11 82.7261 0.00129337 0.0013059 -2.49151e-05 0.000466896 0.0991719 1.39979 0.0003 3.47828 0.288502 
600.11 80.3463 0.00130144 0.00130076 1.04706e-06 0.000181373 0.0992344 1.39979 0.0003 2.45902 -0.305739 
600.11 81.4882 0.00129754 0.001292 1.0435e-05 0.00021163 0.099257 1.39979 0.0003 3.3984 -0.437349 
600.11 49.8771 0.00141478 0.00141545 -1.40114e-06 0.00115481 0.0992286 1.39979 0.0003 -0.805391 0.417639 
600.11 50 0.00141429 0.00141429 -2.2246e-11 0.00113781 0.099232 1.39979 0.0003 1.70496 -3.72453 
600.11 50 0.00141429 0.00141429 -1.77361e-13 0.00114244 0.099232 1.39979 0.0003 -0.802376 -4.14143 
600.11 49.9998 0.00141429 0.00141429 5.48559e-10 0.00114248 0.099232 1.39979 0.0003 -2.09833 3.27418 
600.11 50.0137 0.00141423 0.00141425 -2.8681e-08 0.00114358 0.0992319 1.39979 0.0003 0.75651 1.70356 
600.11 45.7676 0.00143159 0.00142646 9.66397e-06 0.00125146 0.0992551 1.39979 0.0003 -3.59734 1.07915 
600.11 50.1607 0.00141364 0.00141253 2.35738e-06 0.00119307 0.0992377 1.39979 0.0003 2.6712 -2.32706 
600.11 33.5791 0.00148392 0.00148619 -2.65615e-06 0.00195638 0.099226 1.39979 0.0003 -2.83016 0.405641 
600.11 50.0001 0.00141429 0.00141428 1.90053e-08 0.00114513 0.099232 1.39979 0.0003 0.37576 -2.36313 
600.11 49.9987 0.00141429 0.0014143 -2.50042e-08 0.00113308 0.0992319 1.39979 0.0003 -1.12448 2.43882 
600.11 49.9604 0.00141445 0.00141444 7.65182e-09 0.00110874 0.099232 1.39979 0.0003 -0.534458 0.135496 
600.11 36.55 0.00147081 0.00147619 -1.05605e-05 0.00177117 0.0992065 1.39979 0.0003 -3.16578 0.601218 
600.11 66.6405 0.00135012 0.00136423 -2.68854e-05 0.000764342 0.0991674 1.39979 0.0003 3.96803 0.193601 
600.11 49.7688 0.00141522 0.00141483 7.19179e-07 0.00115504 0.0992337 1.39979 0.0003 -2.52132 -2.03497 
600.11 50.0144 0.00141423 0.00141426 -5.37789e-08 0.00116375 0.0992318 1.39979 0.0003 0.91221 1.87705 
600.11 50 0.00141429 0.00141429 2.73394e-10 0.00114255 0.099232 1.39979 0.0003 0.546303 2.73 
600.11 50.0024 0.00141428 0.00141427 5.96945e-09 0.00114103 0.099232 1.39979 0.0003 0.411773 -1.71378 
600.11 89.3683 0.0012713 0.00128332 -2.42149e-05 -6.04239e-05 0.0986646 0.0546624 0.0003 3.08455 -0.35183 
600.11 50.3825 0.00141274 0.00141203 1.4469e-06 0.001129 0.0992354 1.39979 0.0003 3.61181 2.0733 
600.11 50.0053 0.00141426 0.00141427 -1.62128e-08 0.00114237 0.0992319 1.39979 0.0003 2.6151 -2.95189 
600.11 85.9746 0.00128247 0.0012941 -2.506e-05 4.36649e-05 0.0991711 1.39979 0.0003 3.43671 0.169155 
600.11 52.5967 0.00140387 0.00139956 8.84677e-06 0.000984169 0.0992534 1.39979 0.0003 2.63595 -1.63194 
600.11 50 0.00141429 0.00141429 2.21089e-11 0.0010945 0.099232 1.39979 0.0003 0.37155 -3.48437 
600.11 50.4306 0.00141255 0.00141326 -1.33048e-06 0.00113169 0.0992288 1.39979 0.0003 3.26611 2.1177 
600.11 50.0029 0.00141427 0.00141425 4.48631e-08 0.00114606 0.0992321 1.39979 0.0003 0.00903822 -0.151804 
600.11 49.9933 0.00141431 0.00141427 9.95879e-08 0.00127015 0.0992322 1.39979 0.0003 -0.234529 0.235128 
600.11 83.0912 0.00129212 0.00130379 -2.63216e-05 -7.83107e-05 0.0986756 0.0546624 0.0003 2.97349 0.548226 
600.11 50 0.00141429 0.00141429 5.74445e-12 0.00114226 0.099232 1.39979 0.0003 -0.224029 -2.93332 
600.11 50.0016 0.00141428 0.00141428 -4.95566e-09 0.00123931 0.0992319 1.39979 0.0003 2.39479 -3.1104 
600.11 38.7268 0.00146135 0.0014533 1.62724e-05 0.00154622 0.0992713 1.39979 0.0003 -2.25058 0.0056012 
600.11 50 0.00141429 0.00141429 -3.52692e-12 0.00114129 0.099232 1.39979 0.0003 1.32314 -3.81664 
600.11 50 0.00141429 0.00141429 6.45598e-14 0.00114279 0.099232 1.39979 0.0003 0.493709 3.84583 
600.11 49.999 0.00141429 0.00141429 -6.85034e-09 0.00112108 0.0992319 1.39979 0.0003 -2.86837 3.10612 
600.11 49.9963 0.0014143 0.00141429 1.48287e-08 0.00114294 0.099232 1.39979 0.0003 -0.874879 1.97846 
600.11 50.0099 0.00141425 0.00141426 -2.5832e-08 0.00111018 0.0992319 1.39979 0.0003 1.95429 2.67543 
600.11 50 0.00141429 0.00141429 1.23157e-10 0.00114287 0.099232 1.39979 0.0003 0.206748 -2.7626 
600.11 61.0226 0.00137109 0.00136079 2.0271e-05 0.000735848 0.0992808 1.39979 0.0003 4.15406 -0.216939 
600.11 49.9992 0.00141429 0.00141429 3.18042e-09 0.00113435 0.099232 1.39979 0.0003 -0.90394 -2.34618 
600.11 49.7493 0.0014153 0.00141682 -3.22655e-06 0.00105738 0.0992241 1.39979 0.0003 -3.40741 -2.03142 
600.11 49.664 0.00141565 0.00141584 -2.16447e-07 0.00116357 0.0992315 1.39979 0.0003 -1.29994 1.05595 
600.11 49.9983 0.00141429 0.0014143 -2.21883e-08 0.00110226 0.0992319 1.39979 0.0003 -2.01057 -2.86613 
600.11 36.3632 0.00147161 0.00146047 2.23266e-05 0.00159332 0.0992859 1.39979 0.0003 -2.91419 -0.606401 
600.11 92.0827 0.0012625 0.00127062 -1.66261e-05 -0.000346392 0.0986298 0.0546624 0.0003 3.11864 0.227066 
600.11 49.9458 0.00141451 0.00141466 -3.15813e-07 0.00113004 0.0992312 1.39979 0.0003 -0.774625 -0.916564 
600.11 49.7436 0.00141532 0.00141496 6.93116e-07 0.00115405 0.0992336 1.39979 0.0003 -1.33807 1.22756 
600.11 50 0.00141429 0.00141429 8.089e-11 0.00115142 0.099232 1.39979 0.0003 -1.59195 -3.39717 
600.11 50.015 0.00141422 0.00141425 -4.05526e-08 0.00129002 0.0992319 1.39979 0.0003 0.662923 1.54312 
600.11 61.1149 0.00137077 0.0013786 -1.53226e-05 0.00105715 0.0991951 1.39979 0.0003 1.90282 -0.407869 
600.11 49.9984 0.00141429 0.00141431 -3.30597e-08 0.00112318 0.0992319 1.39979 0.0003 -1.59125 -2.69269 
600.11 41.1731 0.00145088 0.00145529 -8.25604e-06 0.00159856 0.0992122 1.39979 0.0003 -2.14782 -0.274893 
600.11 50 0.00141429 0.00141429 -4.88269e-11 0.00114314 0.099232 1.39979 0.0003 -0.998548 3.48728 
600.11 49.9999 0.00141429 0.00141429 -2.78278e-09 0.00114292 0.0992319 1.39979 0.0003 -0.803975 2.70049 
600.11 50 0.00141429 0.00141429 -1.02587e-11 0.00115093 0.099232 1.39979 0.0003 -1.96322 3.7382 
600.11 80.9666 0.00129932 0.00129778 1.64297e-06 0.000126997 0.0992356 1.39979 0.0003 3.39577 0.457958 
600.11 50 0.00141429 0.00141429 5.22755e-12 0.00114241 0.099232 1.39979 0.0003 -1.16675 -3.55673 
600.11 50.0344 0.00141415 0.0014142 -9.54986e-08 0.00114216 0.0992317 1.39979 0.0003 1.18292 1.93115 
600.11 83.3483 0.00129127 0.0013047 -2.7698e-05 6.67897e-05 0.0991649 1.39979 0.0003 3.07821 -0.536139 
600.11 50 0.00141429 0.00141429 -1.70339e-12 0.00112513 0.099232 1.39979 0.0003 -1.27259 3.81384 
600.11 50.0336 0.00141415 0.00141419 -1.17298e-07 0.00135605 0.0992317 1.39979 0.0003 0.424794 -0.649686 
600.11 50.3925 0.0014127 0.00141202 1.20391e-06 0.00111808 0.0992348 1.39979 0.0003 2.28192 -2.03282 
600.11 50.0108 0.00141424 0.00141427 -4.04981e-08 0.00114293 0.0992319 1.39979 0.0003 0.941859 -1.98319 
600.11 79.4202 0.0013046 0.0013007 3.83766e-06 5.1239e-05 0.0992403 1.39979 0.0003 2.49035 0.396187 
600.11 49.9942 0.00141431 0.00141435 -8.07746e-08 0.00114259 0.0992318 1.39979 0.0003 -2.74213 -2.8132 
600.11 49.9072 0.00141466 0.0014146 1.14403e-07 0.00119592 0.0992322 1.39979 0.0003 -0.706053 -0.0546029 
600.11 45.4876 0.00143276 0.00143611 -6.45877e-06 0.00135932 0.0992164 1.39979 0.0003 -2.16496 -0.872975 
600.11 49.9987 0.00141429 0.00141432 -6.5744e-08 0.00114519 0.0992318 1.39979 0.0003 -0.169075 -1.05192 
600.11 50.0074 0.00141426 0.00141429 -6.11253e-08 0.00115808 0.0992318 1.39979 0.0003 0.136374 0.505832 
600.11 49.9975 0.0014143 0.00141431 -2.41281e-08 0.00114447 0.0992319 1.39979 0.0003 -0.64565 -1.81092 
600.11 49.9989 0.00141429 0.0014143 -1.31147e-08 0.00113804 0.0992319 1.39979 0.0003 -2.07468 2.96351 
600.11 57.1041 0.00138616 0.00139171 -9.67341e-06 0.00100554 0.099209 1.39979 0.0003 4.03861 0.854333 
600.11 51.5483 0.00140806 0.0014099 -3.56074e-06 0.00109939 0.0992234 1.39979 0.0003 2.08686 -1.57094 
600.11 70.4351 0.00133625 0.00134185 -1.51944e-05 0.000334109 0.0991943 1.39979 0.0003 2.48177 0.710808 
600.11 49.9997 0.00141429 0.00141429 -1.94939e-10 0.0011137 0.099232 1.39979 0.0003 -1.39874 -2.87019 
600.11 49.9996 0.00141429 0.00141429 -3.97522e-09 0.00114266 0.0992319 1.39979 0.0003 -0.4437 -2.0129 
600.11 50 0.00141429 0.00141429 1.67004e-13 0.00114236 0.099232 1.39979 0.0003 0.923265 -4.02929 
600.11 48.5268 0.00142026 0.00142034 -8.73317e-07 0.00116423 0.0992297 1.39979 0.0003 -3.91619 1.31003 
600.11 50.0266 0.00141418 0.0014141 1.80472e-07 0.00115695 0.0992324 1.39979 0.0003 3.17164 -2.69372 
600.11 49.9999 0.00141429 0.00141429 3.31769e-10 0.00113875 0.099232 1.39979 0.0003 -1.01698 2.86491 
600.11 49.9999 0.00141429 0.00141429 5.43901e-11 0.00113723 0.099232 1.39979 0.0003 -1.2821 -3.08218 
600.11 49.9945 0.00141431 0.00141436 -1.20024e-07 0.0011434 0.0992317 1.39979 0.0003 -1.67875 2.50646 
600.11 50 0.00141429 0.00141429 3.54174e-11 0.00112453 0.099232 1.39979 0.0003 -1.74879 -3.5716 
600.11 51.0795 0.00140994 0.0014118 -3.43722e-06 0.00111696 0.0992237 1.39979 0.0003 1.09318 0.137062 
600.11 77.5765 0.00131102 0.00133344 -4.45621e-05 0.000249711 0.0991245 1.39979 0.0003 3.03956 -0.691414 
600.11 49.9976 0.0014143 0.00141431 -3.85682e-08 0.00114257 0.0992319 1.39979 0.0003 -3.03341 -2.97518 
600.11 53.809 0.00139907 0.00140383 -9.07673e-06 0.00109241 0.0992102 1.39979 0.0003 1.57161 -0.615713 
600.11 52.6745 0.00140356 0.00140642 -5.58248e-06 0.00106439 0.0992185 1.39979 0.0003 1.95541 -1.29417 
600.11 50 0.00141429 0.00141429 7.60347e-15 0.00114276 0.099232 1.39979 0.0003 -0.0128146 -3.83647 
600.11 49.9873 0.00141434 0.00141432 3.7368e-08 0.0011402 0.099232 1.39979 0.0003 -2.18595 2.5595 
600.11 50 0.00141429 0.00141429 -1.11535e-09 0.00114197 0.0992319 1.39979 0.0003 -0.12117 2.20913 
600.11 90.7275 0.00126688 0.00128048 -2.85692e-05 -0.000150599 0.0986852 0.0546624 0.0003 2.89877 -0.295717 
600.11 51.8081 0.00140702 0.00140934 -4.47535e-06 0.0011005 0.0992212 1.39979 0.0003 1.4528 -0.869351 
600.11 56.63 0.00138798 0.00137771 2.04563e-05 0.000753902 0.0992813 1.39979 0.0003 1.63082 0.0507646 
600.11 50 0.00141429 0.00141429 -3.83861e-11 0.00114183 0.099232 1.39979 0.0003 -1.34881 3.78097 
600.11 50.9306 0.00141054 0.00141176 -2.34372e-06 0.00111518 0.0992263 1.39979 0.0003 2.77165 -1.93607 
600.11 49.9961 0.0014143 0.00141434 -8.12077e-08 0.00112991 0.0992318 1.39979 0.0003 -2.69999 2.87707 
600.11 39.6692 0.00145732 0.00145773 2.60112e-06 0.00157733 0.0992391 1.39979 0.0003 -3.78252 -0.188164 
600.11 50.0001 0.00141429 0.00141428 2.54631e-09 0.00114429 0.099232 1.39979 0.0003 0.188047 2.18659 
600.11 48.1128 0.00142195 0.00142159 -3.14002e-07 0.00109946 0.0992309 1.39979 0.0003 -1.68855 0.769976 
600.11 70.009 0.00133778 0.00132301 2.79915e-05 0.000430268 0.0992991 1.39979 0.0003 2.80858 -0.870612 
600.11 50.0001 0.00141429 0.00141429 -4.75075e-10 0.00114113 0.099232 1.39979 0.0003 0.847538 2.81633 
600.11 49.9999 0.00141429 0.00141429 2.90567e-10 0.00114381 0.099232 1.39979 0.0003 -0.554841 -2.50461 
600.11 88.5286 0.00127404 0.00128226 -1.8117e-05 -0.000329063 0.0986372 0.0546624 0.0003 3.35631 0.158706 
600.11 49.6394 0.00141574 0.00141599 -4.9621e-07 0.00115102 0.0992308 1.39979 0.0003 -1.12066 0.635309 
600.11 77.9337 0.00130973 0.00129182 3.45962e-05 -5.73201e-05 0.0983946 0.0546624 0.0003 2.99959 0.683789 
600.11 49.9972 0.0014143 0.0014143 -1.60726e-09 0.00115449 0.0992319 1.39979 0.0003 -0.163579 0.547894 
600.11 55.143 0.0013938 0.00138612 1.54376e-05 0.00086882 0.0992692 1.39979 0.0003 3.78749 1.22716 
600.11 39.6347 0.00145743 0.00144736 1.97995e-05 0.00143544 0.0992797 1.39979 0.0003 -2.69279 -0.741249 
600.11 50 0.00141429 0.00141429 -1.10631e-11 0.00114244 0.099232 1.39979 0.0003 0.000719903 3.13418 
600.11 50.8067 0.00141104 0.00141242 -2.55841e-06 0.0011226 0.0992258 1.39979 0.0003 1.29795 1.02141 
600.11 50.1183 0.00141381 0.00141388 -1.56708e-07 0.00113818 0.0992316 1.39979 0.0003 1.16948 -1.57196 
600.11 48.7609 0.00141931 0.00141731 3.73799e-06 0.00117419 0.0992409 1.39979 0.0003 -2.60413 1.60259 
600.11 49.9812 0.00141436 0.00141438 -3.35804e-08 0.00113821 0.0992319 1.39979 0.0003 -1.542 -2.16926 
600.11 49.1489 0.00141774 0.00142102 -6.86107e-06 0.00116524 0.0992153 1.39979 0.0003 -2.35725 -1.63749 
600.11 49.1303 0.00141781 0.001417 1.59939e-06 0.00116918 0.0992358 1.39979 0.0003 -1.31219 0.472896 
600.11 49.9925 0.00141432 0.00141432 -9.49364e-09 0.00114071 0.0992319 1.39979 0.0003 -1.06196 1.99284 
600.11 39.9747 0.001456 0.00145537 2.84352e-06 0.00152905 0.0992392 1.39979 0.0003 -3.71881 -0.400376 
600.11 50.0258 0.00141418 0.00141383 7.62142e-07 0.00122223 0.0992338 1.39979 0.0003 0.58113 -1.21028 
600.11 50.0002 0.00141428 0.00141429 -8.12167e-10 0.00115298 0.099232 1.39979 0.0003 0.0407937 1.68941 
600.11 46.522 0.00142849 0.00143395 -1.08121e-05 0.0012271 0.0992059 1.39979 0.0003 -1.83762 0.603018 
600.11 81.114 0.00129882 0.00129933 -2.64177e-06 -1.0658e-05 0.098566 0.0546624 0.0003 3.58469 -0.140816 
600.11 50 0.00141429 0.00141429 -8.63529e-10 0.00116194 0.099232 1.39979 0.0003 -2.18753 3.49449 
600.11 50 0.00141429 0.00141429 -4.34016e-11 0.00112836 0.099232 1.39979 0.0003 -0.81543 3.03542 
600.11 49.9253 0.00141459 0.00141446 2.39467e-07 0.00113686 0.0992325 1.39979 0.0003 -1.4971 -1.7939 
600.11 50.1213 0.0014138 0.00141308 1.52611e-06 0.0011396 0.0992357 1.39979 0.0003 0.691086 -0.683641 
600.11 59.3174 0.00137763 0.00138528 -1.36429e-05 0.00085932 0.0991994 1.39979 0.0003 2.30256 1.02782 
600.11 50.0284 0.00141417 0.00141399 3.97286e-07 0.00120745 0.0992329 1.39979 0.0003 3.18663 2.68088 
600.11 91.1423 0.00126551 0.00125967 9.54832e-06 -0.000579056 0.0985102 0.0546624 0.0003 3.21104 0.208387 
600.11 57.4255 0.0013849 0.00138226 6.07073e-06 0.000984814 0.0992468 1.39979 0.0003 4.09128 -0.758166 
600.11 43.121 0.00144263 0.00143674 1.11694e-05 0.00135633 0.0992588 1.39979 0.0003 -3.99598 0.231496 
600.11 49.8943 0.00141471 0.00141456 2.93195e-07 0.00097422 0.0992327 1.39979 0.0003 -2.40702 -2.18775 
600.11 49.9929 0.00141431 0.00141438 -1.39101e-07 0.00113336 0.0992316 1.39979 0.0003 -2.73411 2.77677 
600.11 49.9999 0.00141429 0.00141427 4.44878e-08 0.00115503 0.0992321 1.39979 0.0003 -0.0709974 -0.775189 
600.11 56.5318 0.00138836 0.00138749 -1.40728e-06 0.000927903 0.0992278 1.39979 0.0003 1.70536 -0.464601 
600.11 76.5697 0.0013145 0.00130986 1.02482e-05 0.00020216 0.0992569 1.39979 0.0003 3.6361 0.3343 
600.11 49.8842 0.00141475 0.00141462 2.62355e-07 0.00114528 0.0992326 1.39979 0.0003 -1.00789 1.03896 
600.11 46.0849 0.00143028 0.00142902 2.72235e-06 0.00132473 0.0992386 1.39979 0.0003 -1.93654 -0.683585 
600.11 49.9929 0.00141431 0.00141431 9.24678e-09 0.00117147 0.099232 1.39979 0.0003 -0.28283 0.570895 
600.11 61.1655 0.00137058 0.00138237 -2.3028e-05 0.000795497 0.0991765 1.39979 0.0003 1.94405 0.500529 
600.11 46.5085 0.00142854 0.00143789 -1.92428e-05 0.00127363 0.0991854 1.39979 0.0003 -4.04892 0.781556 
600.11 49.9302 0.00141457 0.00141456 6.24861e-09 0.0011359 0.099232 1.39979 0.0003 -0.990887 -1.22822 
600.11 63.6055 0.00136139 0.00137732 -3.07433e-05 0.000740719 0.0991581 1.39979 0.0003 1.94626 0.247841 
600.11 50.0042 0.00141427 0.00141428 -1.38795e-08 0.00114218 0.0992319 1.39979 0.0003 2.60761 2.98988 
600.11 63.5111 0.0013617 0.00135047 2.1871e-05 0.000539384 0.0992846 1.39979 0.0003 3.47573 -0.976261 
600.11 35.3204 0.00147622 0.00148522 -1.71131e-05 0.00188994 0.0991909 1.39979 0.0003 -2.45091 -0.0426327 
600.11 51.6235 0.00140775 0.00140061 1.49575e-05 0.00120653 0.0992682 1.39979 0.0003 1.23166 0.359681 
600.11 49.9977 0.00141429 0.0014143 -1.27541e-08 0.00114272 0.0992319 1.39979 0.0003 -0.569436 -1.72971 
600.11 50 0.00141429 0.00141429 7.82075e-12 0.00114241 0.099232 1.39979 0.0003 1.1629 -3.6728 
600.11 47.0583 0.00142627 0.00142578 1.1672e-06 0.00119617 0.0992348 1.39979 0.0003 -2.29222 -1.17366 
600.11 49.9993 0.00141429 0.00141429 -4.82473e-09 0.00114475 0.0992319 1.39979 0.0003 -2.20913 3.08224 
600.11 78.7091 0.00130706 0.00130147 1.0614e-05 0.000202171 0.0992574 1.39979 0.0003 3.07177 -0.659856 
600.11 45.9978 0.00143064 0.00143533 -1.20931e-05 0.00126607 0.0992021 1.39979 0.0003 -4.16956 -0.456505 
600.11 49.9325 0.00141456 0.00141449 1.30887e-07 0.00117475 0.0992323 1.39979 0.0003 -0.669907 0.382969 
600.11 49.8592 0.00141485 0.00141471 2.82349e-07 0.00100492 0.0992326 1.39979 0.0003 -3.61036 2.11755 
600.11 50.0053 0.00141426 0.00141424 3.90248e-08 0.00130684 0.099232 1.39979 0.0003 1.02491 -2.22802 
600.11 49.9901 0.00141433 0.00141431 3.19156e-08 0.00114284 0.099232 1.39979 0.0003 -2.1329 2.58947 
600.11 50 0.00141429 0.00141429 -1.60098e-11 0.0011385 0.099232 1.39979 0.0003 -1.5984 -3.80695 
600.11 50 0.00141429 0.00141429 2.30016e-11 0.00114245 0.099232 1.39979 0.0003 0.210496 3.1424 
600.11 50.4607 0.00141243 0.0014107 3.60448e-06 0.00110721 0.0992407 1.39979 0.0003 0.976226 -0.628502 
600.11 45.2415 0.00143379 0.0014426 -1.77214e-05 0.00144192 0.0991892 1.39979 0.0003 -3.837 0.840831 
600.11 49.3617 0.00141687 0.00142018 -6.98866e-06 0.00117096 0.099215 1.39979 0.0003 -1.16676 -0.125596 
600.11 54.8263 0.00139504 0.00138791 1.33161e-05 0.000926636 0.0992639 1.39979 0.0003 2.32159 -1.31465 
600.11 57.6777 0.00138391 0.0013738 1.97671e-05 0.000915477 0.0992796 1.39979 0.0003 1.96358 0.81196 
600.11 51.5934 0.00140787 0.00140854 -1.85903e-06 0.00127468 0.0992273 1.39979 0.0003 1.64256 -1.19649 
600.11 50.0001 0.00141429 0.00141429 8.00507e-10 0.00111489 0.099232 1.39979 0.0003 0.761426 2.86141 
600.11 77.0609 0.00131279 0.00131826 -1.17886e-05 0.000476246 0.0992033 1.39979 0.0003 2.29985 0.0904305 
600.11 47.0774 0.0014262 0.00143098 -9.47802e-06 0.00127091 0.0992091 1.39979 0.0003 -1.81891 -0.700207 
600.11 50.0077 0.00141425 0.00141424 3.17154e-08 0.00114643 0.099232 1.39979 0.0003 0.349816 1.21146 
600.11 48.8271 0.00141904 0.00141832 1.20208e-06 0.0011124 0.0992348 1.39979 0.0003 -1.4676 -0.656429 
600.11 50 0.00141429 0.00141429 -2.61013e-09 0.00114599 0.0992319 1.39979 0.0003 -0.0760599 -1.75159 
600.11 49.9556 0.00141447 0.0014145 -7.19185e-08 0.00110301 0.0992318 1.39979 0.0003 -1.78083 -2.12157 
600.11 49.8893 0.00141473 0.00141454 3.53429e-07 0.00109888 0.0992328 1.39979 0.0003 -1.73648 1.86959 
600.11 49.9851 0.00141435 0.00141433 3.8125e-08 0.00113164 0.099232 1.39979 0.0003 -2.71549 2.64099 
600.11 50.0003 0.00141428 0.00141428 -9.2203e-10 0.00114159 0.099232 1.39979 0.0003 0.52139 -2.34227 
600.11 31.3989 0.00149366 0.00148257 2.27841e-05 0.00178925 0.0992871 1.39979 0.0003 -3.25216 -0.0858021 
600.11 74.2568 0.00132265 0.00134481 -4.36945e-05 0.000377418 0.0991267 1.39979 0.0003 2.56854 -0.647387 
600.11 50 0.00141429 0.00141429 -1.83668e-11 0.0011425 0.099232 1.39979 0.0003 -1.5553 -3.70385 
600.11 50 0.00141429 0.00141429 1.11778e-12 0.00114257 0.099232 1.39979 0.0003 1.01214 -4.11644 
600.11 50 0.00141429 0.00141429 -2.71046e-10 0.0011454 0.099232 1.39979 0.0003 -0.0350589 2.2115 
600.11 49.9996 0.00141429 0.00141429 -1.25669e-09 0.00114185 0.0992319 1.39979 0.0003 -0.21323 1.62294 
600.11 80.1245 0.00130218 0.00128836 2.71406e-05 9.88953e-05 0.0992974 1.39979 0.0003 3.15493 -0.607916 
600.11 88.8788 0.00127289 0.00127492 -5.09706e-06 -0.000393604 0.0985771 0.0546624 0.0003 2.64958 0.14324 
600.11 49.9975 0.0014143 0.00141429 9.55269e-09 0.00114301 0.099232 1.39979 0.0003 -1.62651 2.62922 
600.11 49.9981 0.00141429 0.00141429 3.81427e-09 0.00114244 0.099232 1.39979 0.0003 -1.08765 -2.3247 
600.11 39.2812 0.00145898 0.00147106 -2.38561e-05 0.00170782 0.0991745 1.39979 0.0003 -3.4641 -0.62945 
600.11 89.4235 0.00127111 0.00128193 -2.32302e-05 -8.68346e-05 0.0986607 0.0546624 0.0003 2.79676 0.297172 
600.11 49.975 0.00141439 0.00141437 3.68057e-08 0.0010412 0.099232 1.39979 0.0003 -1.11573 -1.73197 
600.11 50.037 0.00141414 0.0014138 7.23266e-07 0.00113833 0.0992337 1.39979 0.0003 1.32293 -2.03718 
600.11 49.9631 0.00141443 0.00141436 1.32457e-07 0.00140002 0.0992323 1.39979 0.0003 -0.763755 -1.07988 
600.11 65.0186 0.0013561 0.00136021 -8.07599e-06 0.000669464 0.0992125 1.39979 0.0003 2.84591 -1.02547 
600.11 50.4212 0.00141259 0.00141249 1.81667e-07 0.00114657 0.0992324 1.39979 0.0003 1.3057 1.30663 
600.11 49.0761 0.00141803 0.00141668 2.5219e-06 0.00115513 0.099238 1.39979 0.0003 -3.86375 1.50556 
600.11 89.5318 0.00127076 0.00127989 -1.97004e-05 -0.00010565 0.0986444 0.0546624 0.0003 3.32723 0.140922 
600.11 35.1548 0.00147694 0.00148166 -8.64271e-06 0.00183072 0.0992113 1.39979 0.0003 -3.00793 0.540532 
600.11 50.0008 0.00141428 0.00141428 -3.11606e-09 0.00114649 0.0992319 1.39979 0.0003 0.220509 1.71788 
600.11 49.9943 0.00141431 0.0014144 -2.06167e-07 0.00114125 0.0992315 1.39979 0.0003 -0.812439 1.79388 
600.11 50.1832 0.00141355 0.00141383 -5.3216e-07 0.001139 0.0992307 1.39979 0.0003 0.997005 -1.17519 
600.11 50.8711 0.00141078 0.00141187 -2.10797e-06 0.0011156 0.0992269 1.39979 0.0003 1.05306 0.273401 
600.11 50.0166 0.00141422 0.0014142 2.96514e-08 0.00114594 0.099232 1.39979 0.0003 0.973144 -1.90778 
600.11 51.1113 0.00140981 0.00140738 4.96078e-06 0.00107391 0.0992439 1.39979 0.0003 1.13369 0.380167 
600.11 50.8927 0.00141069 0.00140943 2.50273e-06 0.0010877 0.099238 1.39979 0.0003 3.83876 1.77163 
600.11 49.4469 0.00141652 0.00141578 1.42178e-06 0.0011573 0.0992354 1.39979 0.0003 -1.26064 -0.70015 
600.11 49.9901 0.00141433 0.00141446 -2.9413e-07 0.00109288 0.0992312 1.39979 0.0003 -0.281858 -0.0566619 
600.11 55.9898 0.00139048 0.0013811 1.89142e-05 0.000980448 0.0992776 1.39979 0.0003 2.05031 -1.03672 
600.11 49.7005 0.0014155 0.00141505 7.99134e-07 0.00112674 0.0992339 1.39979 0.0003 -3.68941 -1.9082 
600.11 49.0913 0.00141797 0.001419 -2.0354e-06 0.00117356 0.099227 1.39979 0.0003 -1.4462 -0.784648 
600.11 49.9597 0.00141445 0.00141444 2.70336e-08 0.00113576 0.099232 1.39979 0.0003 -2.1354 -2.30992 
600.11 57.3481 0.00138519 0.00137302 2.5022e-05 0.00102812 0.0992925 1.39979 0.0003 4.05417 -0.815531 
600.11 49.9981 0.00141429 0.00141429 -9.56764e-10 0.00114193 0.099232 1.39979 0.0003 -0.60791 -1.83653 
600.11 49.888 0.00141474 0.00141472 5.4739e-08 0.00112771 0.0992321 1.39979 0.0003 -3.66217 2.15475 
600.11 49.9927 0.00141432 0.00141431 3.01754e-09 0.00115388 0.099232 1.39979 0.0003 -0.618453 -1.44264 
600.11 49.9998 0.00141429 0.00141429 -8.22326e-10 0.00114264 0.099232 1.39979 0.0003 -1.31782 2.9419 
600.11 49.6941 0.00141552 0.0014162 -1.30137e-06 0.00116513 0.0992288 1.39979 0.0003 -1.9382 -1.7234 
600.11 61.3972 0.00136969 0.00137603 -1.27061e-05 0.000747917 0.0992013 1.39979 0.0003 2.86582 -1.15224 
600.11 50.4884 0.00141232 0.00141285 -1.03886e-06 0.00130425 0.0992295 1.39979 0.0003 1.29009 -1.22829 
600.11 50.0005 0.00141428 0.00141426 4.28708e-08 0.00114252 0.0992321 1.39979 0.0003 0.0723474 1.56783 
600.11 50.0337 0.00141415 0.00141422 -1.19277e-07 0.00129821 0.0992317 1.39979 0.0003 2.67759 2.63606 
600.11 47.2168 0.00142563 0.00142803 -4.46404e-06 0.00117404 0.0992213 1.39979 0.0003 -2.67339 -1.35144 
600.11 49.9963 0.0014143 0.0014143 1.01069e-08 0.0011396 0.099232 1.39979 0.0003 -1.1329 -2.22392 
600.11 49.9975 0.0014143 0.00141429 9.29137e-09 0.00114187 0.099232 1.39979 0.0003 -1.57525 2.60383 
600.11 50.3793 0.00141275 0.00141161 2.25512e-06 0.00111068 0.0992374 1.39979 0.0003 2.11352 1.97372 
600.11 50.0186 0.00141421 0.00141424 -5.19985e-08 0.00113838 0.0992318 1.39979 0.0003 2.0014 2.57672 
600.11 50.0003 0.00141428 0.00141428 -8.92547e-10 0.00114339 0.099232 1.39979 0.0003 0.541823 2.35153 
600.11 34.1721 0.00148127 0.00147652 1.02819e-05 0.00178841 0.099257 1.39979 0.0003 -3.18419 0.441958 
600.11 47.9205 0.00142274 0.00142215 1.03579e-06 0.00115776 0.0992344 1.39979 0.0003 -3.53501 1.38995 
600.11 44.7222 0.00143594 0.00143777 -3.57307e-06 0.00120228 0.0992233 1.39979 0.0003 -3.60219 -0.971117 
600.11 45.5071 0.00143268 0.00143457 -3.47999e-06 0.0013524 0.0992236 1.39979 0.0003 -2.11652 -0.826456 
600.11 49.9974 0.0014143 0.00141429 4.52837e-09 0.00113994 0.099232 1.39979 0.0003 -2.40204 2.90346 
600.11 49.9998 0.00141429 0.00141429 7.83297e-10 0.00114227 0.099232 1.39979 0.0003 -1.31525 -2.90648 
600.11 50.0001 0.00141429 0.00141429 -2.61879e-10 0.00114237 0.099232 1.39979 0.0003 2.10625 3.50207 
600.11 49.0421 0.00141817 0.001418 3.52732e-07 0.00119942 0.0992328 1.39979 0.0003 -1.79995 -1.24011 
600.11 45.3373 0.00143337 0.00142781 1.07597e-05 0.00122171 0.0992578 1.39979 0.0003 -3.40377 1.12408 
600.11 50.0512 0.00141408 0.00141397 2.21556e-07 0.00114756 0.0992325 1.39979 0.0003 1.62787 2.18183 
600.11 51.2269 0.00140935 0.00141107 -3.11103e-06 0.0010333 0.0992245 1.39979 0.0003 1.41295 -1.00534 
600.11 49.9949 0.00141431 0.0014143 1.90568e-08 0.0011426 0.099232 1.39979 0.0003 -1.06059 -2.08428 
600.11 49.9955 0.0014143 0.00141431 -6.07185e-09 0.00114275 0.0992319 1.39979 0.0003 -2.46036 -2.81831 
600.11 49.9993 0.00141429 0.00141429 1.52087e-09 0.00114277 0.099232 1.39979 0.0003 -2.16685 -3.06962 
600.11 49.9793 0.00141437 0.00141434 6.30172e-08 0.00114408 0.0992321 1.39979 0.0003 -1.93661 2.36686 
600.11 41.3411 0.00145015 0.00144311 1.41102e-05 0.00145677 0.099266 1.39979 0.0003 -3.56183 0.710308 
600.11 49.9996 0.00141429 0.00141429 -1.01967e-08 0.00113428 0.0992319 1.39979 0.0003 -1.09219 2.65193 
600.11 50.1102 0.00141384 0.00141333 1.03448e-06 0.00113132 0.0992345 1.39979 0.0003 2.53913 2.38334 
600.11 48.15 0.0014218 0.00141984 3.81475e-06 0.00118326 0.0992411 1.39979 0.0003 -1.51979 0.376209 
600.11 50 0.00141429 0.00141429 -2.48712e-10 0.0011427 0.099232 1.39979 0.0003 0.0173953 2.42013 
600.11 50 0.00141429 0.00141429 -1.81585e-12 0.00114205 0.099232 1.39979 0.0003 -0.969255 4.08727 
600.11 49.9991 0.00141429 0.00141431 -3.57375e-08 0.0011467 0.0992319 1.39979 0.0003 -0.337956 1.64921 
600.11 50.0168 0.00141422 0.00141398 5.27889e-07 0.0011299 0.0992332 1.39979 0.0003 0.334964 0.792666 
600.11 49.988 0.00141433 0.00141433 4.6082e-09 0.00114295 0.099232 1.39979 0.0003 -0.836531 1.61044 
600.11 50.1306 0.00141376 0.00141385 -1.42738e-07 0.00125474 0.0992316 1.39979 0.0003 2.26484 2.27688 
600.11 45.0131 0.00143474 0.00144471 -2.01266e-05 0.00144162 0.0991833 1.39979 0.0003 -4.05791 0.4924 
600.11 76.2181 0.0013157 0.0013004 2.9392e-05 -4.1788e-06 0.0984185 0.0546624 0.0003 2.45083 0.477581 
600.11 50.0032 0.00141427 0.00141428 -1.07054e-08 0.00114492 0.0992319 1.39979 0.0003 1.43146 -2.62538 
600.11 65.959 0.00135259 0.00133978 2.52393e-05 0.000584641 0.0992928 1.39979 0.0003 3.69652 -0.72874 
600.11 60.0664 0.00137477 0.00138451 -1.77144e-05 0.000828309 0.0991896 1.39979 0.0003 4.00039 -0.682808 
600.11 74.0397 0.00132337 0.00131497 1.54827e-05 8.25439e-05 0.099269 1.39979 0.0003 2.47734 0.584324 
600.11 50.0394 0.00141413 0.00141408 1.21668e-07 0.00114409 0.0992323 1.39979 0.0003 1.14967 -1.86427 
600.11 50 0.00141429 0.00141429 6.26873e-12 0.00114607 0.099232 1.39979 0.0003 0.85166 3.7179 
600.11 50.001 0.00141428 0.00141428 -1.97364e-09 0.00114082 0.0992319 1.39979 0.0003 0.904408 2.46869 
600.11 60.1416 0.00137448 0.00136918 1.55222e-05 0.000764535 0.0992706 1.39979 0.0003 4.15879 -0.342046 
600.11 50.4853 0.00141233 0.00140923 6.58026e-06 0.00110345 0.0992479 1.39979 0.0003 2.4132 2.02375 
600.11 49.9999 0.00141429 0.00141429 1.97678e-10 0.0011398 0.099232 1.39979 0.0003 -0.363328 2.17579 
600.11 49.9985 0.00141429 0.00141429 4.29061e-09 0.00116057 0.099232 1.39979 0.0003 -1.72272 2.77358 
600.11 71.0425 0.00133406 0.00132596 1.46124e-05 0.000242606 0.0992668 1.39979 0.0003 3.00047 0.863202 
600.11 50.0001 0.00141429 0.00141429 -4.24019e-10 0.00114485 0.099232 1.39979 0.0003 0.713724 -2.70415 
600.11 49.4263 0.00141661 0.00141565 1.78302e-06 0.00114533 0.0992362 1.39979 0.0003 -2.35864 1.75164 
600.11 50.718 0.00141139 0.00141247 -2.09291e-06 0.00112322 0.0992269 1.39979 0.0003 1.14316 0.778946 
600.11 50.091 0.00141392 0.00141408 -2.91391e-07 0.00111744 0.0992313 1.39979 0.0003 0.556796 0.330152 
600.11 49.9998 0.00141429 0.00141429 3.11843e-10 0.00114249 0.099232 1.39979 0.0003 -0.52355 -2.3028 
600.11 49.8467 0.00141491 0.0014158 -1.90838e-06 0.00107873 0.0992273 1.39979 0.0003 -3.69178 2.07273 
600.11 49.9715 0.0014144 0.00141461 -4.38174e-07 0.00108908 0.0992309 1.39979 0.0003 -3.40363 -2.50205 
600.11 49.2659 0.00141726 0.00141654 1.11232e-06 0.00108882 0.0992346 1.39979 0.0003 -1.33347 -0.678684 
600.11 49.9973 0.0014143 0.00141431 -2.49657e-08 0.00111385 0.0992319 1.39979 0.0003 -2.15662 2.82968 
600.11 86.9832 0.0012791 0.00126619 2.4082e-05 -0.000331591 0.0984432 0.0546624 0.0003 3.22632 -0.375832 
600.11 50 0.00141429 0.00141429 -1.71614e-09 0.00103117 0.0992319 1.39979 0.0003 -0.943869 -3.1585 
600.11 39.7463 0.00145697 0.00145182 1.07037e-05 0.00154563 0.0992579 1.39979 0.0003 -2.38061 -0.520572 
600.11 50.0436 0.00141411 0.0014142 -1.57447e-07 0.00114851 0.0992316 1.39979 0.0003 2.71182 2.59148 
600.11 50.0453 0.0014141 0.00141411 -1.35079e-08 0.00113143 0.0992319 1.39979 0.0003 0.578961 0.949243 
600.11 63.2691 0.00136265 0.00136868 -1.09488e-05 0.000622671 0.0992057 1.39979 0.0003 1.9821 0.400266 
600.11 50 0.00141429 0.00141429 -1.79185e-12 0.001143 0.099232 1.39979 0.0003 -0.269974 3.50689 
600.11 41.0845 0.00145125 0.00144786 7.22813e-06 0.00151815 0.0992495 1.39979 0.0003 -2.77426 0.860684 
600.11 50.1692 0.0014136 0.0014139 -5.45903e-07 0.00118257 0.0992306 1.39979 0.0003 2.88752 2.33626 
600.11 49.2639 0.00141726 0.00141623 1.96893e-06 0.00108685 0.0992367 1.39979 0.0003 -3.42739 -1.74723 
600.11 75.1165 0.00131962 0.00134215 -4.44846e-05 0.000346291 0.0991248 1.39979 0.0003 2.27226 -0.203803 
600.11 53.6212 0.0013998 0.00139978 -1.82843e-07 0.000968557 0.0992315 1.39979 0.0003 3.27645 -1.54696 
600.11 50 0.00141429 0.00141429 1.38431e-15 0.00114251 0.099232 1.39979 0.0003 -0.215239 4.05212 
600.11 49.9446 0.00141451 0.001415 -1.05487e-06 0.00110123 0.0992294 1.39979 0.0003 -0.623533 -0.35059 
600.11 50.0012 0.00141428 0.0014143 -3.6995e-08 0.00113893 0.0992319 1.39979 0.0003 0.0179358 -0.991531 
600.11 49.9966 0.0014143 0.00141429 2.54285e-08 0.00114923 0.099232 1.39979 0.0003 -0.268181 -0.98079 
600.11 57.9987 0.0013827 0.00139188 -1.73205e-05 0.000984055 0.0991904 1.39979 0.0003 3.62948 1.13846 
600.11 47.0469 0.00142632 0.00142582 1.26155e-06 0.00127311 0.0992351 1.39979 0.0003 -1.65948 -0.278669 
600.11 48.9321 0.00141862 0.00142325 -9.73891e-06 0.0011129 0.0992083 1.39979 0.0003 -2.30049 -1.54365 
600.11 50 0.00141429 0.00141429 -3.70494e-12 0.0011417 0.099232 1.39979 0.0003 0.896974 -3.59283 
600.11 50.0012 0.00141428 0.00141428 9.51781e-10 0.0012329 0.099232 1.39979 0.0003 2.00206 -3.06047 
600.11 50 0.00141429 0.00141429 -8.30426e-13 0.00114244 0.099232 1.39979 0.0003 -0.0504039 3.65663 
600.11 84.3015 0.00128804 0.0012863 1.79685e-06 -4.62146e-05 0.0985457 0.0546624 0.0003 3.50561 -0.10242 
600.11 49.9991 0.00141429 0.00141429 -8.01707e-09 0.00108806 0.0992319 1.39979 0.0003 -0.588947 -1.99807 
600.11 50.0004 0.00141428 0.00141428 -1.31637e-09 0.00114242 0.0992319 1.39979 0.0003 1.54859 -3.06353 
600.11 41.4105 0.00144986 0.00144585 8.41876e-06 0.00148173 0.0992524 1.39979 0.0003 -2.14786 0.31948 
600.11 50.0666 0.00141402 0.00141371 6.35161e-07 0.00119773 0.0992335 1.39979 0.0003 2.78336 -2.51783 
600.11 50 0.00141429 0.00141429 3.36867e-12 0.00119061 0.099232 1.39979 0.0003 1.43678 -3.54425 
600.11 50 0.00141429 0.00141429 -5.50985e-15 0.00114123 0.099232 1.39979 0.0003 -0.0864682 4.14084 
600.11 45.0752 0.00143446 0.00142892 1.06096e-05 0.00129573 0.0992574 1.39979 0.0003 -3.80958 0.847091 
600.11 49.9889 0.00141433 0.00141447 -3.00344e-07 0.0011419 0.0992312 1.39979 0.0003 -2.92509 -2.70943 
600.11 35.9606 0.00147339 0.00146977 7.91968e-06 0.00171063 0.0992512 1.39979 0.0003 -3.54469 0.223817 
600.11 50.0001 0.00141429 0.00141429 -4.67616e-10 0.00114676 0.099232 1.39979 0.0003 0.691945 2.66498 
600.11 50.1487 0.00141368 0.00141267 2.15432e-06 0.00112531 0.0992372 1.39979 0.0003 2.10355 2.18996 
600.11 56.5209 0.00138842 0.00138972 -2.89608e-06 0.000934795 0.0992249 1.39979 0.0003 1.62973 0.123996 
600.11 50.001 0.00141428 0.00141427 2.92292e-08 0.00114233 0.099232 1.39979 0.0003 0.886571 -2.44916 
600.11 50 0.00141429 0.00141429 -1.05951e-12 0.00112913 0.099232 1.39979 0.0003 0.019257 -3.34199 
600.11 48.517 0.0014203 0.00141796 4.39769e-06 0.00118562 0.0992425 1.39979 0.0003 -1.99546 -1.24089 
600.11 49.8598 0.00141485 0.0014149 -7.94149e-08 0.00114995 0.0992318 1.39979 0.0003 -1.77499 1.83331 
600.11 52.6494 0.00140365 0.00139716 1.33224e-05 0.00130214 0.0992642 1.39979 0.0003 1.66827 -1.00137 
600.11 50 0.00141429 0.00141429 -1.91658e-12 0.00114164 0.099232 1.39979 0.0003 0.421504 3.35361 
600.11 49.9736 0.00141439 0.00141438 2.56922e-08 0.00115019 0.099232 1.39979 0.0003 -0.455248 0.122919 
600.11 59.543 0.00137675 0.00137181 1.24579e-05 0.000719443 0.0992627 1.39979 0.0003 3.11256 -1.22761 
600.11 62.3786 0.00136596 0.00136998 -8.91253e-06 0.000840078 0.0992103 1.39979 0.0003 4.1244 0.0293948 
600.11 41.1818 0.00145084 0.00145992 -1.80683e-05 0.00165314 0.0991884 1.39979 0.0003 -2.59001 0.796515 
600.11 49.8983 0.0014147 0.0014145 3.50464e-07 0.00114486 0.0992328 1.39979 0.0003 -1.67578 -1.84977 
600.11 47.5326 0.00142432 0.00142226 4.07392e-06 0.00116674 0.0992418 1.39979 0.0003 -3.2142 1.41584 
600.11 50.1508 0.00141368 0.00141359 2.72656e-07 0.00114455 0.0992326 1.39979 0.0003 0.766757 -0.77234 
600.11 50.0526 0.00141407 0.00141406 3.22815e-08 0.00136023 0.099232 1.39979 0.0003 0.496115 0.587622 
600.11 50.0099 0.00141425 0.00141423 3.68393e-08 0.00114632 0.099232 1.39979 0.0003 0.442273 -1.30749 
600.11 61.2137 0.00137037 0.0013646 1.09341e-05 0.000834855 0.0992582 1.39979 0.0003 3.74704 -0.896606 
600.11 49.5008 0.00141631 0.00141825 -4.05059e-06 0.00112136 0.0992221 1.39979 0.0003 -1.18401 0.565378 
600.11 50.0005 0.00141428 0.00141428 -1.93016e-09 0.0011446 0.0992319 1.39979 0.0003 1.62576 -3.04302 
600.11 66.2707 0.00135144 0.00133868 2.48573e-05 0.000473969 0.0992918 1.39979 0.0003 3.63734 0.768801 
600.11 44.6226 0.00143637 0.00144701 -2.16061e-05 0.00140518 0.0991797 1.39979 0.0003 -2.86239 -1.12641 
600.11 47.4502 0.00142466 0.00142128 6.47798e-06 0.0011749 0.0992475 1.39979 0.0003 -2.73049 -1.39476 
600.11 49.7732 0.0014152 0.00141491 5.56e-07 0.00113806 0.0992333 1.39979 0.0003 -1.76193 1.69019 
600.11 49.8575 0.00141486 0.00141467 3.73169e-07 0.0011452 0.0992328 1.39979 0.0003 -2.63788 2.17111 
600.11 50.0004 0.00141428 0.00141428 -5.31524e-10 0.00116582 0.099232 1.39979 0.0003 0.404106 2.15043 
600.11 50 0.00141429 0.00141429 7.30888e-11 0.00113856 0.099232 1.39979 0.0003 -1.99731 -3.54543 
600.11 50.0061 0.00141426 0.00141417 1.88595e-07 0.00123645 0.0992324 1.39979 0.0003 1.37124 2.46533 
600.11 48.6086 0.00141993 0.00141943 1.05795e-06 0.0011405 0.0992345 1.39979 0.0003 -1.49067 -0.577903 
600.11 44.6226 0.00143636 0.00144319 -1.29047e-05 0.00139305 0.099201 1.39979 0.0003 -3.44564 -1.04363 
600.11 50.4786 0.00141235 0.00141183 7.73559e-07 0.0011579 0.0992338 1.39979 0.0003 2.59963 2.07201 
600.11 49.1459 0.00141775 0.00141814 -4.79235e-07 0.00118456 0.0992309 1.39979 0.0003 -3.85691 -1.53511 
600.11 52.1289 0.00140574 0.00140892 -6.00625e-06 0.00108362 0.0992175 1.39979 0.0003 1.29164 -0.26625 
600.11 44.2603 0.00143785 0.0014359 2.22344e-06 0.00137933 0.0992369 1.39979 0.0003 -2.31981 0.871899 
600.11 50.0001 0.00141429 0.00141429 -2.77127e-10 0.00114263 0.099232 1.39979 0.0003 1.48495 3.26995 
600.11 50.0001 0.00141429 0.00141429 -1.13902e-10 0.00114485 0.099232 1.39979 0.0003 0.144216 -2.27043 
600.11 50.0441 0.00141411 0.00141416 -8.41938e-08 0.00123846 0.0992318 1.39979 0.0003 3.1951 2.59797 
600.11 46.8517 0.00142712 0.00142629 5.63096e-07 0.00124239 0.099233 1.39979 0.0003 -3.82669 1.06207 
600.11 76.1694 0.0013159 0.00132424 -1.6924e-05 0.000270396 0.0991911 1.39979 0.0003 3.53049 0.499719 
600.11 50.0051 0.00141427 0.00141428 -3.67721e-08 0.00113733 0.0992319 1.39979 0.0003 0.185373 -0.965146 
600.11 51.0896 0.0014099 0.0014116 -3.13174e-06 0.00111519 0.0992245 1.39979 0.0003 1.50817 -1.19168 
600.11 45.4498 0.00143292 0.00143306 7.48115e-07 0.00135594 0.099234 1.39979 0.0003 -2.27753 -0.963974 
600.11 50.0005 0.00141428 0.00141429 -3.97464e-09 0.00114693 0.0992319 1.39979 0.0003 0.0849111 -1.57017 
600.11 56.1142 0.00139001 0.00139415 -8.37953e-06 0.000922113 0.0992117 1.39979 0.0003 1.60593 0.111816 
600.11 73.2741 0.00132611 0.00132752 -2.44986e-06 0.000343303 0.0992261 1.39979 0.0003 2.91452 -0.799248 
600.11 49.767 0.00141523 0.00141492 6.00466e-07 0.00114699 0.0992334 1.39979 0.0003 -3.67385 1.97713 
600.11 65.1681 0.00135552 0.00134284 2.51974e-05 0.000702099 0.0992927 1.39979 0.0003 4.01837 -0.17006 
600.11 38.4217 0.00146268 0.00146736 -9.00359e-06 0.00162905 0.0992103 1.39979 0.0003 -2.30093 0.217068 
600.11 49.9886 0.00141433 0.00141432 3.14867e-08 0.00114538 0.099232 1.39979 0.0003 -1.47462 -2.23415 
600.11 49.742 0.00141533 0.00141544 -1.55241e-07 0.00105077 0.0992316 1.39979 0.0003 -3.33173 -2.03814 
600.11 49.9964 0.0014143 0.00141431 -2.02642e-08 0.0011423 0.0992319 1.39979 0.0003 -2.36306 -2.83762 
600.11 46.2233 0.0014297 0.00143444 -1.24142e-05 0.00131934 0.0992013 1.39979 0.0003 -3.4208 -1.20661 
600.11 43.1845 0.00144238 0.00144838 -1.16254e-05 0.00152029 0.099204 1.39979 0.0003 -3.10099 1.0223 
600.11 50 0.00141429 0.00141429 2.10414e-12 0.00114307 0.099232 1.39979 0.0003 0.987028 -3.84203 
600.11 43.4993 0.00144104 0.00144003 -5.08212e-07 0.00139146 0.0992301 1.39979 0.0003 -3.0971 -1.04473 
600.11 50.0008 0.00141428 0.00141428 1.94678e-09 0.00113967 0.099232 1.39979 0.0003 1.08263 2.6496 
600.11 49.9584 0.00141445 0.00141437 1.47393e-07 0.00114288 0.0992323 1.39979 0.0003 -1.95892 -2.22885 
600.11 51.1851 0.00140951 0.00140476 9.94074e-06 0.00120826 0.0992561 1.39979 0.0003 1.47115 -1.10791 
600.11 50.04 0.00141412 0.00141408 8.11877e-08 0.00117796 0.0992321 1.39979 0.0003 2.5316 -2.58203 
600.11 50.2014 0.00141347 0.00141226 2.57501e-06 0.00112316 0.0992382 1.39979 0.0003 1.88728 -2.01534 
600.11 50.3278 0.00141296 0.00141311 -3.12296e-07 0.00113198 0.0992312 1.39979 0.0003 3.38127 -2.16292 
600.11 51.1154 0.0014098 0.00141169 -3.492e-06 0.00115702 0.0992236 1.39979 0.0003 3.35698 1.86955 
600.11 50 0.00141429 0.00141429 -3.26292e-09 0.00104717 0.0992319 1.39979 0.0003 -2.12892 3.62105 
600.11 85.7295 0.00128329 0.00128004 9.1108e-06 0.000124627 0.0992546 1.39979 0.0003 3.46955 -0.0744141 
600.11 50.328 0.00141296 0.00141353 -1.04978e-06 0.00112958 0.0992294 1.39979 0.0003 1.18908 1.24205 
600.11 49.9934 0.00141431 0.0014143 2.24845e-08 0.00104822 0.099232 1.39979 0.0003 -1.97183 -2.60862 
600.11 79.4636 0.00130446 0.00130499 -4.38845e-06 0.000191861 0.0992206 1.39979 0.0003 2.41608 0.272437 
600.11 49.9891 0.00141433 0.00141445 -2.64254e-07 0.00117549 0.0992313 1.39979 0.0003 -0.414985 0.819428 
600.11 54.0178 0.00139824 0.00140378 -1.054e-05 0.00103278 0.0992066 1.39979 0.0003 1.8531 -1.0255 
600.11 67.5706 0.00134668 0.00134735 -6.32874e-07 0.000627639 0.0992306 1.39979 0.0003 2.72057 -0.918417 
600.11 49.3568 0.00141689 0.00141708 -4.26086e-07 0.00115422 0.0992309 1.39979 0.0003 -2.18545 -1.64463 
600.11 50.4498 0.00141247 0.00141309 -1.12635e-06 0.00113117 0.0992293 1.39979 0.0003 1.33444 1.31856 
600.11 50 0.00141429 0.00141429 6.84284e-16 0.00114174 0.099232 1.39979 0.0003 0.192966 -4.13611 
600.11 51.5488 0.00140805 0.0014066 3.32688e-06 0.0012006 0.0992401 1.39979 0.0003 3.43923 -1.76319 
600.11 74.1827 0.00132291 0.00134361 -4.10976e-05 0.000475932 0.0991329 1.39979 0.0003 2.63243 0.687892 
600.11 50.4303 0.00141255 0.00141251 4.96019e-08 0.00118196 0.0992321 1.39979 0.0003 1.18185 1.11867 
600.11 50 0.00141429 0.00141429 9.42764e-10 0.00114849 0.099232 1.39979 0.0003 -0.0137628 -2.22219 
600.11 49.9905 0.00141432 0.00141438 -1.19882e-07 0.00114387 0.0992317 1.39979 0.0003 -0.41299 -0.893145 
600.11 73.2017 0.00132637 0.00133707 -2.21629e-05 0.000292647 0.0991783 1.39979 0.0003 2.34978 0.475701 
600.11 50.0006 0.00141428 0.00141428 1.1381e-08 0.00114274 0.099232 1.39979 0.0003 2.61251 -3.28674 
600.11 49.9996 0.00141429 0.00141429 1.40734e-09 0.00114247 0.099232 1.39979 0.0003 -1.88143 3.07301 
600.11 40.2138 0.00145496 0.00145615 -3.64612e-06 0.00160734 0.0992229 1.39979 0.0003 -3.06527 0.834308 
600.11 55.001 0.00139437 0.00138637 1.92429e-05 0.000932084 0.0992792 1.39979 0.0003 3.70588 -1.28615 
600.11 52.2048 0.00140543 0.00140623 -1.71446e-06 0.0010523 0.0992278 1.39979 0.0003 2.1737 1.50762 
600.11 50.0037 0.00141427 0.00141431 -7.48663e-08 0.00114022 0.0992318 1.39979 0.0003 0.0262615 -0.0386943 
600.11 60.8829 0.00137164 0.0013756 -7.15804e-06 0.000745366 0.0992149 1.39979 0.0003 1.91956 -0.472793 
600.11 46.6489 0.00142796 0.00143122 -7.22851e-06 0.0011296 0.0992143 1.39979 0.0003 -3.17646 -1.31135 
600.11 66.7455 0.00134972 0.00135548 -1.13877e-05 0.000560118 0.0992045 1.39979 0.0003 2.99057 0.984156 
600.11 50 0.00141429 0.00141429 4.79172e-11 0.00124674 0.099232 1.39979 0.0003 -0.679513 -2.92721 
600.11 59.4302 0.0013772 0.00138841 -2.15495e-05 0.000922888 0.0991802 1.39979 0.0003 2.54544 -1.15082 
600.11 50 0.00141429 0.00141429 -7.67243e-10 0.00114147 0.099232 1.39979 0.0003 -0.557635 2.59563 
600.11 49.9397 0.00141453 0.00141454 4.97941e-09 0.00108716 0.099232 1.39979 0.0003 -1.01984 1.32961 
600.11 41.6876 0.00144869 0.00144371 1.00771e-05 0.00144632 0.0992563 1.39979 0.0003 -2.29065 -0.597587 
600.11 50 0.00141429 0.00141429 -1.61198e-10 0.00112576 0.099232 1.39979 0.0003 -0.525632 3.37721 
600.11 50 0.00141429 0.00141429 -8.40251e-11 0.00114235 0.099232 1.39979 0.0003 -0.596135 -3.25402 
600.11 49.9881 0.00141433 0.0014144 -1.39841e-07 0.00114361 0.0992316 1.39979 0.0003 -1.04852 -1.86408 
600.11 50.0002 0.00141428 0.00141429 -8.48826e-10 0.0011185 0.099232 1.39979 0.0003 0.530231 -2.41945 
600.11 42.0083 0.00144732 0.00143925 1.58535e-05 0.00135287 0.0992701 1.39979 0.0003 -2.22302 0.543101 
600.11 74.5258 0.00132166 0.00131109 2.15608e-05 0.000160296 0.0992841 1.39979 0.0003 3.65506 -0.407213 
600.11 50.0001 0.00141429 0.00141429 -4.84946e-10 0.00114247 0.099232 1.39979 0.0003 0.49326 2.49618 
600.11 50.05 0.00141408 0.00141386 4.50713e-07 0.00118087 0.099233 1.39979 0.0003 1.24658 1.89565 
600.11 49.9846 0.00141435 0.00141436 -3.21182e-08 0.00114421 0.0992319 1.39979 0.0003 -1.01416 -1.75516 
600.11 50 0.00141429 0.00141429 1.41544e-11 0.00114179 0.099232 1.39979 0.0003 -0.88756 3.28123 
600.11 72.6824 0.00132818 0.00130536 4.50734e-05 -4.66942e-05 0.0983461 0.0546624 0.0003 3.81382 0.0970588 
600.11 50 0.00141429 0.00141429 1.8219e-11 0.00114228 0.099232 1.39979 0.0003 0.424774 -3.41031 
600.11 49.9951 0.00141431 0.0014143 1.56808e-08 0.0011379 0.099232 1.39979 0.0003 -1.64868 -2.51435 
600.11 81.414 0.0012978 0.00129962 -5.08995e-06 0.000301818 0.0992193 1.39979 0.0003 2.61139 -0.448609 
600.11 50.0167 0.00141422 0.00141425 -4.9173e-08 0.00114201 0.0992318 1.39979 0.0003 0.38205 -0.940109 
600.11 50.4101 0.00141263 0.0014102 5.16321e-06 0.00133546 0.0992445 1.39979 0.0003 0.939307 -0.598812 
600.11 49.915 0.00141463 0.00141469 -1.04335e-07 0.00116277 0.0992317 1.39979 0.0003 -1.68826 -1.90564 
600.11 50.2015 0.00141347 0.00141197 3.20196e-06 0.00112052 0.0992397 1.39979 0.0003 1.7696 1.94622 
600.11 47.7755 0.00142334 0.00142864 -1.08595e-05 0.0012151 0.0992057 1.39979 0.0003 -2.55409 -1.39784 
600.11 37.3985 0.0014671 0.00145743 1.94773e-05 0.00169535 0.099279 1.39979 0.0003 -2.42843 0.354676 
600.11 49.7279 0.00141539 0.00141699 -3.39119e-06 0.00111801 0.0992237 1.39979 0.0003 -2.2065 -1.8928 
600.11 51.6324 0.00140772 0.00140866 -1.48543e-06 0.00112749 0.0992285 1.39979 0.0003 1.22686 -0.325311 
600.11 49.9163 0.00141462 0.00141448 2.66451e-07 0.00114515 0.0992326 1.39979 0.0003 -2.79586 -2.30735 
600.11 57.9921 0.0013827 0.00137301 1.83798e-05 0.000688918 0.0992761 1.39979 0.0003 2.16456 -0.998082 
600.11 50 0.00141429 0.00141429 1.35127e-12 0.00115008 0.099232 1.39979 0.0003 -0.0791653 -2.56069 
600.11 49.4893 0.00141635 0.00141884 -5.22892e-06 0.00117691 0.0992193 1.39979 0.0003 -3.79578 1.72104 
600.11 53.4654 0.00140043 0.00140161 -6.36747e-07 0.00102389 0.0992308 1.39979 0.0003 3.92461 1.28724 
600.11 47.4998 0.00142446 0.0014249 -7.2918e-07 0.00126124 0.0992302 1.39979 0.0003 -3.81727 1.17045 
600.11 50.0254 0.00141418 0.00141399 4.06231e-07 0.00113976 0.0992329 1.39979 0.0003 2.22923 2.59537 
600.11 49.8252 0.00141499 0.001416 -2.11876e-06 0.00108655 0.0992268 1.39979 0.0003 -3.65789 -2.05263 
600.11 48.7696 0.00141928 0.00142406 -9.95912e-06 0.00123554 0.0992078 1.39979 0.0003 -2.78032 1.63864 
600.11 54.815 0.00139508 0.00138584 1.82412e-05 0.000925219 0.0992759 1.39979 0.0003 1.65476 -0.617381 
600.11 48.5739 0.00142007 0.0014189 2.34126e-06 0.00120222 0.0992376 1.39979 0.0003 -2.92838 1.60705 
600.11 49.4497 0.00141651 0.0014173 -1.58473e-06 0.00117898 0.0992281 1.39979 0.0003 -1.97141 1.56956 
600.11 76.6287 0.00131427 0.00130284 2.11536e-05 1.30338e-05 0.0992825 1.39979 0.0003 3.70196 -0.147177 
600.11 50.0065 0.00141426 0.00141428 -3.14105e-08 0.00114289 0.0992319 1.39979 0.0003 0.259483 1.06536 
600.11 45.0981 0.00143437 0.0014312 5.14184e-06 0.00120658 0.0992441 1.39979 0.0003 -4.03426 0.554835 
600.11 51.8044 0.00140703 0.0013998 1.50737e-05 0.00110427 0.0992685 1.39979 0.0003 1.60109 1.09357 
600.11 68.103 0.00134476 0.0013618 -3.35729e-05 0.000594002 0.0991511 1.39979 0.0003 2.11942 0.341498 
600.11 34.38 0.00148034 0.00147041 1.97396e-05 0.00172296 0.0992796 1.39979 0.0003 -2.92761 -0.486646 
600.11 49.9427 0.00141452 0.00141449 5.92601e-08 0.0011448 0.0992321 1.39979 0.0003 -1.91315 -2.13477 
600.11 49.9747 0.00141439 0.00141443 -8.33107e-08 0.00114377 0.0992318 1.39979 0.0003 -2.4782 2.50317 
600.11 50 0.00141429 0.00141429 -2.23581e-13 0.00115037 0.099232 1.39979 0.0003 -1.21602 3.99257 
600.11 84.201 0.00128841 0.00130439 -3.11543e-05 1.75401e-05 0.099157 1.39979 0.0003 3.502 0.129327 
600.11 46.1157 0.00143015 0.00142655 7.00688e-06 0.00127566 0.0992488 1.39979 0.0003 -2.59081 -1.19928 
600.11 48.0045 0.0014224 0.00142564 -6.4736e-06 0.00127121 0.0992163 1.39979 0.0003 -1.51904 0.256837 
600.11 50 0.00141429 0.00141429 1.21763e-13 0.00112998 0.099232 1.39979 0.0003 -0.431798 3.65028 
600.11 50 0.00141429 0.00141429 3.79954e-12 0.0011425 0.099232 1.39979 0.0003 1.22231 -3.95149 
600.11 50.0018 0.00141428 0.00141428 3.194e-09 0.00114836 0.099232 1.39979 0.0003 1.52414 -2.78145 
600.11 48.2358 0.00142145 0.00142065 1.20821e-06 0.00118953 0.0992348 1.39979 0.0003 -1.55743 0.545977 
600.11 50.3827 0.00141274 0.0014133 -1.05532e-06 0.00114136 0.0992294 1.39979 0.0003 1.47848 1.535 
600.11 81.6324 0.00129709 0.00130678 -1.56311e-05 9.78906e-05 0.0991952 1.39979 0.0003 3.34489 -0.475632 
600.11 50 0.00141429 0.00141429 1.09254e-11 0.0011424 0.099232 1.39979 0.0003 -1.35611 3.54796 
600.11 38.5998 0.0014619 0.00146595 -8.8014e-06 0.00160818 0.0992105 1.39979 0.0003 -2.91452 -0.737293 
600.11 49.8386 0.00141494 0.00141614 -2.56796e-06 0.00104294 0.0992257 1.39979 0.0003 -1.93702 1.89588 
600.11 49.9984 0.00141429 0.00141429 6.16956e-09 0.00114264 0.099232 1.39979 0.0003 -1.55241 2.66824 
600.11 40.7564 0.00145264 0.0014464 1.26712e-05 0.00147981 0.0992626 1.39979 0.0003 -3.85746 0.144838 
600.11 48.4171 0.00142071 0.00142312 -4.83151e-06 0.00122961 0.0992203 1.39979 0.0003 -1.80782 1.03193 
600.11 50.122 0.00141379 0.00141401 -4.02207e-07 0.00114077 0.099231 1.39979 0.0003 1.56237 -1.92981 
600.11 49.9988 0.00141429 0.00141432 -5.59142e-08 0.00106675 0.0992318 1.39979 0.0003 -0.337157 1.55223 
600.11 50 0.00141429 0.00141429 2.81564e-10 0.00114708 0.099232 1.39979 0.0003 -0.243356 2.24909 
600.11 48.9542 0.00141853 0.00141764 2.23639e-06 0.00117734 0.0992375 1.39979 0.0003 -1.39822 0.571392 
600.11 43.149 0.00144251 0.00143495 1.47756e-05 0.00133016 0.0992675 1.39979 0.0003 -3.35968 0.959258 
600.11 49.5853 0.00141596 0.00141594 7.73337e-08 0.0011576 0.0992321 1.39979 0.0003 -2.98776 -1.9489 
600.11 49.9829 0.00141435 0.00141434 3.6913e-08 0.00114411 0.099232 1.39979 0.0003 -1.71086 2.29332 
600.11 50.7598 0.00141122 0.00141252 -2.39692e-06 0.00112443 0.0992262 1.39979 0.0003 2.03144 -1.74953 
600.11 49.9681 0.00141441 0.00141453 -2.27292e-07 0.00105404 0.0992314 1.39979 0.0003 -2.28628 2.40934 
600.11 38.1905 0.00146366 0.00145199 2.30333e-05 0.0015364 0.0992875 1.39979 0.0003 -2.65349 -0.629228 
600.11 49.998 0.00141429 0.0014143 -1.58788e-08 0.00114873 0.0992319 1.39979 0.0003 -1.48067 2.59575 
600.11 31.4724 0.00149333 0.0014831 2.11468e-05 0.00198337 0.0992832 1.39979 0.0003 -2.72673 -0.0128192 
600.11 50.0003 0.00141428 0.00141427 3.36732e-08 0.00124817 0.099232 1.39979 0.0003 2.31003 -3.32756 
600.11 49.9997 0.00141429 0.00141429 -8.89658e-10 0.00114192 0.099232 1.39979 0.0003 -2.19548 -3.20295 
600.11 83.9307 0.00128927 0.00127377 2.93327e-05 -0.000261872 0.098419 0.0546624 0.0003 3.52487 -0.0378965 
600.11 49.9527 0.00141448 0.00141466 -3.86291e-07 0.0011212 0.099231 1.39979 0.0003 -2.14027 -2.2775 
600.11 50 0.00141429 0.00141429 -5.1865e-12 0.00114327 0.099232 1.39979 0.0003 -0.19343 -2.8485 
600.11 50 0.00141429 0.00141429 4.32366e-14 0.00114298 0.099232 1.39979 0.0003 -0.125813 3.66344 
600.11 49.977 0.00141438 0.00141454 -3.40212e-07 0.00112936 0.0992311 1.39979 0.0003 -3.13043 2.57226 
600.11 49.9963 0.0014143 0.0014143 1.03237e-08 0.00114262 0.099232 1.39979 0.0003 -0.666552 -1.72656 
600.11 49.9108 0.00141465 0.00141499 -7.22101e-07 0.00113297 0.0992302 1.39979 0.0003 -0.703151 -0.171201 
600.11 42.3764 0.00144577 0.00144016 1.12976e-05 0.00141943 0.0992592 1.39979 0.0003 -3.37637 0.8963 
600.11 50 0.00141429 0.00141428 2.09381e-09 0.00118057 0.099232 1.39979 0.0003 0.583052 -2.93256 
600.11 54.4854 0.00139638 0.00138762 1.70774e-05 0.000874317 0.0992731 1.39979 0.0003 3.08002 -1.50132 
600.11 50.3619 0.00141283 0.00141343 -1.13303e-06 0.00119929 0.0992292 1.39979 0.0003 0.956518 0.741643 
600.11 50.0034 0.00141427 0.00141427 5.0303e-09 0.00114565 0.099232 1.39979 0.0003 1.92309 2.8508 
600.11 49.3926 0.00141675 0.00141897 -4.69147e-06 0.00110038 0.0992206 1.39979 0.0003 -1.24916 -0.599681 
600.11 49.994 0.00141431 0.00141438 -1.47341e-07 0.00114137 0.0992316 1.39979 0.0003 -0.545045 1.38456 
600.11 50.0102 0.00141424 0.00141426 -3.52537e-08 0.00113708 0.0992319 1.39979 0.0003 1.01483 -2.06918 
600.11 49.9456 0.00141451 0.0014145 1.65331e-08 0.00111368 0.099232 1.39979 0.0003 -1.61463 -1.96727 
600.11 65.946 0.00135263 0.00134929 1.77911e-06 0.000725078 0.099235 1.39979 0.0003 3.70185 -0.72425 
600.11 49.9959 0.0014143 0.0014143 9.24685e-09 0.0011427 0.099232 1.39979 0.0003 -0.269083 -0.8772 
600.11 48.8139 0.00141909 0.00141723 3.45841e-06 0.00117463 0.0992402 1.39979 0.0003 -1.35769 -0.265816 
600.11 68.2664 0.00134415 0.00133038 2.82489e-05 0.000687437 0.0993002 1.39979 0.503 2.84432 -0.926901 
600.11 43.4772 0.00144115 0.00144282 -1.32593e-06 0.00145414 0.0992292 1.39979 0.0003 -3.68668 -0.791759 
600.11 50 0.00141429 0.00141429 1.74218e-11 0.00114266 0.099232 1.39979 0.0003 0.417937 3.15418 
600.11 75.8437 0.00131703 0.00132073 -8.80275e-06 0.000135233 0.0992104 1.39979 0.0003 2.26828 0.0901182 
600.11 50 0.00141429 0.00141429 -1.95974e-11 0.00116062 0.099232 1.39979 0.0003 0.211336 -2.82425 
600.11 49.9983 0.00141429 0.00141431 -3.17458e-08 0.00114036 0.0992319 1.39979 0.0003 -2.46647 2.98452 
600.11 51.2462 0.00140927 0.00140749 3.54436e-06 0.00107033 0.0992405 1.39979 0.0003 3.75881 -1.71448 
600.11 49.973 0.00141439 0.00141436 7.24279e-08 0.00114404 0.0992321 1.39979 0.0003 -0.808541 1.29319 
600.11 44.2011 0.0014381 0.00143524 4.43578e-06 0.00134287 0.0992423 1.39979 0.0003 -4.04037 0.361328 
600.11 49.9947 0.00141431 0.00141432 -2.14983e-08 0.00108233 0.0992319 1.39979 0.0003 -1.56079 2.44797 
600.11 38.6119 0.00146183 0.00145025 2.26526e-05 0.00146344 0.0992865 1.39979 0.0003 -3.61244 0.420118 
600.11 49.7485 0.0014153 0.00141495 6.33124e-07 0.00114873 0.0992335 1.39979 0.0003 -0.930447 0.0681907 
600.11 50.8332 0.00141093 0.00141238 -2.68517e-06 0.00112698 0.0992255 1.39979 0.0003 1.20318 -0.824585 
600.11 49.9999 0.00141429 0.00141429 6.16104e-10 0.00114401 0.099232 1.39979 0.0003 -0.46247 2.26582 
600.11 49.6648 0.00141564 0.00141532 5.10948e-07 0.00107837 0.0992332 1.39979 0.0003 -3.45674 -1.94877 
600.11 49.8668 0.00141482 0.00141458 4.43805e-07 0.00114583 0.099233 1.39979 0.0003 -1.27454 1.3904 
600.11 49.9951 0.00141431 0.00141432 -3.5048e-08 0.00114293 0.0992319 1.39979 0.0003 -0.271735 0.787927 
600.11 50.0004 0.00141428 0.00141429 -6.06558e-09 0.00118724 0.0992319 1.39979 0.0003 -0.0499498 -0.681843 
600.11 50.0393 0.00141413 0.00141374 8.31073e-07 0.00118953 0.099234 1.39979 0.0003 0.385499 0.251695 
600.11 50.0089 0.00141425 0.00141426 -2.43778e-08 0.00114543 0.0992319 1.39979 0.0003 2.51549 2.85037 
600.11 49.8565 0.00141487 0.00141505 -3.60455e-07 0.00115595 0.0992311 1.39979 0.0003 -1.201 -1.26579 
600.11 49.9986 0.00141429 0.00141429 3.74952e-09 0.0011427 0.099232 1.39979 0.0003 -1.11291 -2.41035 
600.11 73.1958 0.00132637 0.00131343 2.77543e-05 0.000462752 0.0992994 1.39979 0.0003 3.80464 0.0465307 
600.11 50 0.00141429 0.00141429 1.9454e-13 0.00112403 0.099232 1.39979 0.0003 -0.809637 -3.80891 
600.11 49.9776 0.00141438 0.00141449 -2.4768e-07 0.00112954 0.0992314 1.39979 0.0003 -1.24653 -1.89337 
600.11 50.0037 0.00141427 0.00141428 -1.37706e-08 0.00114242 0.0992319 1.39979 0.0003 2.69039 3.02189 
600.11 49.4387 0.00141656 0.0014158 1.63705e-06 0.00115845 0.0992359 1.39979 0.0003 -2.34973 1.75467 
600.11 50 0.00141429 0.00141429 -1.63567e-09 0.00114215 0.0992319 1.39979 0.0003 -1.01146 3.25322 
600.11 49.1249 0.00141783 0.0014165 2.50139e-06 0.00115987 0.099238 1.39979 0.0003 -2.42221 -1.65289 
600.11 52.7138 0.00140341 0.00140662 -6.03805e-06 0.00114306 0.0992175 1.39979 0.0003 3.53805 1.56912 
600.11 51.1388 0.0014097 0.00141162 -3.56378e-06 0.00113906 0.0992234 1.39979 0.0003 1.95376 1.58358 
600.11 50 0.00141429 0.00141429 1.99762e-12 0.00111872 0.099232 1.39979 0.0003 0.119045 3.79832 
600.11 49.7316 0.00141537 0.00141623 -1.77665e-06 0.00106643 0.0992276 1.39979 0.0003 -1.14564 0.886995 
600.11 69.6217 0.00133918 0.0013256 2.74805e-05 0.000226281 0.0992984 1.39979 0.0003 3.47329 -0.767945 
600.11 49.9998 0.00141429 0.00141429 9.09343e-10 0.00113709 0.099232 1.39979 0.0003 -0.786025 -2.49771 
600.11 50.0961 0.0014139 0.0014139 -2.04882e-08 0.00124116 0.0992319 1.39979 0.0003 0.692296 -0.836744 
600.11 49.8278 0.00141498 0.00141521 -4.06658e-07 0.00114266 0.099231 1.39979 0.0003 -1.39354 -1.44219 
600.11 50.1146 0.00141382 0.00141404 -3.9336e-07 0.00113969 0.099231 1.39979 0.0003 2.28238 2.31034 
600.11 55.3264 0.00139308 0.00139011 5.76335e-06 0.00105276 0.0992458 1.39979 0.0003 3.80366 -1.20235 
600.11 38.4507 0.00146253 0.00145053 2.35716e-05 0.00144303 0.0992887 1.39979 0.0003 -2.75936 -0.692742 
600.11 49.9979 0.00141429 0.00141429 8.38165e-09 0.00115881 0.099232 1.39979 0.0003 -0.553863 -1.73463 
600.11 74.6156 0.00132138 0.0013217 5.39933e-06 0.000322046 0.0992465 1.39979 0.0003 2.24431 0.140858 
600.11 50 0.00141429 0.00141429 1.50387e-12 0.00114249 0.099232 1.39979 0.0003 -0.873259 -3.42541 
600.11 49.8076 0.00141506 0.00141531 -4.95088e-07 0.001148 0.0992308 1.39979 0.0003 -1.39579 -1.40642 
600.11 49.2362 0.00141738 0.00142076 -7.06613e-06 0.00118968 0.0992148 1.39979 0.0003 -3.68797 -1.65147 
600.11 50.5584 0.00141203 0.00141289 -1.61838e-06 0.00107142 0.0992281 1.39979 0.0003 0.974446 -0.445009 
600.11 50.0002 0.00141428 0.00141428 3.35687e-09 0.00115619 0.099232 1.39979 0.0003 2.43848 -3.41197 
600.11 49.9979 0.00141429 0.00141428 1.88744e-08 0.00118593 0.099232 1.39979 0.0003 -0.208591 1.00344 
600.11 61.0948 0.00137082 0.00135864 2.41298e-05 0.000974457 0.0992901 1.39979 0.0003 1.83223 -0.0940524 
600.11 53.2968 0.0014011 0.00140556 -8.45825e-06 0.00105189 0.0992117 1.39979 0.0003 1.57509 0.728347 
600.11 50.0003 0.00141428 0.00141428 -6.43987e-10 0.00110717 0.099232 1.39979 0.0003 2.56168 3.3911 
600.11 49.9871 0.00141434 0.00141434 -8.75026e-09 0.0011431 0.0992319 1.39979 0.0003 -2.51782 2.6401 
600.11 51.9934 0.00140628 0.00140929 -5.67266e-06 0.00133299 0.0992183 1.39979 0.0003 2.54242 1.68655 
600.11 50.0754 0.00141398 0.00141413 -2.69235e-07 0.00117912 0.0992313 1.39979 0.0003 2.03319 2.30815 
600.11 50.0001 0.00141429 0.00141429 1.06301e-10 0.00114222 0.099232 1.39979 0.0003 2.21753 3.48673 
600.11 49.5509 0.0014161 0.00141653 -8.25366e-07 0.00113727 0.09923 1.39979 0.0003 -2.82626 -1.92107 
600.11 44.4986 0.00143688 0.00144485 -1.55288e-05 0.00149847 0.0991946 1.39979 0.0003 -1.96702 0.445334 
600.11 50.0016 0.00141428 0.00141428 -5.03526e-09 0.00114244 0.0992319 1.39979 0.0003 2.13331 3.05132 
600.11 36.5213 0.00147092 0.00147192 -4.42408e-06 0.00169079 0.0992207 1.39979 0.0003 -3.61519 -0.0894324 
600.11 78.7021 0.00130712 0.0013299 -4.52999e-05 0.000213108 0.0991227 1.39979 0.0003 2.374 -0.220332 
600.11 50.017 0.00141422 0.001414 4.62336e-07 0.00114005 0.0992331 1.39979 0.0003 2.63683 2.75577 
600.11 50.0015 0.00141428 0.00141428 6.15744e-09 0.00116243 0.099232 1.39979 0.0003 1.72368 2.91022 
600.11 50 0.00141429 0.00141429 6.87645e-12 0.00114247 0.099232 1.39979 0.0003 -0.0540339 -3.0675 
600.11 59.217 0.00137802 0.00138983 -2.2627e-05 0.000878269 0.0991776 1.39979 0.0003 1.87645 -0.539438 
600.11 50 0.00141429 0.00141429 6.67079e-10 0.00115812 0.099232 1.39979 0.0003 0.392704 -2.8797 
600.11 50.0089 0.00141425 0.00141426 -1.56959e-08 0.00114296 0.0992319 1.39979 0.0003 0.707273 1.76118 
600.11 35.2336 0.0014766 0.00148643 -1.87918e-05 0.0019309 0.0991868 1.39979 0.0003 -2.58158 -0.349967 
600.11 48.4397 0.00142061 0.00141832 4.32612e-06 0.00118382 0.0992423 1.39979 0.0003 -1.81382 1.04509 
600.11 48.713 0.0014195 0.00141927 2.85754e-07 0.00119256 0.0992326 1.39979 0.0003 -3.78665 -1.4386 
600.11 80.8426 0.00129976 0.00129522 1.2646e-05 0.000141231 0.0992633 1.39979 0.0003 2.5618 0.422022 
