600.11 50.3419 14.1291 14.1287 0.000400724 0.196342 0.100146 1.39979 0.503 0.990681 0.862685 
600.11 50.0047 14.1427 14.1427 -2.51385e-05 0.00963803 0.0991746 1.39979 0.0003 1.38701 -2.52518 
600.11 52.2234 14.0535 13.959 0.195609 -0.736254 3.74467e-15 0.0546624 0.0003 1.29079 0.163851 
600.11 63.6919 13.6106 13.5323 0.194588 -6.49193 3.95813e-15 0.0546624 0.0003 2.52436 -0.969287 
600.11 63.1272 13.6318 13.7104 -0.124336 -3.66313 7.07913e-19 0.0546624 0.0003 4.09688 0.0608762 
600.11 51.1642 14.096 14.112 -0.0316278 -0.29428 7.92458e-18 0.0546624 0.0003 1.94744 1.5727 
600.11 50.0121 14.1424 14.1425 -0.000298429 0.00656609 0.0985277 1.39979 0.0003 0.193271 -0.367698 
600.11 50.0857 14.1394 14.1409 -0.00259772 -0.00939596 1.7345e-17 0.0546624 0.0003 0.527386 0.150593 
600.11 51.1683 14.0958 14.0837 0.0237366 -0.620098 3.5245e-17 0.0546624 0.0003 1.44088 1.07124 
600.11 80.9373 12.9946 13.2259 -0.429941 -9.36659 1.70043e-22 0.0546624 0.0003 2.39449 -0.0172252 
600.11 56.5638 13.8825 13.9079 -0.0535343 -2.60681 4.34658e-18 0.0546624 0.0003 1.66864 0.337649 
600.11 67.2764 13.4776 13.4924 -0.0293525 -6.47129 8.42175e-18 0.0546624 0.0003 2.97096 -0.96815 
600.11 54.9619 13.9453 13.9942 -0.0850824 -1.55174 1.93381e-18 0.0546624 0.0003 2.51638 1.3879 
600.11 64.4116 13.5833 13.3972 0.355332 -6.72251 2.72257e-13 0.0546624 0.0003 1.94533 0.0628331 
600.11 50.0056 14.1426 14.1425 0.000225646 0.00350442 0.0997867 1.39979 0.503 0.14714 -0.768999 
600.11 51.5675 14.0798 14.0719 0.0142721 -0.303345 2.72061e-17 0.0546624 0.0003 3.95859 -1.53994 
600.11 50.0127 14.1423 14.1423 3.31291e-05 0.00189688 0.0993141 1.39979 0.503 0.204244 -0.396389 
600.11 50.1768 14.1357 14.1337 0.00446194 0.159137 0.110674 1.39979 0.503 2.33084 2.23198 
600.11 52.9595 14.0243 14.0359 -0.0243931 -0.0647865 1.34181e-17 0.0546624 0.0003 3.19812 -1.62107 
600.11 53.0763 14.0197 14.054 -0.0589325 0.129368 0.0225134 1.39979 0.0003 3.82262 -1.39709 
600.11 61.4098 13.6965 13.8068 -0.213139 -2.118 5.9505e-20 0.0546624 0.0003 3.44743 -1.06968 
600.11 50.318 14.13 14.1332 -0.00911813 -0.068168 1.44231e-17 0.0546624 0.0003 0.856674 0.510194 
600.11 51.3253 14.0895 14.1 -0.0217394 -0.185162 1.03116e-17 0.0546624 0.0003 1.34251 0.840872 
600.11 50.0009 14.1428 14.1428 6.47583e-05 -0.00075191 1.86184e-17 0.0546624 0.0003 0.850651 2.45335 
600.11 52.9708 14.0238 14.0417 -0.0363358 -0.99613 6.95577e-18 0.0546624 0.0003 1.65721 -0.927499 
600.11 57.1296 13.8605 13.8813 -0.0444685 -1.69288 5.55034e-18 0.0546624 0.0003 2.20307 1.08187 
600.11 62.4513 13.6569 13.5802 0.146018 -3.88215 9.42377e-16 0.0546624 0.0003 2.6167 1.05474 
600.11 50.9962 14.1027 14.111 -0.0165865 -0.310522 1.18783e-17 0.0546624 0.0003 1.33744 0.984851 
600.11 50.0802 14.1396 14.1395 0.000342228 0.0516165 0.100077 1.39979 0.503 2.97428 2.49057 
600.11 55.0508 13.9418 14.0068 -0.12002 0.543713 0.00440367 1.39979 0.0003 1.94932 -1.01923 
600.11 51.2174 14.0939 14.112 -0.0340327 -0.087519 7.46196e-18 0.0546624 0.0003 2.47932 1.80721 
600.11 50.0007 14.1428 14.1428 4.19748e-05 0.00166077 0.0993346 1.39979 0.503 2.08207 3.16563 
600.11 50 14.1429 14.1429 5.43245e-08 -1.84917e-05 1.85862e-17 0.0546624 0.0003 -0.952428 3.37499 
600.11 51.2154 14.0939 14.0928 0.00187367 0.146868 0.103864 1.39979 0.503 2.19627 1.70074 
600.11 50.2409 14.1331 14.1284 0.00950927 -0.0898903 2.40356e-17 0.0546624 0.0003 1.65737 -1.82293 
600.11 85.3899 12.8443 12.8614 0.00912555 -13.4971 2.69389e-17 0.0546624 0.0003 2.61341 0.292918 
600.11 53.6434 13.9972 14.0523 -0.103465 -0.940335 1.15682e-18 0.0546624 0.0003 1.43247 -0.0751419 
600.11 69.8324 13.3846 13.528 -0.280099 -6.57672 9.63074e-21 0.0546624 0.0003 2.15603 -0.300747 
600.11 50.3949 14.1269 14.1218 0.0114614 0.298581 0.130868 1.39979 0.503 1.41549 -1.45956 
600.11 50.7505 14.1126 14.1196 -0.0108756 0.258817 0.0764728 1.39979 0.0003 1.32805 1.10254 
600.11 50.0031 14.1427 14.1428 -0.00012818 0.00116593 0.0989253 1.39979 0.0003 0.22474 1.28982 
600.11 50.0563 14.1406 14.1406 3.57966e-05 0.0227448 0.0993097 1.39979 0.503 0.694931 1.11217 
600.11 53.4081 14.0066 14.0175 -0.009943 1.11609 0.079968 1.39979 0.0003 3.4465 1.52606 
600.11 85.7452 12.8321 12.6945 0.251668 -13.7956 1.58845e-14 0.0546624 0.0003 2.95378 0.472982 
600.11 56.8758 13.8704 13.8882 -0.0393481 -2.8239 6.36163e-18 0.0546624 0.0003 3.16081 1.3473 
600.11 89.7057 12.7019 12.7999 -0.209734 -13.9153 6.18254e-20 0.0546624 0.0003 3.28961 -0.196891 
600.11 50.0141 14.1423 14.1423 7.35107e-05 0.0075563 0.0994108 1.39979 0.503 0.242805 -0.533694 
600.11 71.5929 13.3207 13.1069 0.39864 -10.4725 8.6712e-13 0.0546624 0.0003 3.80556 0.266546 
600.11 51.4903 14.0829 14.0818 0.00256911 0.979953 0.105695 1.39979 0.503 3.03396 -1.82693 
600.11 72.0402 13.3047 13.0836 0.410865 -10.8383 1.20651e-12 0.0546624 0.0003 3.34777 -0.760877 
600.11 55.3768 13.9287 13.7759 0.305021 -2.87979 7.17679e-14 0.0546624 0.0003 3.50961 -1.35019 
600.11 54.0704 13.9803 13.9852 -0.0103584 0.255045 0.076778 1.39979 0.0003 2.64402 1.4927 
600.11 50.1949 14.135 14.1345 0.000990223 0.212098 0.101636 1.39979 0.503 0.844377 -0.828811 
600.11 51.9271 14.0654 14.0495 0.0313637 -0.778513 4.32942e-17 0.0546624 0.0003 3.5766 1.65995 
600.11 50.8617 14.1082 14.1225 -0.0266176 -0.216811 9.10787e-18 0.0546624 0.0003 2.24969 1.82007 
600.11 50.2326 14.1335 14.136 -0.00404731 -0.0345061 1.67101e-17 0.0546624 0.0003 3.55497 2.20251 
600.11 50.0223 14.142 14.1419 4.34802e-05 0.00289409 0.0993401 1.39979 0.503 0.587666 -1.28089 
600.11 88.2495 12.7493 12.6425 0.191389 -16.0799 3.10171e-15 0.0546624 0.0003 3.16911 0.361743 
600.11 50.0001 14.1429 14.1429 -6.74063e-07 0.000390249 0.0992298 1.39979 0.0003 1.85473 3.32605 
600.11 50.9918 14.1029 14.0963 0.014785 0.342054 0.141613 1.39979 0.503 1.15303 -0.57281 
600.11 50.7369 14.1131 14.0864 0.055453 -0.31108 8.35252e-17 0.0546624 0.0003 3.55461 -1.92948 
600.11 50.8368 14.1091 14.1079 0.00236645 0.441594 0.105088 1.39979 0.503 1.447 1.22232 
600.11 50.0454 14.141 14.1404 0.00125464 -0.00193887 1.923e-17 0.0546624 0.0003 1.90822 2.35993 
600.11 50.8648 14.108 14.1064 0.00347506 0.108718 0.108013 1.39979 0.503 2.2088 -1.80194 
600.11 52.0679 14.0598 14.0608 -0.000213171 0.77866 0.0990872 1.39979 0.0003 2.51479 1.66813 
600.11 83.4821 12.9079 12.8876 0.0238518 -11.6311 3.3848e-17 0.0546624 0.0003 2.79375 -0.497285 
600.11 79.7577 13.0343 12.8496 0.342573 -13.4589 1.87667e-13 0.0546624 0.0003 3.37137 -0.517355 
600.11 58.2338 13.8177 13.7657 0.0996022 -1.9011 2.70576e-16 0.0546624 0.0003 3.78496 1.02398 
600.11 52.6216 14.0377 14.0462 -0.0162587 0.413644 0.0664263 1.39979 0.0003 2.06577 1.38316 
600.11 67.5739 13.4664 13.3073 0.288927 -8.64183 4.31635e-14 0.0546624 0.0003 2.20938 -0.544786 
600.11 91.5489 12.642 12.6614 -0.0571445 -13.5294 3.78497e-18 0.0546624 0.0003 2.92993 -0.270812 
600.11 50.0042 14.1427 14.1428 -0.000125026 -0.000702331 1.85246e-17 0.0546624 0.0003 0.6864 1.93642 
600.11 51.5047 14.0824 14.0913 -0.0114366 0.117391 0.0760691 1.39979 0.0003 1.17868 0.110265 
600.11 57.979 13.8277 13.8988 -0.139882 -2.39678 4.2711e-19 0.0546624 0.0003 3.15939 -1.29211 
600.11 62.0042 13.6736 13.4551 0.415898 -4.22946 1.41726e-12 0.0546624 0.0003 2.61382 -1.07067 
600.11 50 14.1429 14.1429 2.91734e-11 1.43943e-05 0.099232 1.39979 0.0003 -0.177051 3.8526 
600.11 53.6664 13.9963 14.0155 -0.0321948 -0.785025 7.92799e-18 0.0546624 0.0003 3.08377 1.56522 
600.11 64.9367 13.5638 13.434 0.249675 -7.05038 1.55548e-14 0.0546624 0.0003 3.2084 -1.01866 
600.11 52.2952 14.0507 14.0506 0.000712172 1.03793 0.101167 1.39979 0.503 3.91399 -1.44271 
600.11 50.0183 14.1421 14.1423 -0.000306425 0.00108038 0.0985108 1.39979 0.0003 3.15884 2.7618 
600.11 61.4056 13.6967 13.749 -0.0866732 -3.18627 1.8806e-18 0.0546624 0.0003 4.10516 0.351288 
600.11 49.9974 14.143 14.1429 2.9952e-05 0.00104175 0.0993047 1.39979 0.503 -0.633571 1.77667 
600.11 50.8686 14.1079 14.1087 -0.000211556 0.564571 0.0989813 1.39979 0.0003 2.5118 -1.9051 
600.11 49.9997 14.1429 14.1429 -5.64466e-06 0.000207675 0.0992182 1.39979 0.0003 -0.609545 2.24519 
600.11 50.0001 14.1429 14.1428 1.43208e-05 0.000576712 0.0992665 1.39979 0.0003 -0.00260357 1.79337 
600.11 88.89 12.7287 12.8945 -0.315292 -10.9278 3.78285e-21 0.0546624 0.0003 3.0202 0.377408 
600.11 50.8786 14.1074 14.0681 0.0825226 -0.509107 1.74406e-16 0.0546624 0.0003 1.47318 -1.23569 
600.11 49.9992 14.1429 14.1429 2.97548e-05 0.000185615 0.0993034 1.39979 0.503 -2.19802 3.04288 
600.11 66.454 13.5077 13.4259 0.153618 -6.9795 1.14963e-15 0.0546624 0.0003 3.89861 0.422719 
600.11 50.0337 14.1415 14.1402 0.00275598 -0.00218825 2.00284e-17 0.0546624 0.0003 1.18996 1.94355 
600.11 50.0343 14.1415 14.1415 2.83919e-05 0.0352099 0.0993018 1.39979 0.503 0.817757 1.50745 
600.11 50.0378 14.1413 14.1413 0.000143193 0.0503393 0.0995992 1.39979 0.503 0.36619 0.00527673 
600.11 52.1336 14.0571 14.0571 0.000374478 0.509788 0.100369 1.39979 0.503 3.38342 1.68565 
600.11 50.0044 14.1427 14.1427 5.35418e-05 0.00205061 0.0993626 1.39979 0.503 0.16864 0.991919 
600.11 50.2488 14.1328 14.1352 -0.0035855 0.171157 0.0911844 1.39979 0.0003 1.56087 -1.73828 
600.11 49.9994 14.1429 14.1429 2.42999e-05 0.00018409 0.0992898 1.39979 0.0003 -1.34629 -2.72598 
600.11 53.0639 14.0202 14.0297 -0.00874813 0.727923 0.0820437 1.39979 0.0003 4.01207 1.2682 
600.11 50.016 14.1422 14.1422 3.85615e-05 0.0237075 0.0993234 1.39979 0.503 0.239472 0.369963 
600.11 50.4761 14.1237 14.1283 -0.0097997 -0.144343 1.42472e-17 0.0546624 0.0003 0.89452 -0.157087 
600.11 50 14.1429 14.1429 7.62666e-08 -2.72569e-05 1.85862e-17 0.0546624 0.0003 1.11735 -3.72334 
600.11 51.7538 14.0723 14.0708 0.00383296 0.919495 0.109149 1.39979 0.503 2.80393 -1.77243 
600.11 57.61 13.8418 13.9269 -0.186985 -2.32975 1.14253e-19 0.0546624 0.0003 2.46752 1.20766 
600.11 50.0252 14.1418 14.1422 -0.000654536 0.00732628 0.0976911 1.39979 0.0003 1.83182 -2.44416 
600.11 76.0283 13.1637 13.022 0.26493 -10.2706 2.30617e-14 0.0546624 0.0003 3.73188 0.0335844 
600.11 67.0027 13.4877 13.5635 -0.157921 -5.97581 2.56317e-19 0.0546624 0.0003 2.18199 0.533475 
600.11 64.1269 13.5941 13.6068 -0.0230911 -5.11772 1.00555e-17 0.0546624 0.0003 3.82065 -0.67969 
600.11 50.0646 14.1402 14.1364 0.0082041 -0.0274973 2.32254e-17 0.0546624 0.0003 1.73854 2.1965 
600.11 67.3619 13.4747 13.5834 -0.198197 -3.55034 9.21066e-20 0.0546624 0.0003 3.89814 0.355472 
600.11 51.1561 14.0963 14.0967 -0.000514716 0.0650048 0.0980768 1.39979 0.0003 1.11418 -0.179026 
600.11 50.1797 14.1356 14.133 0.00480657 -0.0321126 2.11406e-17 0.0546624 0.0003 0.753058 0.603656 
600.11 53.2681 14.0119 13.9359 0.154267 -1.87806 1.20816e-15 0.0546624 0.0003 2.22058 -1.40109 
600.11 92.2021 12.6212 12.8049 -0.362747 -12.8538 1.00684e-21 0.0546624 0.0003 3.14618 0.20354 
600.11 53.8714 13.9882 14.0094 -0.0436027 -1.04254 5.70924e-18 0.0546624 0.0003 2.57372 1.49068 
600.11 50.2586 14.1324 14.1319 0.00100718 0.151249 0.101692 1.39979 0.503 1.00745 1.04169 
600.11 52.7096 14.0341 14.0262 0.0138138 0.863321 0.137411 1.39979 0.503 2.7184 -1.63533 
600.11 59.5086 13.7686 13.5748 0.375083 -4.53003 4.72209e-13 0.0546624 0.0003 1.76735 -0.0669709 
600.11 50.098 14.1389 14.1379 0.0021791 0.0469704 0.104674 1.39979 0.503 0.838974 1.15675 
600.11 50 14.1429 14.1429 9.99223e-08 -1.93329e-05 1.85862e-17 0.0546624 0.0003 -0.113624 2.66749 
600.11 50.0262 14.1418 14.1416 0.000364825 -0.0105788 1.87685e-17 0.0546624 0.0003 1.0509 1.8708 
600.11 50.4206 14.1259 14.1274 -0.00283816 0.216681 0.0926238 1.39979 0.0003 1.56301 1.58565 
600.11 87.2378 12.7826 12.6738 0.192819 -15.0594 3.20338e-15 0.0546624 0.0003 3.37156 -0.218371 
600.11 50.099 14.1389 14.1388 5.05828e-05 -0.0307805 1.86084e-17 0.0546624 0.0003 0.609148 -0.529761 
600.11 51.2338 14.0931 14.0668 0.0521576 -0.469855 7.58728e-17 0.0546624 0.0003 2.23422 -1.71432 
600.11 50.6846 14.1152 14.0935 0.0432047 -0.265429 5.96304e-17 0.0546624 0.0003 1.03692 0.499082 
600.11 50 14.1429 14.1429 -3.22853e-08 7.40946e-05 0.0992319 1.39979 0.0003 -0.490744 4.09076 
600.11 54.7956 13.9518 14.0164 -0.124074 -1.35608 6.59932e-19 0.0546624 0.0003 1.9014 -0.993348 
600.11 91.4493 12.6455 12.836 -0.372884 -13.8993 7.69167e-22 0.0546624 0.0003 2.87373 -0.253927 
600.11 52.941 14.025 13.9937 0.0685217 -1.53865 1.20211e-16 0.0546624 0.0003 3.12599 -1.6302 
600.11 58.4046 13.8114 13.9099 -0.188583 -2.52236 1.1614e-19 0.0546624 0.0003 3.4915 -1.18419 
600.11 54.6766 13.9565 14.009 -0.0997818 -0.598384 1.27327e-18 0.0546624 0.0003 1.92165 1.02738 
600.11 55.8035 13.9122 13.9339 -0.0459075 -0.991249 5.34474e-18 0.0546624 0.0003 1.587 -0.103085 
600.11 50.1218 14.1379 14.1372 0.00177265 0.0811333 0.10365 1.39979 0.503 2.99791 -2.40723 
600.11 50 14.1429 14.1429 3.21884e-07 0.0017919 0.0992327 1.39979 0.0003 0.568929 3.22082 
600.11 50.0771 14.1397 14.1397 6.7706e-05 0.0770717 0.0993996 1.39979 0.503 2.5739 2.46156 
600.11 50.0633 14.1403 14.1382 0.00444741 -0.0233375 2.0967e-17 0.0546624 0.0003 2.38167 -2.46037 
600.11 50.8537 14.1084 14.1104 -0.00445936 -0.0204747 1.64578e-17 0.0546624 0.0003 1.40089 1.15254 
600.11 50.4599 14.1243 14.1074 0.0349821 -0.349996 4.79432e-17 0.0546624 0.0003 3.10352 -2.117 
600.11 50.0697 14.14 14.1399 0.000293915 0.0873718 0.09995 1.39979 0.503 0.599074 -0.757892 
600.11 52.3098 14.0501 14.0631 -0.0263337 0.154345 0.051271 1.39979 0.0003 1.33203 0.35756 
600.11 65.3297 13.5496 13.6584 -0.201685 -3.7626 8.28274e-20 0.0546624 0.0003 4.02218 -0.100413 
600.11 68.5817 13.4297 13.3923 0.0402438 -8.12644 5.0347e-17 0.0546624 0.0003 3.1975 -0.909986 
600.11 53.2665 14.0121 14.0363 -0.0484534 -1.07662 5.02169e-18 0.0546624 0.0003 2.18124 1.37837 
600.11 50.0094 14.1425 14.1421 0.000887873 0.00689661 0.101422 1.39979 0.503 0.133617 -0.060431 
600.11 50.0614 14.1404 14.1403 0.00019482 0.010069 0.0997048 1.39979 0.503 2.51818 2.4968 
600.11 51.0182 14.1018 14.0896 0.0272493 0.291482 0.188231 1.39979 0.503 3.26044 -1.90936 
600.11 50 14.1429 14.1429 2.489e-08 0.0010991 0.099232 1.39979 0.0003 1.07613 3.55506 
600.11 50.35 14.1287 14.1349 -0.0113024 -0.0461003 1.3734e-17 0.0546624 0.0003 0.820165 0.0825164 
600.11 52.6818 14.0353 14.0097 0.0450856 -1.31787 6.17731e-17 0.0546624 0.0003 3.24271 1.6448 
600.11 49.9998 14.1429 14.1429 -1.38452e-05 0.000731881 0.0991985 1.39979 0.0003 -1.76137 -3.16203 
600.11 57.3485 13.8519 13.8589 -0.0329826 -1.4881 7.25133e-18 0.0546624 0.0003 3.25741 -1.30764 
600.11 60.1594 13.7439 13.767 -0.0573368 -3.2513 3.83594e-18 0.0546624 0.0003 3.75899 0.939407 
600.11 65.5387 13.5415 13.5887 -0.140666 -5.02369 3.69634e-19 0.0546624 0.0003 3.50171 -0.889169 
600.11 49.9993 14.1429 14.1429 2.86408e-05 0.000124627 0.0993002 1.39979 0.503 -1.34609 2.69459 
600.11 68.2137 13.4431 13.2824 0.306003 -7.52431 7.11076e-14 0.0546624 0.0003 2.57894 0.842272 
600.11 81.0971 12.989 13.1578 -0.319651 -8.53442 3.37177e-21 0.0546624 0.0003 2.60671 0.455274 
600.11 71.4876 13.3248 13.3555 -0.0723995 -8.40308 2.55488e-18 0.0546624 0.0003 2.16153 0.146302 
600.11 51.3747 14.0875 14.0874 0.000309203 0.58071 0.0999925 1.39979 0.503 2.14461 1.63914 
600.11 51.6469 14.0766 14.0763 0.000956756 0.942844 0.10167 1.39979 0.503 2.12448 1.57324 
600.11 90.9459 12.6615 12.6401 0.0216442 -16.1744 3.15456e-17 0.0546624 0.0003 3.19463 -0.233964 
600.11 50.0176 14.1421 14.1406 0.00342772 0.00970728 0.107925 1.39979 0.503 1.84419 -2.52104 
600.11 51.878 14.0674 14.0635 0.00642645 1.08859 0.115481 1.39979 0.503 3.77779 -1.5838 
600.11 52.457 14.0443 14.0776 -0.063534 -0.670019 3.37017e-18 0.0546624 0.0003 2.09603 -1.42544 
600.11 50.1964 14.1349 14.1381 -0.00582928 -0.0194412 1.59e-17 0.0546624 0.0003 0.696166 -0.130154 
600.11 50.0807 14.1396 14.1393 0.000656359 0.0482005 0.100855 1.39979 0.503 1.38728 1.89601 
600.11 50.7367 14.1132 14.1138 -0.000503916 0.300542 0.0982176 1.39979 0.0003 3.06253 2.00645 
600.11 67.9515 13.4531 13.6201 -0.307415 -3.02925 4.80835e-21 0.0546624 0.0003 3.84836 0.424838 
600.11 50.0746 14.1398 14.14 -0.000443657 0.0666447 0.0981575 1.39979 0.0003 1.78871 2.19236 
600.11 55.345 13.9302 13.9788 -0.0832242 -0.0622291 7.38435e-08 0.0546624 0.0003 3.19652 1.43133 
600.11 52.244 14.0527 14.019 0.0787871 0.42787 0.488209 1.39979 0.503 1.78492 -1.20905 
600.11 50.5007 14.1227 14.1315 -0.0161952 -0.0955449 1.20517e-17 0.0546624 0.0003 0.90388 -0.117129 
600.11 50.0954 14.139 14.1383 0.00187838 -0.00856921 1.9578e-17 0.0546624 0.0003 0.82065 -1.13301 
600.11 52.4139 14.046 14.0525 -0.0107414 0.339213 0.0765749 1.39979 0.0003 2.44535 -1.59971 
600.11 50.7595 14.1123 14.1229 -0.0201581 -0.169108 1.08181e-17 0.0546624 0.0003 1.41957 -1.22548 
600.11 85.719 12.833 12.7177 0.212201 -15.1495 5.50777e-15 0.0546624 0.0003 3.39486 0.265748 
600.11 50.3569 14.1285 14.1285 0.000116589 0.156381 0.0995442 1.39979 0.503 3.24976 2.16259 
600.11 50.0318 14.1416 14.1415 0.000152845 0.0557753 0.0996089 1.39979 0.503 1.14403 -1.91439 
600.11 61.9726 13.6752 13.7939 -0.228421 -2.09839 3.94649e-20 0.0546624 0.0003 2.69943 -1.09857 
600.11 50.0077 14.1425 14.1425 6.2413e-05 0.00262938 0.0993788 1.39979 0.503 3.03756 -2.91524 
600.11 50.0512 14.1408 14.1408 8.85014e-05 0.0146219 0.0994501 1.39979 0.503 2.26941 2.4719 
600.11 50.033 14.1415 14.1412 0.000564085 -0.0134857 1.88713e-17 0.0546624 0.0003 0.434335 -0.698837 
600.11 50.0302 14.1416 14.1393 0.00485164 -0.0367282 2.12026e-17 0.0546624 0.0003 1.01011 1.78922 
600.11 74.585 13.2143 13.0015 0.394878 -10.2793 7.78794e-13 0.0546624 0.0003 3.03456 -0.769137 
600.11 54.4453 13.9656 14.0309 -0.122273 -0.469675 6.98836e-19 0.0546624 0.0003 1.91691 1.04631 
600.11 51.8006 14.0705 14.0859 -0.0305839 -0.623853 8.14212e-18 0.0546624 0.0003 3.58885 -1.67547 
600.11 56.3984 13.8888 13.7417 0.292011 -2.19825 5.01654e-14 0.0546624 0.0003 2.24219 -1.15667 
600.11 53.1779 14.0157 14.0596 -0.0811892 0.140134 0.0123663 1.39979 0.0003 1.66531 -0.902978 
600.11 50.3999 14.1267 14.1257 0.00205055 0.216375 0.104321 1.39979 0.503 0.975378 -0.728225 
600.11 50.0527 14.1407 14.1414 -0.00132582 -0.0116837 1.79349e-17 0.0546624 0.0003 0.597799 -0.918881 
600.11 50.3074 14.1305 14.1359 -0.0100457 -0.0718592 1.42032e-17 0.0546624 0.0003 1.40919 -1.53457 
600.11 76.3248 13.1535 13.1846 -0.0757138 -10.3299 2.32171e-18 0.0546624 0.0003 2.27801 0.0647694 
600.11 67.3603 13.4746 13.5956 -0.238727 -4.69187 2.94006e-20 0.0546624 0.0003 3.12974 -0.957281 
600.11 50.7111 14.1142 14.1259 -0.0215205 -0.159217 1.04463e-17 0.0546624 0.0003 2.0956 1.80165 
600.11 51.1152 14.098 14.0814 0.0416412 -0.136678 5.85852e-17 0.0546624 0.0003 2.30542 1.77223 
600.11 81.5868 12.9719 12.803 0.312034 -14.1149 8.17463e-14 0.0546624 0.0003 3.54872 -0.21448 
600.11 51.4972 14.0826 14.0825 0.00120089 0.450583 0.102419 1.39979 0.503 1.20243 0.320982 
600.11 49.9985 14.1429 14.1429 -1.82368e-06 0.000933375 0.099228 1.39979 0.0003 -0.206374 1.15568 
600.11 50.0009 14.1428 14.1427 0.000193268 -0.00124925 1.8684e-17 0.0546624 0.0003 1.22879 -2.72461 
600.11 50 14.1429 14.1429 1.862e-08 -4.96503e-06 1.85861e-17 0.0546624 0.0003 -1.34352 3.76545 
600.11 50.2718 14.1319 14.1358 -0.00665421 0.112476 0.0845259 1.39979 0.0003 1.85076 -1.91972 
600.11 50.0236 14.1419 14.1424 -0.000856829 -0.00384892 1.81658e-17 0.0546624 0.0003 1.04504 -1.89146 
600.11 50.0249 14.1418 14.1392 0.00578782 -0.02524 2.17552e-17 0.0546624 0.0003 0.750786 1.51387 
600.11 50.014 14.1423 14.1423 6.66803e-05 0.0129104 0.0993913 1.39979 0.503 0.297226 -0.774237 
600.11 50.0671 14.1401 14.1401 -0.000213371 -0.0290847 1.84684e-17 0.0546624 0.0003 0.585479 -0.74049 
600.11 62.514 13.6549 13.7919 -0.256991 -3.38285 1.85404e-20 0.0546624 0.0003 2.19167 0.774833 
600.11 50.0151 14.1422 14.1426 -0.000546936 -0.00246979 1.83167e-17 0.0546624 0.0003 1.94059 2.59166 
600.11 51.6177 14.0778 14.0875 -0.0196563 -0.045916 7.61331e-17 0.0546624 0.0003 3.22287 1.79146 
600.11 50.1056 14.1386 14.1387 -5.97306e-05 0.07002 0.0991095 1.39979 0.0003 0.930555 1.2849 
600.11 50.2623 14.1323 14.137 -0.00863838 -0.0593788 1.47491e-17 0.0546624 0.0003 0.754929 0.0271238 
600.11 51.7176 14.0738 14.0838 -0.0218612 -0.630027 1.02475e-17 0.0546624 0.0003 3.31928 -1.76025 
600.11 50.0085 14.1425 14.1425 -3.62359e-05 0.00607054 0.0991492 1.39979 0.0003 0.204295 0.742982 
600.11 51.781 14.0713 14.0805 -0.0191204 -0.677368 1.10738e-17 0.0546624 0.0003 2.89226 -1.77573 
600.11 50.0133 14.1423 14.1423 -4.1115e-05 -0.0050142 1.85643e-17 0.0546624 0.0003 0.288211 -0.771779 
600.11 50.9048 14.1064 14.1061 0.00150728 0.712852 0.103172 1.39979 0.503 1.04444 -0.0628145 
600.11 75.8589 13.17 13.3361 -0.323677 -8.69056 2.95181e-21 0.0546624 0.0003 3.23148 0.699393 
600.11 51.9193 14.0657 13.9794 0.179374 -0.256142 2.4136e-15 0.0546624 0.0003 2.55889 1.7023 
600.11 54.8617 13.949 13.8555 0.187492 -0.892509 2.95682e-15 0.0546624 0.0003 1.60562 -0.486795 
600.11 50.1624 14.1363 14.1364 0.000108679 0.00497204 0.0995718 1.39979 0.503 1.48964 1.79738 
600.11 51.4221 14.0856 14.0812 0.0108965 0.598879 0.129461 1.39979 0.503 1.18343 0.291285 
600.11 66.6821 13.4996 13.668 -0.32461 -4.14306 2.90329e-21 0.0546624 0.0003 3.57329 0.802188 
600.11 50.5582 14.1203 14.1196 0.0018387 0.202315 0.103873 1.39979 0.503 2.48407 2.0091 
600.11 50.047 14.141 14.1412 -0.000265124 0.0348958 0.0986625 1.39979 0.0003 2.21598 2.472 
600.11 50.2151 14.1342 14.1327 0.00383133 0.206208 0.109065 1.39979 0.503 0.745723 -0.393604 
600.11 50.579 14.1195 14.1109 0.0196303 0.350056 0.158575 1.39979 0.503 1.39421 -1.29926 
600.11 61.5289 13.6916 13.6138 0.127274 -3.15658 5.37284e-16 0.0546624 0.0003 4.09388 -0.37212 
600.11 58.216 13.8184 13.7264 0.180925 -3.88371 2.45169e-15 0.0546624 0.0003 2.44747 -1.16689 
600.11 50.0309 14.1416 14.1414 0.000324674 -0.00706895 1.87489e-17 0.0546624 0.0003 0.610369 1.19538 
600.11 50.5481 14.1207 14.0957 0.0518209 -0.389915 7.56781e-17 0.0546624 0.0003 3.21465 -2.06751 
600.11 50.5908 14.119 14.119 0.000693638 0.477945 0.101099 1.39979 0.503 3.79042 1.90279 
600.11 49.9999 14.1429 14.1429 2.63547e-06 -5.31356e-05 1.85874e-17 0.0546624 0.0003 -2.14314 -3.39679 
600.11 58.0227 13.826 13.8534 -0.0474648 -2.88903 5.26488e-18 0.0546624 0.0003 2.19916 1.02389 
600.11 50.0108 14.1424 14.1416 0.00182387 -0.00328646 1.95294e-17 0.0546624 0.0003 0.393824 1.17382 
600.11 89.4208 12.7111 12.6696 0.0675953 -15.1284 1.10779e-16 0.0546624 0.0003 2.78413 0.288481 
600.11 50 14.1429 14.1429 -1.00397e-06 0.000299267 0.0992295 1.39979 0.0003 -0.264518 -3.02606 
600.11 61.4737 13.6941 13.8009 -0.198303 -3.31886 9.08446e-20 0.0546624 0.0003 3.97116 -0.629052 
600.11 54.1869 13.9756 13.9708 0.010252 1.51509 0.127487 1.39979 0.503 1.544 -0.455944 
600.11 50.0362 14.1414 14.1406 0.00172721 -0.00299701 1.94755e-17 0.0546624 0.0003 3.17714 -2.63671 
600.11 50.0112 14.1424 14.1424 5.96446e-05 0.0105565 0.0993787 1.39979 0.503 0.504462 1.37962 
600.11 59.4645 13.7704 13.8787 -0.228848 -2.23537 3.72426e-20 0.0546624 0.0003 1.90783 0.579091 
600.11 59.5976 13.7653 13.6827 0.160037 -4.75515 1.38519e-15 0.0546624 0.0003 2.40083 1.07497 
600.11 50.0142 14.1423 14.1422 0.000199136 0.00724215 0.0997185 1.39979 0.503 0.663501 1.5633 
600.11 71.1793 13.3359 13.4209 -0.173218 -5.24601 1.70795e-19 0.0546624 0.0003 2.41542 0.629872 
600.11 75.6743 13.1761 13.0741 0.188151 -11.1985 2.88581e-15 0.0546624 0.0003 3.53417 -0.514606 
600.11 50.0047 14.1427 14.1427 -8.81209e-05 0.00231702 0.0990246 1.39979 0.0003 0.453264 1.57904 
600.11 51.4175 14.0858 14.0841 0.00460488 0.0939817 0.111199 1.39979 0.503 3.89091 1.6109 
600.11 57.9309 13.8296 13.8956 -0.130689 -1.39164 5.46389e-19 0.0546624 0.0003 2.01335 -0.852898 
600.11 53.494 14.003 13.9995 0.00858292 1.39619 0.122631 1.39979 0.503 1.76948 0.994857 
600.11 54.2256 13.974 13.8684 0.213463 -1.59271 6.00512e-15 0.0546624 0.0003 3.30062 -1.49278 
600.11 50.0017 14.1428 14.1428 2.48892e-05 0.00737869 0.0992922 1.39979 0.0003 -0.0145053 0.423331 
600.11 53.1041 14.0185 14.0293 -0.022906 -0.47827 9.97581e-18 0.0546624 0.0003 2.81133 -1.60774 
600.11 50 14.1429 14.1429 -1.0316e-06 6.24672e-05 0.0992295 1.39979 0.0003 -1.61207 -3.34778 
600.11 50.0866 14.1394 14.1397 -0.000735198 -0.031266 1.82187e-17 0.0546624 0.0003 2.32127 -2.3806 
600.11 51.5084 14.0821 14.0498 0.0648703 -0.849651 1.07167e-16 0.0546624 0.0003 1.68079 1.26015 
600.11 61.4023 13.6965 13.6186 0.140271 -4.89037 7.89311e-16 0.0546624 0.0003 2.17475 0.815298 
600.11 56.918 13.8686 13.6937 0.344316 -3.8877 2.07179e-13 0.0546624 0.0003 2.11197 1.02327 
600.11 50.1044 14.1386 14.1393 -0.00073183 0.0346734 0.0976027 1.39979 0.0003 2.36419 -2.35369 
600.11 51.3138 14.0899 14.0611 0.065652 0.45553 0.398745 1.39979 0.503 1.78235 1.40702 
600.11 49.998 14.1429 14.1429 3.24568e-05 0.00102232 0.099311 1.39979 0.503 -2.52081 2.97003 
600.11 57.0603 13.8633 13.9241 -0.119701 -2.02432 7.36669e-19 0.0546624 0.0003 1.68963 0.312717 
600.11 50.5911 14.119 14.1177 0.00237869 0.374762 0.105087 1.39979 0.503 2.26455 1.9246 
600.11 50.7152 14.114 14.1122 0.00243781 0.189753 0.104996 1.39979 0.503 2.68626 -1.9903 
600.11 50.1722 14.1359 14.1353 0.00158049 0.0822419 0.103168 1.39979 0.503 0.671849 -0.187202 
600.11 49.9992 14.1429 14.1429 2.58919e-05 0.00042541 0.0992947 1.39979 0.0003 -0.850574 2.31048 
600.11 50.0127 14.1423 14.1423 6.20657e-05 0.00196368 0.0993886 1.39979 0.503 0.181995 0.145171 
600.11 51.9747 14.0635 14.086 -0.0427486 -0.582162 5.89333e-18 0.0546624 0.0003 1.28041 -0.325974 
600.11 57.0176 13.8649 13.9059 -0.0789533 -0.563133 2.22256e-18 0.0546624 0.0003 3.04182 1.34874 
600.11 52.1065 14.0583 14.0573 0.00275789 1.02624 0.106217 1.39979 0.503 1.83263 -1.27943 
600.11 74.2833 13.2251 13.1039 0.226492 -9.12778 8.1637e-15 0.0546624 0.0003 3.33011 -0.704126 
600.11 68.8086 13.4218 13.3604 0.179488 -6.99331 2.79786e-15 0.0546624 0.0003 2.10995 -0.249853 
600.11 51.38 14.0873 14.067 0.0455296 0.533166 0.276182 1.39979 0.503 3.84024 -1.64598 
600.11 50.1375 14.1373 14.1392 -0.00368607 -0.0389807 1.68339e-17 0.0546624 0.0003 0.770297 -0.838442 
600.11 54.9707 13.9449 13.9999 -0.0973685 0.0733984 0.00814895 1.39979 0.0003 1.73928 0.754324 
600.11 50.1543 14.1366 14.1384 -0.00363843 -0.045416 1.68512e-17 0.0546624 0.0003 0.791687 -0.827971 
600.11 80.2771 13.0166 12.9193 0.170073 -13.2422 1.73013e-15 0.0546624 0.0003 2.80115 0.590776 
600.11 50 14.1429 14.1429 -5.86118e-09 0.000225389 0.0992319 1.39979 0.0003 -0.349506 3.60814 
600.11 54.9003 13.9477 14.0074 -0.114729 -1.16646 8.48869e-19 0.0546624 0.0003 1.57565 -0.37916 
600.11 50.3384 14.1292 14.1251 0.00859668 -0.140733 2.34747e-17 0.0546624 0.0003 2.30838 2.07706 
600.11 49.9992 14.1429 14.1429 1.38245e-05 7.89018e-05 0.099265 1.39979 0.0003 -2.13709 3.02727 
600.11 59.2518 13.7787 13.8135 -0.0633011 -2.7218 3.42365e-18 0.0546624 0.0003 3.99802 0.744293 
600.11 50.0004 14.1428 14.1429 -1.63792e-05 -6.23934e-05 1.8578e-17 0.0546624 0.0003 0.0963198 -1.69819 
600.11 50.5452 14.1208 14.12 -0.00114192 -0.261331 1.78809e-17 0.0546624 0.0003 2.13319 -1.89055 
600.11 51.9035 14.0664 14.0749 -0.017828 -0.745902 1.14619e-17 0.0546624 0.0003 2.25733 -1.59627 
600.11 50 14.1429 14.1429 2.86459e-10 0.000763191 0.099232 1.39979 0.0003 -0.598201 3.93257 
600.11 50.46 14.1243 14.1325 -0.015084 -0.055237 1.24128e-17 0.0546624 0.0003 1.68682 1.66317 
600.11 53.1728 14.0159 14.0615 -0.0863363 -0.856784 1.82913e-18 0.0546624 0.0003 3.44264 1.54999 
600.11 51.2801 14.0913 14.0894 0.00402338 0.10785 0.109378 1.39979 0.503 1.74687 -1.38508 
600.11 50.1669 14.1361 14.1388 -0.0050512 -0.033522 1.62318e-17 0.0546624 0.0003 2.35407 2.25099 
600.11 88.239 12.7501 12.9405 -0.371785 -11.6854 7.94475e-22 0.0546624 0.0003 3.18168 -0.355537 
600.11 64.2611 13.5894 13.7443 -0.290203 -2.12286 7.55514e-21 0.0546624 0.0003 3.24807 1.03158 
600.11 76.5684 13.1453 13.3534 -0.392637 -7.35183 4.6405e-22 0.0546624 0.0003 2.77519 -0.682344 
600.11 52.1588 14.0562 14.0478 0.0186482 0.547529 0.154833 1.39979 0.503 2.95852 1.72472 
600.11 63.176 13.6298 13.6773 -0.100461 -4.8167 1.21526e-18 0.0546624 0.0003 2.88824 -1.0914 
600.11 69.2871 13.4044 13.5431 -0.271222 -4.46173 1.225e-20 0.0546624 0.0003 3.87208 0.26369 
600.11 51.818 14.0698 14.0879 -0.0289077 0.867332 0.04895 1.39979 0.0003 1.34929 0.647419 
600.11 50.1359 14.1374 14.1342 0.00705372 0.0278573 0.117802 1.39979 0.503 1.11484 1.46023 
600.11 90.3346 12.6812 12.6038 0.133822 -14.4987 6.54186e-16 0.0546624 0.0003 3.15807 0.287096 
600.11 55.6634 13.9177 13.9538 -0.0732634 -1.68289 2.56329e-18 0.0546624 0.0003 1.6139 -0.331279 
600.11 50.8977 14.1067 14.1211 -0.0268843 -0.232152 9.03858e-18 0.0546624 0.0003 2.52616 1.90026 
600.11 50.0703 14.14 14.1352 0.0102283 0.0022806 0.122099 1.39979 0.503 1.21945 -1.7781 
600.11 59.7993 13.7579 13.8779 -0.226737 -1.18315 4.17809e-20 0.0546624 0.0003 3.51554 -1.10796 
600.11 63.3956 13.6218 13.5869 0.128556 -4.39744 7.10452e-16 0.0546624 0.0003 2.04922 -0.532019 
600.11 50.3899 14.1271 14.1265 0.000634998 0.290343 0.100634 1.39979 0.503 2.90629 2.15528 
600.11 50.8972 14.1067 14.0832 0.0527329 0.361762 0.317398 1.39979 0.503 2.83009 1.95162 
600.11 83.4651 12.9084 12.8663 0.0540263 -13.7977 7.38714e-17 0.0546624 0.0003 2.62463 -0.386654 
600.11 50.2664 14.1321 14.1339 -0.0035827 -0.0806 1.68702e-17 0.0546624 0.0003 0.790365 0.379689 
600.11 50.0888 14.1393 14.1401 -0.00124592 -0.0156191 1.79939e-17 0.0546624 0.0003 1.78516 2.15101 
600.11 77.7898 13.1028 13.3124 -0.39584 -8.15903 4.24874e-22 0.0546624 0.0003 3.29973 0.618272 
600.11 57.8897 13.8309 13.7174 0.214146 -4.71999 5.88286e-15 0.0546624 0.0003 3.80836 1.02635 
600.11 50 14.1429 14.1429 -2.43202e-06 -1.19519e-05 1.85849e-17 0.0546624 0.0003 -0.0676847 1.84214 
600.11 51.4205 14.0857 14.0577 0.0573424 0.00463027 0.234396 1.39979 0.503 2.06723 1.5861 
600.11 50.0717 14.14 14.1398 0.000236418 0.0130071 0.0998044 1.39979 0.503 0.496652 -0.212173 
600.11 63.1115 13.6324 13.7384 -0.188492 -1.84438 1.21209e-19 0.0546624 0.0003 3.69086 -0.85484 
600.11 75.7014 13.1756 13.3999 -0.416547 -6.94886 2.45254e-22 0.0546624 0.0003 3.32835 -0.663914 
600.11 50.1467 14.1369 14.136 0.000833644 -0.0624797 1.89565e-17 0.0546624 0.0003 1.26259 1.61044 
600.11 73.9214 13.2378 13.0339 0.379662 -9.80659 5.16343e-13 0.0546624 0.0003 3.33771 -0.711005 
600.11 52.7698 14.0317 14.0281 0.00699717 1.40825 0.117514 1.39979 0.503 3.71523 -1.49038 
600.11 50.0023 14.1428 14.1428 -5.57922e-05 0.00177388 0.0991022 1.39979 0.0003 0.133793 -1.17824 
600.11 70.3756 13.3647 13.3332 0.051241 -6.83841 7.18744e-17 0.0546624 0.0003 3.80005 -0.369484 
600.11 78.7994 13.0675 13.0413 0.0365677 -10.6581 4.78438e-17 0.0546624 0.0003 2.93237 -0.657963 
600.11 52.4863 14.0432 14.058 -0.0188442 -0.484383 1.15113e-17 0.0546624 0.0003 1.54506 0.848766 
600.11 50.317 14.1301 14.1286 0.00274465 -0.143232 2.00079e-17 0.0546624 0.0003 1.84534 1.87704 
600.11 60.9653 13.7133 13.7589 -0.0917 -3.69409 1.5599e-18 0.0546624 0.0003 3.06615 -1.17439 
600.11 50.5347 14.1213 14.1206 0.00377306 -0.240131 2.07038e-17 0.0546624 0.0003 2.43224 -2.00525 
600.11 83.223 12.9168 12.9569 -0.0856829 -11.5538 1.81218e-18 0.0546624 0.0003 3.54388 -0.039146 
600.11 50.0415 14.1412 14.1416 -0.000886514 -0.0121234 1.81476e-17 0.0546624 0.0003 1.66553 -2.25097 
600.11 66.8176 13.4947 13.6707 -0.327489 -3.17375 2.76585e-21 0.0546624 0.0003 3.23629 -0.953043 
600.11 82.4734 12.9424 13.1795 -0.441851 -10.2322 1.22426e-22 0.0546624 0.0003 2.4348 -0.00372616 
600.11 50.0519 14.1408 14.1365 0.0090425 -0.0149812 2.37629e-17 0.0546624 0.0003 3.23724 2.56423 
600.11 53.3919 14.0071 14.0058 0.001792 1.18498 0.103704 1.39979 0.503 1.48944 -0.501979 
600.11 53.1217 14.0179 14.0665 -0.0908712 -0.614662 1.62391e-18 0.0546624 0.0003 3.16572 1.60834 
600.11 50.0094 14.1425 14.1424 0.000157261 0.00848082 0.0996158 1.39979 0.503 0.525995 -1.47937 
600.11 50 14.1429 14.1429 4.0504e-06 0.000120305 0.0992418 1.39979 0.0003 0.0764249 2.45103 
600.11 50.908 14.1062 14.1025 0.00766225 0.648265 0.119363 1.39979 0.503 3.16331 -1.94917 
600.11 50.0004 14.1428 14.1428 2.01091e-05 0.000628213 0.0992806 1.39979 0.0003 1.80476 -3.14399 
600.11 49.9994 14.1429 14.1429 -9.97055e-06 0.000449825 0.0992086 1.39979 0.0003 -1.11198 2.58079 
600.11 50.0589 14.1405 14.1366 0.00817856 -0.00887031 2.32114e-17 0.0546624 0.0003 2.97947 -2.55071 
600.11 50.5002 14.1227 14.1249 -0.00200302 0.182278 0.0950459 1.39979 0.0003 1.98734 -1.83932 
600.11 52.9178 14.0259 14.0259 -0.000874577 0.835816 0.0969432 1.39979 0.0003 2.14344 1.39552 
600.11 51.4048 14.0864 14.1076 -0.0394251 -0.0535073 1.06336e-11 0.0546624 0.0003 2.33277 1.718 
600.11 51.5563 14.0803 14.1034 -0.0417948 -0.400721 6.08523e-18 0.0546624 0.0003 1.68094 1.24754 
600.11 50 14.1429 14.1429 -1.17519e-10 0.000278774 0.099232 1.39979 0.0003 0.646113 4.02265 
600.11 51.1665 14.0959 14.0944 0.00115865 -0.50187 1.90829e-17 0.0546624 0.0003 1.9048 1.54283 
600.11 51.2298 14.0934 14.1117 -0.0346216 -0.22022 7.3389e-18 0.0546624 0.0003 1.70676 1.36188 
600.11 50.7555 14.1124 14.1062 0.0136517 0.496506 0.137781 1.39979 0.503 1.05617 -0.475598 
600.11 50.0033 14.1427 14.1428 -8.21912e-05 0.000536856 0.099037 1.39979 0.0003 0.907294 -2.22169 
600.11 50.1866 14.1353 14.1387 -0.00615094 -0.0185525 1.57683e-17 0.0546624 0.0003 2.93562 2.31749 
600.11 50.3624 14.1282 14.1343 -0.0112089 -0.0729791 1.3768e-17 0.0546624 0.0003 0.873125 -0.448077 
600.11 49.9999 14.1429 14.1429 -1.25243e-06 0.000236495 0.0992289 1.39979 0.0003 -1.42127 -3.07045 
600.11 50.0338 14.1415 14.1414 0.000187924 0.0594053 0.0997003 1.39979 0.503 0.348346 0.110857 
600.11 61.5872 13.6899 13.8337 -0.269862 -3.2964 1.30841e-20 0.0546624 0.0003 2.1264 -0.752293 
600.11 50 14.1429 14.1429 2.15514e-06 0.000424002 0.0992371 1.39979 0.0003 -0.211068 2.22861 
600.11 75.0807 13.1969 12.9794 0.402563 -10.8273 9.58338e-13 0.0546624 0.0003 2.54344 -0.60395 
600.11 73.533 13.2521 13.3678 -0.203369 -8.21345 8.20242e-20 0.0546624 0.0003 3.34745 0.717134 
600.11 50.0901 14.1392 14.1375 0.00360222 -0.0571924 2.04955e-17 0.0546624 0.0003 2.98681 -2.46763 
600.11 67.83 13.4575 13.5854 -0.245391 -4.73021 2.49906e-20 0.0546624 0.0003 3.65037 0.695712 
600.11 53.1161 14.0181 14.0339 -0.0327623 -0.82341 7.65239e-18 0.0546624 0.0003 3.01014 1.61755 
600.11 50.0449 14.141 14.1378 0.00690931 -0.0338903 2.24205e-17 0.0546624 0.0003 1.98692 -2.39738 
600.11 50.0093 14.1425 14.1425 -0.00011242 -0.00375015 1.85297e-17 0.0546624 0.0003 1.68499 -2.5672 
600.11 52.5555 14.0404 14.0592 -0.0357172 -0.773767 7.12158e-18 0.0546624 0.0003 1.78917 1.15959 
600.11 54.7811 13.9524 14.0127 -0.115595 -1.40525 8.29888e-19 0.0546624 0.0003 1.51789 -0.000702563 
600.11 55.0581 13.9412 13.9165 0.0254085 -2.36275 3.46108e-17 0.0546624 0.0003 2.49854 1.37518 
600.11 70.5238 13.3593 13.2463 0.223188 -8.59805 7.71884e-15 0.0546624 0.0003 2.70756 -0.827065 
600.11 50.0369 14.1414 14.1413 0.000143628 0.00540606 0.0995855 1.39979 0.503 1.07834 -1.80862 
600.11 50.3135 14.1302 14.1301 0.000200381 0.040684 0.099711 1.39979 0.503 1.48007 1.59878 
600.11 50.0157 14.1422 14.1422 4.70569e-05 0.0108709 0.0993399 1.39979 0.503 1.21686 -2.15047 
600.11 50 14.1429 14.1429 -3.10436e-08 -9.4455e-05 1.85861e-17 0.0546624 0.0003 -1.33551 3.88559 
600.11 58.4026 13.8112 13.8015 0.0143162 -1.97322 2.69811e-17 0.0546624 0.0003 2.22159 -1.01919 
600.11 54.5243 13.9623 13.9086 0.10623 -2.39841 3.26497e-16 0.0546624 0.0003 1.72079 0.784381 
600.11 51.8529 14.0683 14.0001 0.139721 -1.15297 8.1748e-16 0.0546624 0.0003 2.12007 -1.53383 
600.11 50.9082 14.1062 14.1055 0.00074189 0.642646 0.100919 1.39979 0.503 1.15853 0.65812 
600.11 59.2627 13.778 13.61 0.326515 -1.89649 1.26144e-13 0.0546624 0.0003 1.83895 0.4489 
600.11 74.4039 13.2213 13.437 -0.400799 -6.9372 3.76979e-22 0.0546624 0.0003 3.30001 0.713683 
600.11 50.0173 14.1422 14.1421 2.25948e-05 -0.00461256 1.859e-17 0.0546624 0.0003 2.28335 2.68186 
600.11 78.9681 13.0618 13.1078 -0.10561 -7.91334 1.03504e-18 0.0546624 0.0003 3.31707 0.575447 
600.11 50.0275 14.1417 14.1417 0.000138839 0.02159 0.0995727 1.39979 0.503 3.28231 -2.67844 
600.11 85.711 12.8333 12.8235 0.00107763 -13.9249 1.82179e-17 0.0546624 0.0003 3.12195 0.460212 
600.11 50 14.1429 14.1429 -4.20318e-07 0.000483438 0.099231 1.39979 0.0003 0.661316 3.08038 
600.11 50.1172 14.1381 14.1378 0.000759313 0.103461 0.101112 1.39979 0.503 0.694889 -0.7188 
600.11 49.9952 14.1431 14.1428 0.000592208 0.000970066 0.100687 1.39979 0.503 -0.207302 0.416146 
600.11 50.3628 14.1282 14.128 0.000631795 0.190225 0.10081 1.39979 0.503 1.55961 1.62751 
600.11 56.7108 13.8768 13.9218 -0.0901883 -2.31423 1.62594e-18 0.0546624 0.0003 1.65689 -0.246455 
600.11 64.6896 13.5732 13.5978 -0.0508823 -5.17246 4.68306e-18 0.0546624 0.0003 3.80365 0.671749 
600.11 58.9628 13.7899 13.8853 -0.179503 -0.994958 1.49663e-19 0.0546624 0.0003 3.8049 0.96591 
600.11 50.2362 14.1333 14.1377 -0.00802819 -0.053694 1.49944e-17 0.0546624 0.0003 2.0901 2.07748 
600.11 93.0881 12.5925 12.5951 -0.0261677 -16.3761 8.67573e-18 0.0546624 0.0003 3.02014 -0.205462 
600.11 50 14.1429 14.1429 -2.851e-09 -3.60459e-05 1.85861e-17 0.0546624 0.0003 -0.650182 4.09051 
600.11 82.7313 12.9336 13.092 -0.300409 -9.02772 5.67936e-21 0.0546624 0.0003 3.29013 0.477076 
600.11 87.9078 12.761 12.7657 -0.0223133 -13.6008 9.73794e-18 0.0546624 0.0003 2.84988 -0.381291 
600.11 59.2878 13.7774 13.713 0.176689 -2.77064 2.5247e-15 0.0546624 0.0003 2.44125 1.11075 
600.11 52.7361 14.0331 13.9903 0.0858339 -1.2261 1.88871e-16 0.0546624 0.0003 1.46822 -0.631025 
600.11 50.2064 14.1345 14.1342 0.000770055 0.0569262 0.101118 1.39979 0.503 1.32411 -1.57113 
600.11 50.0836 14.1395 14.1359 0.00734398 -0.05771 2.26792e-17 0.0546624 0.0003 1.24607 1.75696 
600.11 50.0829 14.1395 14.1392 0.000679109 0.0196953 0.100912 1.39979 0.503 1.47867 -1.96339 
600.11 50.5628 14.1201 14.0941 0.0583672 0.0698439 0.351396 1.39979 0.503 1.48481 -1.41386 
600.11 50.0262 14.1418 14.1396 0.00471543 -0.00853906 2.11286e-17 0.0546624 0.0003 1.26162 -2.06816 
600.11 58.2691 13.8165 13.8957 -0.155812 -1.36165 2.77666e-19 0.0546624 0.0003 2.99871 1.28839 
600.11 50.0509 14.1408 14.1408 8.49647e-05 0.0132849 0.099434 1.39979 0.503 0.775513 -1.30373 
600.11 51.1517 14.0964 14.0954 0.00206265 0.121688 0.104333 1.39979 0.503 3.7377 -1.74566 
600.11 62.1322 13.6693 13.8005 -0.242082 -0.918423 2.80447e-20 0.0546624 0.0003 3.85963 -0.738329 
600.11 88.4849 12.7419 12.8833 -0.28826 -13.5395 7.48894e-21 0.0546624 0.0003 2.70377 0.255815 
600.11 50.6573 14.1163 14.1207 -0.0091039 -0.227098 1.45218e-17 0.0546624 0.0003 1.69093 1.55817 
600.11 59.2109 13.7802 13.775 0.00478967 -3.96151 2.08393e-17 0.0546624 0.0003 2.91069 -1.24365 
600.11 50.2061 14.1345 14.1371 -0.00495214 -0.0145486 1.62684e-17 0.0546624 0.0003 0.895608 0.921699 
600.11 65.7858 13.5323 13.3271 0.388214 -8.36594 6.61717e-13 0.0546624 0.0003 2.24043 0.670866 
600.11 51.5644 14.0799 14.0642 0.0307871 -0.852035 4.26166e-17 0.0546624 0.0003 2.05351 -1.54804 
600.11 50.176 14.1358 14.1379 -0.00416865 -0.05362 1.66142e-17 0.0546624 0.0003 1.1726 1.44679 
600.11 53.92 13.9863 13.986 0.00192874 1.39496 0.104414 1.39979 0.503 4.00454 -1.17563 
600.11 50.9294 14.1054 14.1055 0.000751515 0.42606 0.101274 1.39979 0.503 1.07071 0.28437 
600.11 73.4204 13.2557 13.1397 0.239561 -8.02064 1.23668e-14 0.0546624 0.0003 3.7283 -0.331186 
600.11 58.3781 13.8123 13.8669 -0.110146 -1.36738 9.46315e-19 0.0546624 0.0003 1.8107 -0.482502 
600.11 54.188 13.9756 13.9656 0.00552589 -1.77653 2.07166e-17 0.0546624 0.0003 2.48947 -1.43755 
600.11 50.0376 14.1413 14.1399 0.00320175 0.0299349 0.107327 1.39979 0.503 0.41272 0.49955 
600.11 50.3499 14.1287 14.1277 0.00205714 0.125393 0.104319 1.39979 0.503 3.11872 2.17859 
600.11 50.2107 14.1343 14.1329 0.00309122 -0.0828357 2.02153e-17 0.0546624 0.0003 0.78029 -0.574015 
600.11 50.1681 14.1361 14.1351 0.00213487 0.157937 0.104537 1.39979 0.503 0.741015 -0.611419 
600.11 68.2731 13.4411 13.49 -0.105177 -6.26179 1.06412e-18 0.0546624 0.0003 3.67942 -0.649285 
600.11 50.2148 14.1342 14.1365 -0.00456443 -0.00534912 1.33724e-09 0.0546624 0.0003 1.52191 1.74722 
600.11 50.1805 14.1356 14.1345 0.00374326 -0.0875383 2.06537e-17 0.0546624 0.0003 0.796195 0.742074 
600.11 50.8524 14.1085 14.1071 0.00363023 0.192198 0.108559 1.39979 0.503 2.22791 1.81388 
600.11 50.2142 14.1342 14.1331 0.00259997 0.163645 0.105781 1.39979 0.503 1.18086 1.38968 
600.11 50.4451 14.1249 14.1266 -0.00347362 0.0454772 0.091127 1.39979 0.0003 0.878099 -0.146122 
600.11 50.7901 14.111 14.1057 0.0121187 0.248043 0.133051 1.39979 0.503 3.75605 1.84133 
600.11 56.0469 13.9027 13.9576 -0.105306 -1.11612 1.09436e-18 0.0546624 0.0003 2.85331 -1.39467 
600.11 50.0583 14.1405 14.1401 0.000368872 -0.0273844 1.8754e-17 0.0546624 0.0003 0.913779 -1.47095 
600.11 50.0389 14.1413 14.1408 0.00125099 0.0093288 0.102341 1.39979 0.503 2.34607 -2.5466 
600.11 50.1285 14.1377 14.1345 0.00642236 -0.0771785 2.21108e-17 0.0546624 0.0003 1.32455 -1.71322 
600.11 52.6853 14.0353 14.0397 0.00646178 -0.361027 2.30938e-17 0.0546624 0.0003 2.40109 -1.55019 
600.11 57.8581 13.8325 13.9214 -0.166252 -0.195958 1.47198e-11 0.0546624 0.0003 1.85014 -0.622514 
600.11 53.6111 13.9985 14.026 -0.0501367 1.12783 0.0280275 1.39979 0.0003 2.58085 1.5153 
600.11 59.0943 13.7849 13.89 -0.193804 -2.72744 1.02949e-19 0.0546624 0.0003 1.75171 0.0909298 
600.11 88.0164 12.7574 12.9725 -0.410834 -10.923 2.79064e-22 0.0546624 0.0003 3.39908 0.0763935 
600.11 94.0545 12.5617 12.6304 -0.161937 -16.066 2.19497e-19 0.0546624 0.0003 2.96137 -0.13911 
600.11 61.8105 13.6814 13.7408 -0.0910815 -3.06512 1.71581e-18 0.0546624 0.0003 4.14465 -0.0165989 
600.11 90.7672 12.6673 12.6519 0.00992985 -13.5422 2.30104e-17 0.0546624 0.0003 2.9842 -0.310887 
600.11 50.1274 14.1377 14.1401 -0.00438706 -0.0199005 1.65298e-17 0.0546624 0.0003 0.605075 -0.111712 
600.11 50.2232 14.1338 14.1371 -0.00615414 -0.0599898 1.57549e-17 0.0546624 0.0003 2.01011 2.05415 
600.11 72.6103 13.2844 13.2845 -0.0645176 -9.02552 2.76674e-18 0.0546624 0.0003 2.29947 -0.429068 
600.11 50.4076 14.1264 14.126 0.000892048 0.0622724 0.101407 1.39979 0.503 2.06706 -1.93361 
600.11 55.6319 13.919 13.9927 -0.139945 -1.61618 4.32339e-19 0.0546624 0.0003 1.60099 -0.280832 
600.11 52.5541 14.0404 14.0102 0.0630662 -0.862118 1.02822e-16 0.0546624 0.0003 2.12371 1.42967 
600.11 77.9301 13.0977 13.1059 -0.0110577 -9.55149 1.40026e-17 0.0546624 0.0003 3.60979 -0.309105 
600.11 49.9999 14.1429 14.1429 4.12308e-06 1.08106e-05 0.0992417 1.39979 0.0003 -2.11978 -3.29531 
600.11 52.6634 14.0361 14.0628 -0.053026 -0.604669 4.44501e-18 0.0546624 0.0003 1.62726 0.941154 
600.11 51.2091 14.0942 14.0938 0.00105392 0.378844 0.101851 1.39979 0.503 1.66801 1.33056 
600.11 49.9998 14.1429 14.1429 6.73529e-06 -3.16901e-05 1.85895e-17 0.0546624 0.0003 -1.55786 -3.04762 
600.11 50.0162 14.1422 14.1423 -0.000124179 0.0125726 0.0989314 1.39979 0.0003 1.25398 2.17322 
600.11 49.9992 14.1429 14.1429 1.27779e-05 0.000453567 0.0992637 1.39979 0.0003 -0.710166 -2.15026 
600.11 52.4603 14.0442 14.0803 -0.0683295 -0.671707 2.96804e-18 0.0546624 0.0003 1.85436 -1.23901 
600.11 51.0338 14.1012 14.1191 -0.0330141 -0.248849 7.67637e-18 0.0546624 0.0003 2.13877 1.71913 
600.11 50.5402 14.1211 14.1188 0.00427602 -0.266408 2.08421e-17 0.0546624 0.0003 2.95408 2.08138 
600.11 50.068 14.1401 14.14 0.000130312 0.0762591 0.0995275 1.39979 0.503 1.1827 1.75003 
600.11 65.3113 13.55 13.5917 -0.12384 -4.243 5.90817e-19 0.0546624 0.0003 1.97284 0.0410227 
600.11 72.3141 13.2955 13.1848 0.292526 -8.03404 6.23269e-14 0.0546624 0.0003 2.17366 -0.0649635 
600.11 50.349 14.1288 14.1266 0.00166282 -0.0113016 2.03714e-17 0.0546624 0.0003 2.47557 -2.11847 
600.11 65.9457 13.5269 13.6954 -0.313728 -4.06153 4.01517e-21 0.0546624 0.0003 2.09359 0.441271 
600.11 50.3581 14.1284 14.1348 -0.0116593 -0.0523149 1.36054e-17 0.0546624 0.0003 0.825653 0.0904683 
600.11 70.5794 13.3577 13.3863 -0.0142666 -6.67745 1.43134e-17 0.0546624 0.0003 2.70146 -0.822983 
600.11 90.8479 12.6648 12.7883 -0.257172 -13.9045 1.72265e-20 0.0546624 0.0003 2.71709 0.121588 
600.11 50 14.1429 14.1429 -5.84446e-07 8.08485e-05 0.0992305 1.39979 0.0003 -0.981862 -3.27296 
600.11 50.0308 14.1416 14.1411 0.000940532 -0.017901 1.90643e-17 0.0546624 0.0003 2.80059 2.66516 
600.11 53.5878 13.9993 13.9886 0.021505 -1.28137 3.32306e-17 0.0546624 0.0003 1.6534 0.815669 
600.11 61.9705 13.6751 13.6173 0.109892 -5.24105 3.56274e-16 0.0546624 0.0003 1.98687 -0.521055 
600.11 50.0109 14.1424 14.1426 -0.000349663 -0.00254454 1.84129e-17 0.0546624 0.0003 1.63976 -2.51161 
600.11 58.3093 13.8147 13.663 0.292641 -4.46106 4.99446e-14 0.0546624 0.0003 1.86746 0.611071 
600.11 50.5895 14.1191 14.1281 -0.0165071 0.0166838 0.0661521 1.39979 0.0003 1.37907 1.27287 
600.11 50.1404 14.1372 14.1369 0.000623254 0.0832621 0.100763 1.39979 0.503 3.53944 -2.31591 
600.11 50.7635 14.1121 14.109 0.0110195 -0.153962 2.53538e-17 0.0546624 0.0003 1.25339 0.971356 
600.11 49.9999 14.1429 14.1429 -1.30318e-05 0.00021226 0.0992004 1.39979 0.0003 -0.731422 -2.60359 
600.11 52.3903 14.047 14.0742 -0.0527272 -0.36687 4.49675e-18 0.0546624 0.0003 2.15867 -1.47251 
600.11 61.4603 13.6944 13.7086 -0.0347114 -4.76673 7.1575e-18 0.0546624 0.0003 2.04217 -0.6504 
600.11 59.1275 13.7833 13.7338 0.0938622 -4.48171 2.31242e-16 0.0546624 0.0003 3.20462 1.23362 
600.11 50 14.1429 14.1429 3.20939e-07 0.000170744 0.0992327 1.39979 0.0003 -0.31736 -2.69933 
600.11 50.0005 14.1428 14.1428 3.7409e-05 -0.000289868 1.86052e-17 0.0546624 0.0003 1.85941 -3.15485 
600.11 52.0813 14.0593 14.0753 -0.0327444 -0.697408 7.66273e-18 0.0546624 0.0003 2.64877 1.6996 
600.11 51.2265 14.0935 14.1123 -0.0338605 -0.0331167 5.43961e-09 0.0546624 0.0003 2.65484 1.84675 
600.11 51.0115 14.1021 14.0864 0.0349809 0.367086 0.222534 1.39979 0.503 1.11478 0.40652 
600.11 51.166 14.0959 14.0914 0.00977499 0.242021 0.125753 1.39979 0.503 1.11794 -0.194482 
600.11 52.5248 14.0416 14.0401 0.00310068 1.28143 0.107069 1.39979 0.503 1.32095 -0.0657558 
600.11 93.921 12.566 12.7019 -0.280937 -14.9052 9.05785e-21 0.0546624 0.0003 2.93307 -0.138753 
600.11 50 14.1429 14.1429 -1.05919e-06 0.000113008 0.0992294 1.39979 0.0003 1.81397 -3.49888 
600.11 50.7723 14.1117 14.1214 -0.0180973 -0.2221 1.14354e-17 0.0546624 0.0003 1.07027 0.509129 
600.11 53.0899 14.0191 14.0438 -0.0490487 -0.325584 4.94842e-18 0.0546624 0.0003 2.74503 1.59991 
600.11 50.0372 14.1414 14.1411 0.000597585 0.0176774 0.100702 1.39979 0.503 0.40223 -0.451936 
600.11 54.4268 13.9663 14.0317 -0.122925 -0.97797 6.85589e-19 0.0546624 0.0003 1.55329 -0.423075 
600.11 49.9979 14.1429 14.1429 7.16742e-05 0.0007764 0.099407 1.39979 0.503 -0.132605 0.446877 
600.11 51.6995 14.0746 14.0952 -0.0370246 -0.502196 6.91685e-18 0.0546624 0.0003 1.26986 0.465568 
600.11 50.0031 14.1427 14.1428 -0.000119708 -0.000585069 1.85269e-17 0.0546624 0.0003 1.65551 2.75194 
600.11 51.5184 14.0817 14.0948 -0.0314685 -0.449345 7.83927e-18 0.0546624 0.0003 1.17826 -0.0537635 
600.11 73.8824 13.2396 13.3796 -0.276723 -4.90171 1.04693e-20 0.0546624 0.0003 3.782 -0.0957457 
600.11 50.1389 14.1373 14.1394 -0.00385569 0.00484427 0.0904081 1.39979 0.0003 0.915487 1.14837 
600.11 63.1022 13.6328 13.7872 -0.288771 -3.44769 7.86524e-21 0.0546624 0.0003 2.60302 -1.02524 
600.11 50.0737 14.1399 14.139 0.00183752 -0.0116406 1.95307e-17 0.0546624 0.0003 0.614129 -0.770769 
600.11 88.9724 12.7258 12.806 -0.182653 -14.0116 1.25997e-19 0.0546624 0.0003 3.10954 -0.359102 
600.11 50 14.1429 14.1429 7.502e-11 0.000127108 0.099232 1.39979 0.0003 0.110909 3.67225 
600.11 51.7317 14.0732 14.0694 0.0066959 -0.378242 2.22092e-17 0.0546624 0.0003 1.35182 -0.689968 
600.11 50.0319 14.1416 14.142 -0.000630952 -0.00744935 1.82818e-17 0.0546624 0.0003 0.720645 -1.38251 
600.11 76.4123 13.1505 13.1653 -0.0265763 -8.24317 9.14878e-18 0.0546624 0.0003 3.68927 -0.216936 
600.11 64.1653 13.5925 13.4048 0.354266 -7.69986 2.6185e-13 0.0546624 0.0003 3.52541 0.925822 
600.11 50.0019 14.1428 14.1428 -6.91868e-05 -0.000266149 1.85518e-17 0.0546624 0.0003 0.987763 2.41097 
600.11 51.9939 14.0628 14.0893 -0.0479573 0.317703 0.0296787 1.39979 0.0003 2.5035 -1.67542 
600.11 51.1111 14.0981 14.117 -0.0349803 -0.273286 7.28057e-18 0.0546624 0.0003 1.6489 -1.342 
600.11 51.4584 14.0842 14.084 -0.00338348 -0.668705 1.67971e-17 0.0546624 0.0003 1.3976 -0.890689 
600.11 50.1503 14.1368 14.138 -0.00400972 -0.0517956 1.66121e-17 0.0546624 0.0003 2.77207 -2.35309 
600.11 51.8824 14.0672 14.0915 -0.0466525 -0.558034 5.3013e-18 0.0546624 0.0003 1.26208 -0.299642 
600.11 60.7416 13.7219 13.8353 -0.206718 -2.77068 7.32252e-20 0.0546624 0.0003 2.494 -1.07113 
600.11 50 14.1429 14.1429 1.26704e-09 0.00116506 0.099232 1.39979 0.0003 -0.305557 3.57734 
600.11 66.0102 13.5242 13.5628 -0.083892 -3.54051 1.89492e-18 0.0546624 0.0003 3.8015 0.608567 
600.11 54.5482 13.9616 14.0292 -0.127184 -1.17321 6.11697e-19 0.0546624 0.0003 1.53767 0.327172 
600.11 49.995 14.1431 14.143 0.000232865 0.00130832 0.0998013 1.39979 0.503 -0.19432 0.175459 
600.11 50.1301 14.1376 14.1374 0.000447648 0.176297 0.100316 1.39979 0.503 1.06474 -1.4083 
600.11 52.8431 14.0289 14.0255 0.00498796 1.06526 0.111622 1.39979 0.503 1.4257 0.47803 
600.11 65.6024 13.5393 13.546 -0.017609 -6.39159 1.14235e-17 0.0546624 0.0003 2.04863 -0.364665 
600.11 54.1104 13.9788 14.0034 -0.0397108 -1.53457 6.52697e-18 0.0546624 0.0003 4.0982 -1.06713 
600.11 50.0428 14.1411 14.1411 4.74182e-05 0.0389926 0.0993578 1.39979 0.503 0.866595 -1.5061 
600.11 51.3252 14.0895 14.0897 0.000674653 0.172161 0.101136 1.39979 0.503 1.91766 -1.51083 
600.11 50.7608 14.1122 14.1096 0.0049705 -0.2135 2.12402e-17 0.0546624 0.0003 1.11796 -0.67567 
600.11 50.0044 14.1427 14.1427 -0.000114799 0.000102336 0.0989544 1.39979 0.0003 0.126426 0.834574 
600.11 50.3375 14.1292 14.1271 0.00500637 0.168062 0.112184 1.39979 0.503 0.847054 0.400971 
600.11 50 14.1429 14.1429 5.29965e-09 -7.28021e-06 1.85861e-17 0.0546624 0.0003 -0.311336 3.45839 
600.11 52.371 14.0478 14.083 -0.066496 -0.525513 3.11977e-18 0.0546624 0.0003 1.31117 -0.177986 
600.11 75.345 13.1879 13.2685 -0.169695 -9.02241 1.85299e-19 0.0546624 0.0003 2.47794 -0.538527 
600.11 63.5776 13.6148 13.7116 -0.192154 -4.07217 1.03514e-19 0.0546624 0.0003 4.00485 0.405394 
600.11 50.3845 14.1273 14.1335 -0.0116778 -0.0931397 1.3582e-17 0.0546624 0.0003 0.971683 -0.74324 
600.11 50 14.1429 14.1429 -1.20996e-08 5.71259e-05 0.0992319 1.39979 0.0003 -0.556379 -3.80086 
600.11 58.8102 13.7956 13.6796 0.262089 -1.51778 2.42124e-14 0.0546624 0.0003 4.21524 -0.348181 
600.11 54.1346 13.9778 14.0241 -0.0899215 -1.1318 1.65073e-18 0.0546624 0.0003 1.56501 0.529078 
600.11 83.4804 12.9083 13.0923 -0.358571 -11.2215 1.14149e-21 0.0546624 0.0003 2.69854 -0.445819 
600.11 68.6835 13.4259 13.1914 0.436338 -8.04747 2.42314e-12 0.0546624 0.0003 3.48982 0.788622 
600.11 52.7095 14.0343 14.0643 -0.0575655 -0.834436 3.95376e-18 0.0546624 0.0003 2.35658 -1.52947 
600.11 86.9752 12.7913 12.706 0.156934 -12.5386 1.24603e-15 0.0546624 0.0003 2.58298 0.136809 
600.11 50.3801 14.1275 14.1307 -0.00595005 0.141766 0.0858733 1.39979 0.0003 1.03899 0.912427 
600.11 50.5266 14.1216 14.1208 0.00216906 0.0811256 0.104722 1.39979 0.503 2.92712 2.08646 
600.11 50 14.1429 14.1429 -1.13771e-06 0.000168634 0.0992294 1.39979 0.0003 -0.104997 1.84721 
600.11 51.5765 14.0794 14.0778 0.000463063 0.206877 0.099761 1.39979 0.503 1.5786 1.12464 
600.11 50.1966 14.1349 14.1342 0.00152928 0.138242 0.102993 1.39979 0.503 3.31739 2.28561 
600.11 85.3738 12.8449 13.0242 -0.345077 -9.48186 1.66613e-21 0.0546624 0.0003 2.84456 -0.459944 
600.11 50.1066 14.1386 14.1375 0.00319977 -0.00657849 2.03258e-17 0.0546624 0.0003 1.53389 1.94258 
600.11 52.2008 14.0545 14.0545 0.00137575 0.368314 0.102949 1.39979 0.503 2.07828 1.45166 
600.11 52.3029 14.0505 14.0619 -0.0145613 0.160458 0.0706576 1.39979 0.0003 3.00786 -1.70657 
600.11 50 14.1429 14.1429 -2.73077e-07 0.00271829 0.0992313 1.39979 0.0003 0.688216 3.1722 
600.11 60.2323 13.7413 13.7586 -0.0484312 -2.25261 4.80163e-18 0.0546624 0.0003 2.40992 -1.05023 
600.11 61.7522 13.6834 13.7555 -0.1691 -2.51166 1.79915e-19 0.0546624 0.0003 2.2439 -0.862565 
600.11 68.2081 13.4432 13.2118 0.431236 -8.2605 2.11064e-12 0.0546624 0.0003 2.68896 -0.889026 
600.11 50.418 14.126 14.126 0.000192839 0.0577407 0.0997742 1.39979 0.503 1.47367 1.50216 
600.11 54.3665 13.9686 13.98 -0.0211266 -0.805678 1.05704e-17 0.0546624 0.0003 3.90483 1.21132 
600.11 50.9679 14.1038 14.101 0.00511712 -0.448938 2.13047e-17 0.0546624 0.0003 1.29516 -0.925333 
600.11 50.4736 14.1237 14.1204 0.0062706 0.000639721 0.0889796 1.39979 0.0003 2.16132 1.93904 
600.11 50 14.1429 14.1429 -7.92179e-07 4.16768e-05 0.0992301 1.39979 0.0003 1.69189 -3.53017 
600.11 50.1293 14.1376 14.1374 0.000354813 -0.0386535 1.87608e-17 0.0546624 0.0003 0.7085 -0.695788 
600.11 50 14.1429 14.1429 1.21039e-06 0.000212322 0.0992349 1.39979 0.0003 -0.992133 -2.96015 
600.11 58.7917 13.7961 13.7242 0.12552 -2.90095 5.25596e-16 0.0546624 0.0003 1.75125 -0.203192 
600.11 50.0255 14.1418 14.142 -0.000348609 -0.000351126 3.1285e-08 0.0546624 0.0003 1.14439 1.97062 
600.11 50.0698 14.14 14.1414 -0.00245724 -0.0152941 1.74048e-17 0.0546624 0.0003 0.613054 -0.800584 
600.11 51.8884 14.0669 14.0204 0.0913205 -0.356242 2.17862e-16 0.0546624 0.0003 2.47593 1.68333 
600.11 52.7566 14.0323 14.0213 0.0249269 0.399424 0.178724 1.39979 0.503 2.76058 1.63685 
600.11 54.6061 13.9592 13.9829 -0.0489992 -1.76902 4.93004e-18 0.0546624 0.0003 2.11851 -1.20688 
600.11 50.5537 14.1205 14.1203 0.000507794 0.163337 0.100479 1.39979 0.503 0.97328 0.450331 
600.11 49.9996 14.1429 14.1429 -8.14836e-06 0.00100321 0.0992128 1.39979 0.0003 -1.5902 -2.95056 
600.11 74.1271 13.2307 13.2295 -0.00710753 -9.60526 1.4956e-17 0.0546624 0.0003 2.62464 -0.685583 
600.11 81.2426 12.9841 13.1869 -0.386439 -9.50907 5.4434e-22 0.0546624 0.0003 3.53939 -0.257742 
600.11 74.847 13.2051 13.0505 0.279375 -11.0264 3.32504e-14 0.0546624 0.0003 3.69064 0.324641 
600.11 52.8932 14.0269 14.0287 -0.00500097 0.850151 0.0875083 1.39979 0.0003 1.38558 0.288279 
600.11 50.068 14.1401 14.1409 -0.00118458 0.0340449 0.0964978 1.39979 0.0003 1.32621 1.8874 
600.11 50.0096 14.1425 14.1426 -0.000305966 0.00448711 0.0985061 1.39979 0.0003 1.01047 -2.08049 
600.11 80.7994 12.9987 12.816 0.337572 -11.4601 1.63388e-13 0.0546624 0.0003 2.5166 -0.371716 
600.11 65.6517 13.5376 13.6561 -0.232939 -4.02641 3.44746e-20 0.0546624 0.0003 2.09534 0.4651 
600.11 50.0001 14.1429 14.1429 1.07909e-05 4.12715e-05 0.0992585 1.39979 0.0003 2.27101 3.55186 
600.11 62.9443 13.6383 13.4932 0.280366 -5.15954 3.58474e-14 0.0546624 0.0003 1.95082 -0.347393 
600.11 50 14.1429 14.1429 -1.87212e-09 6.47692e-05 0.0992319 1.39979 0.0003 -0.369142 -4.10309 
600.11 50.7514 14.1126 14.1205 -0.0137371 0.0906037 0.0710355 1.39979 0.0003 1.04315 -0.425094 
600.11 50.7039 14.1145 14.1262 -0.0217985 -0.15773 1.03624e-17 0.0546624 0.0003 0.986861 -0.145339 
600.11 55.6191 13.9195 13.9982 -0.14856 -1.13688 3.43652e-19 0.0546624 0.0003 1.58158 -0.162347 
600.11 51.3493 14.0885 14.088 0.00133257 0.654634 0.102479 1.39979 0.503 2.40768 1.75696 
600.11 50.4487 14.1248 14.1288 -0.00795236 -0.116491 1.49974e-17 0.0546624 0.0003 1.09074 -0.93294 
600.11 59.3049 13.7764 13.753 0.0106976 -4.2843 2.2567e-17 0.0546624 0.0003 3.016 1.24292 
600.11 61.8383 13.6801 13.7988 -0.247386 -3.40864 2.25581e-20 0.0546624 0.0003 1.88418 -0.252132 
600.11 55.2648 13.9334 14.0088 -0.14178 -0.688451 4.12961e-19 0.0546624 0.0003 1.8562 0.890957 
600.11 52.6417 14.0368 14.0369 -0.0172424 0.312316 0.0619727 1.39979 0.0003 2.34205 -1.53178 
600.11 50.0126 14.1423 14.1423 7.5414e-05 0.0289533 0.0994171 1.39979 0.503 0.975658 1.9792 
600.11 50 14.1429 14.1429 1.08886e-09 9.98733e-05 0.099232 1.39979 0.0003 -0.965748 -3.92029 
600.11 50.2013 14.1347 14.1357 -0.0019637 0.00960496 0.0945849 1.39979 0.0003 3.24916 -2.28889 
600.11 50.2953 14.1309 14.1324 -0.00251858 0.114804 0.0934095 1.39979 0.0003 0.998942 -0.959871 
600.11 79.1062 13.0573 13.1691 -0.197233 -8.55814 9.64711e-20 0.0546624 0.0003 3.27539 0.592391 
600.11 51.8472 14.0686 14.0465 0.0492814 0.2559 0.297284 1.39979 0.503 3.15867 1.76196 
600.11 67.4425 13.4717 13.6421 -0.32272 -5.20783 3.10118e-21 0.0546624 0.0003 2.04929 0.156828 
600.11 63.184 13.6296 13.7513 -0.235663 -4.2403 3.23082e-20 0.0546624 0.0003 2.0532 -0.553494 
600.11 49.9993 14.1429 14.1429 -1.06815e-05 0.00044816 0.0992068 1.39979 0.0003 -2.35613 3.1135 
600.11 50.6968 14.1148 14.11 0.00928074 -0.117906 2.38688e-17 0.0546624 0.0003 1.15951 0.835106 
600.11 94.5944 12.5445 12.6004 -0.131867 -15.4217 5.00592e-19 0.0546624 0.0003 3.00924 0.093881 
600.11 58.3056 13.815 13.7448 0.154382 -3.79758 1.25214e-15 0.0546624 0.0003 2.00655 0.817956 
600.11 53.7015 13.9948 13.9147 0.158619 -0.882915 1.34543e-15 0.0546624 0.0003 3.73974 -1.3789 
600.11 53.9622 13.9846 14.0339 -0.09416 -0.960781 1.47886e-18 0.0546624 0.0003 2.36335 1.4055 
600.11 50.1124 14.1383 14.1404 -0.00377439 -0.0256988 1.68008e-17 0.0546624 0.0003 3.2291 -2.41226 
600.11 60.1167 13.7457 13.8623 -0.221713 -2.78974 4.7653e-20 0.0546624 0.0003 2.47758 -1.09052 
600.11 51.9418 14.0648 14.0581 0.0148508 -0.0268687 2.78671e-17 0.0546624 0.0003 1.77324 1.2551 
600.11 51.4234 14.0855 14.0216 0.133033 -1.21183 6.85522e-16 0.0546624 0.0003 3.55472 1.75433 
600.11 50.0435 14.1411 14.1376 0.00754156 -0.0612211 2.28119e-17 0.0546624 0.0003 2.70162 -2.59126 
600.11 50.2096 14.1344 14.1337 0.00138278 -0.0424242 1.92887e-17 0.0546624 0.0003 0.949822 -1.02903 
600.11 55.8683 13.9095 13.8119 0.193753 -2.87764 3.48399e-15 0.0546624 0.0003 3.90622 1.08424 
600.11 50.0084 14.1425 14.1423 0.000409932 -0.00318554 1.8796e-17 0.0546624 0.0003 0.615062 -1.65104 
600.11 51.6173 14.0778 14.0766 0.00201885 0.355032 0.104178 1.39979 0.503 3.47922 -1.74053 
