600.11 50 0.00141429 0.00141429 1.46322e-11 -5.69203e-07 0.0985532 0.0546624 0.0003 -0.582507 -3.0626 
600.11 50.1193 0.0014138 0.00141367 3.25296e-07 -2.41146e-05 0.0985516 0.0546624 0.0003 1.29834 1.70829 
600.11 50.0122 0.00141424 0.00141409 3.10724e-07 3.87273e-05 0.0992327 1.39979 0.0003 0.234054 0.614502 
600.11 52.2183 0.00140538 0.00140696 -3.51203e-06 0.000319692 0.0992234 1.39979 0.0003 1.69797 1.12 
600.11 50.0312 0.00141416 0.00141421 -9.62059e-08 3.91812e-06 0.0992317 1.39979 0.0003 1.01884 1.78954 
600.11 41.9033 0.00144777 0.00144134 1.2907e-05 0.000284275 0.0992631 1.39979 0.0003 -2.27167 0.596253 
600.11 50.0814 0.00141396 0.00141403 -1.40566e-07 -1.9667e-06 0.0985538 0.0546624 0.0003 1.47963 -1.96887 
600.11 49.9999 0.00141429 0.00141429 2.27938e-10 -6.28583e-06 0.0985532 0.0546624 0.0003 -0.434611 -2.3746 
600.11 49.983 0.00141435 0.00141434 3.15138e-08 -3.81486e-07 0.098553 0.0546624 0.0003 -0.661974 -1.2095 
600.11 50 0.00141429 0.00141429 4.20972e-12 1.12328e-06 0.099232 1.39979 0.0003 -1.11415 -3.49551 
600.11 72.3221 0.00132947 0.00131434 2.92753e-05 -0.00110287 0.098419 0.0546624 0.0003 3.8282 0.0377829 
600.11 49.9995 0.00141429 0.00141429 4.50958e-10 1.16746e-07 0.099232 1.39979 0.0003 -1.75507 -2.98793 
600.11 78.2594 0.00130865 0.00132719 -3.70664e-05 -0.000820756 0.0987236 0.0546624 0.0003 3.67506 0.000319699 
600.11 44.0408 0.00143877 0.00143182 1.35084e-05 0.000184912 0.0992645 1.39979 0.0003 -2.55753 -0.995182 
600.11 63.2804 0.00136259 0.00137308 -2.25618e-05 -0.000312053 0.0986577 0.0546624 0.0003 3.63601 0.889583 
600.11 49.9697 0.00141441 0.00141463 -4.82777e-07 -7.82268e-05 0.0985554 0.0546624 0.0003 -1.09242 1.65024 
600.11 38.8615 0.00146079 0.00147211 -2.2319e-05 0.000549234 0.0991782 1.39979 0.0003 -3.29906 0.696054 
600.11 49.8637 0.00141484 0.0014147 2.46127e-07 7.98859e-06 0.0992325 1.39979 0.0003 -0.789259 0.0336826 
600.11 47.1761 0.00142578 0.00142709 -4.08578e-06 4.53232e-05 0.0992217 1.39979 0.0003 -1.63975 -0.260263 
600.11 50 0.00141429 0.00141429 4.11654e-13 -7.0236e-06 0.0985532 0.0546624 0.0003 -0.25798 3.33359 
600.11 50 0.00141429 0.00141429 -1.27531e-10 1.97167e-06 0.099232 1.39979 0.0003 0.916532 -3.05766 
600.11 47.2943 0.00142531 0.00143278 -1.53718e-05 0.000198865 0.0991948 1.39979 0.0003 -4.15834 0.786897 
600.11 49.0645 0.00141808 0.00141929 -2.41123e-06 -3.37264e-06 0.0985642 0.0546624 0.0003 -2.99128 -1.73247 
600.11 48.5304 0.00142025 0.00141819 3.92367e-06 4.11675e-05 0.0992414 1.39979 0.0003 -1.4294 0.30193 
600.11 50 0.00141429 0.00141429 2.96107e-10 4.08555e-08 0.099232 1.39979 0.0003 -0.123412 -2.40316 
600.11 50 0.00141429 0.00141429 -1.05703e-10 -1.65088e-05 0.0985532 0.0546624 0.0003 -1.04748 3.67207 
600.11 50 0.00141429 0.00141429 -6.20915e-11 1.45774e-05 0.099232 1.39979 0.0003 0.301777 -2.58722 
600.11 49.8216 0.00141501 0.00141468 5.98351e-07 2.45075e-05 0.0992334 1.39979 0.0003 -0.935367 -0.601038 
600.11 50.0188 0.00141421 0.00141424 -6.20591e-08 7.89384e-06 0.0992318 1.39979 0.0003 2.98102 2.76109 
600.11 37.2841 0.00146761 0.00146963 -2.99427e-06 0.000562132 0.099225 1.39979 0.0003 -3.60328 0.282849 
600.11 49.792 0.00141513 0.00141476 6.79341e-07 -1.09646e-05 0.0985501 0.0546624 0.0003 -1.2691 1.21569 
600.11 49.991 0.00141432 0.00141431 1.92965e-08 -9.99354e-06 0.0985531 0.0546624 0.0003 -2.69901 -2.73054 
600.11 90.927 0.00126624 0.00128316 -3.48206e-05 -0.00140141 0.0987137 0.0546624 0.0003 2.78245 0.21339 
600.11 64.7258 0.00135721 0.00137343 -3.13478e-05 -0.000444874 0.0986968 0.0546624 0.0003 2.29845 0.775957 
600.11 50.1182 0.00141381 0.00141374 2.22949e-07 7.92359e-05 0.0992325 1.39979 0.0003 3.50298 -2.35991 
600.11 49.9892 0.00141433 0.00141431 4.21884e-08 2.50355e-06 0.0992321 1.39979 0.0003 -0.430703 0.875151 
600.11 50.0174 0.00141422 0.00141416 1.05661e-07 1.02578e-05 0.0992322 1.39979 0.0003 2.99989 2.77523 
600.11 50.0644 0.00141403 0.0014141 -1.13917e-07 1.90456e-05 0.0992317 1.39979 0.0003 1.26431 -1.84521 
600.11 50.0001 0.00141429 0.00141429 2.70473e-10 6.35956e-07 0.099232 1.39979 0.0003 1.4934 3.27812 
600.11 59.0902 0.00137849 0.00138715 -1.71205e-05 -0.000297449 0.0986318 0.0546624 0.0003 1.89495 -0.588235 
600.11 49.9996 0.00141429 0.00141429 -6.32039e-09 3.74897e-05 0.0992319 1.39979 0.0003 -0.434681 1.99612 
600.11 90.8939 0.00126631 0.00125911 1.26459e-05 -0.0016472 0.0984958 0.0546624 0.0003 2.70623 -0.0871558 
600.11 50 0.00141429 0.00141429 -3.5809e-11 2.1997e-05 0.099232 1.39979 0.0003 0.578796 -3.02425 
600.11 48.6355 0.00141982 0.00141791 3.6379e-06 -1.18595e-05 0.0985365 0.0546624 0.0003 -1.74622 1.02893 
600.11 49.9987 0.00141429 0.00141429 5.00427e-09 -3.90226e-08 0.0985531 0.0546624 0.0003 -0.759731 -2.10299 
600.11 50 0.00141429 0.00141429 -2.36431e-11 -1.93231e-08 0.0985532 0.0546624 0.0003 -1.17483 -3.60176 
600.11 50 0.00141429 0.00141429 -9.44768e-11 0.000132405 0.099232 1.39979 0.0003 -0.876534 2.98472 
600.11 50.1281 0.00141377 0.00141275 2.17493e-06 -1.85111e-05 0.0985431 0.0546624 0.0003 1.23449 -1.6213 
600.11 42.1053 0.00144692 0.00144831 -2.96689e-06 0.000337211 0.0992247 1.39979 0.0003 -3.5397 -0.78722 
600.11 49.9055 0.00141467 0.00141458 1.42096e-07 -3.04632e-05 0.0985525 0.0546624 0.0003 -3.08449 2.28915 
600.11 49.9307 0.00141457 0.00141452 9.00613e-08 2.20612e-06 0.0992322 1.39979 0.0003 -3.07447 -2.35514 
600.11 53.2653 0.00140121 0.00139594 1.06068e-05 -0.000193011 0.0985043 0.0546624 0.0003 2.73241 1.58104 
600.11 50 0.00141429 0.00141429 5.57697e-12 5.0929e-07 0.099232 1.39979 0.0003 -0.957474 -3.46397 
600.11 56.3207 0.00138921 0.00139669 -1.43002e-05 -0.000174228 0.0986186 0.0546624 0.0003 3.76042 -1.15968 
600.11 50 0.00141429 0.00141429 -8.41618e-13 8.64119e-06 0.099232 1.39979 0.0003 0.243606 3.34686 
600.11 50 0.00141429 0.00141429 -8.28195e-10 2.60733e-05 0.099232 1.39979 0.0003 -0.0956636 2.34506 
600.11 50.2302 0.00141336 0.00141321 2.68931e-07 7.40067e-05 0.0992326 1.39979 0.0003 3.27565 -2.25703 
600.11 57.678 0.00138394 0.00137516 2.04975e-05 -0.000338066 0.0984576 0.0546624 0.0003 2.94812 -1.31525 
600.11 76.5915 0.0013144 0.00130453 1.83896e-05 -0.00101467 0.0984692 0.0546624 0.0003 2.83645 -0.699283 
600.11 48.8601 0.00141891 0.00142089 -4.00798e-06 -7.01035e-05 0.0985716 0.0546624 0.0003 -3.2847 -1.65134 
600.11 50.0054 0.00141426 0.00141427 -9.68811e-09 1.4107e-06 0.0992319 1.39979 0.0003 1.71146 -2.68127 
600.11 52.6228 0.00140376 0.00140034 6.63866e-06 -0.000120094 0.0985227 0.0546624 0.0003 3.71895 1.50637 
600.11 49.7163 0.00141543 0.00141492 9.3736e-07 6.59235e-05 0.0992342 1.39979 0.0003 -0.989008 0.354435 
600.11 40.3607 0.00145433 0.00144618 1.62529e-05 0.000220963 0.0992712 1.39979 0.0003 -2.80851 0.823644 
600.11 50.0101 0.00141424 0.00141416 1.92419e-07 9.43558e-05 0.0992324 1.39979 0.0003 2.4142 -2.80964 
600.11 51.0604 0.00141001 0.0014107 -1.39695e-06 -0.000105621 0.0985596 0.0546624 0.0003 1.84908 -1.53242 
600.11 50.0132 0.00141423 0.00141422 3.23928e-08 -2.94383e-07 0.098553 0.0546624 0.0003 3.08373 -2.82204 
600.11 49.9836 0.00141435 0.00141445 -2.10227e-07 -7.66148e-05 0.0985541 0.0546624 0.0003 -2.15259 -2.49961 
600.11 44.8232 0.00143552 0.00143872 -6.18302e-06 0.000178656 0.0992171 1.39979 0.0003 -3.55956 -1.0058 
600.11 39.7625 0.00145691 0.00145162 1.30023e-05 0.00040394 0.0992639 1.39979 0.0003 -2.43839 0.583936 
600.11 48.3083 0.00142115 0.0014192 3.79369e-06 -1.24007e-05 0.0985358 0.0546624 0.0003 -1.78819 -0.975542 
600.11 50.0276 0.00141417 0.00141423 -1.04849e-07 -9.83713e-07 0.0985536 0.0546624 0.0003 0.338537 0.39501 
600.11 49.9975 0.0014143 0.0014143 -1.39704e-09 -6.26797e-06 0.0985532 0.0546624 0.0003 -1.61481 2.62386 
600.11 50.3813 0.00141275 0.00141095 3.76518e-06 0.000209225 0.0992411 1.39979 0.0003 2.36344 2.06663 
600.11 49.9565 0.00141446 0.00141446 1.31412e-08 1.20149e-06 0.099232 1.39979 0.0003 -0.663966 -0.741475 
600.11 49.9968 0.0014143 0.00141432 -3.65609e-08 -3.11862e-07 0.0985533 0.0546624 0.0003 -1.04517 2.17781 
600.11 58.2791 0.00138162 0.00139161 -1.9288e-05 -5.52419e-05 0.0986415 0.0546624 0.0003 2.88367 -1.2826 
600.11 46.8447 0.00142716 0.00143375 -1.34912e-05 0.000196044 0.0991993 1.39979 0.0003 -1.87574 -0.739092 
600.11 69.5282 0.00133957 0.00135501 -2.92238e-05 -0.000488198 0.0986868 0.0546624 0.0003 3.85695 0.288768 
600.11 50 0.00141429 0.00141429 1.50433e-15 -8.21453e-06 0.0985532 0.0546624 0.0003 -0.0730979 -3.61701 
600.11 52.5664 0.00140399 0.00140571 -3.44713e-06 3.84162e-05 0.0992236 1.39979 0.0003 3.96189 -1.37166 
600.11 54.2364 0.00139737 0.00139829 -2.0605e-06 -0.000149746 0.0985627 0.0546624 0.0003 2.06368 -1.19959 
600.11 49.8699 0.00141481 0.00141502 -4.18544e-07 -0.000102306 0.0985551 0.0546624 0.0003 -1.2524 1.37142 
600.11 49.9796 0.00141437 0.00141436 3.41659e-08 1.01756e-05 0.099232 1.39979 0.0003 -0.438898 -0.422989 
600.11 50 0.00141429 0.00141429 9.42258e-12 0.000124183 0.099232 1.39979 0.0003 0.437238 -3.28962 
600.11 49.9941 0.00141431 0.0014143 1.56787e-08 1.2817e-06 0.099232 1.39979 0.0003 -0.256602 -0.582024 
600.11 50 0.00141429 0.00141429 6.30396e-12 6.48705e-07 0.099232 1.39979 0.0003 0.52571 3.36468 
600.11 50.2932 0.0014131 0.00141277 7.37128e-07 7.45808e-05 0.0992337 1.39979 0.0003 3.67136 2.11699 
600.11 45.3039 0.00143352 0.00143432 -2.69891e-06 0.000211374 0.0992252 1.39979 0.0003 -4.19127 0.0264842 
600.11 50.0015 0.00141428 0.00141428 -3.98504e-09 -8.99142e-06 0.0985532 0.0546624 0.0003 0.443106 -1.89303 
600.11 48.7662 0.00141929 0.00141973 -5.3669e-07 -5.50362e-05 0.0985555 0.0546624 0.0003 -1.66228 -0.970144 
600.11 50 0.00141429 0.00141429 7.0762e-16 1.07295e-07 0.099232 1.39979 0.0003 -0.146067 4.19318 
600.11 47.1407 0.00142593 0.00142488 9.7819e-07 7.4538e-05 0.099234 1.39979 0.0003 -1.93601 -0.879578 
600.11 50.3917 0.0014127 0.00141233 7.70022e-07 8.83828e-05 0.0992338 1.39979 0.0003 1.81439 -1.80098 
600.11 49.9998 0.00141429 0.00141429 6.75531e-10 -0.000102065 0.0985532 0.0546624 0.0003 -1.97529 3.20298 
600.11 31.5642 0.00149291 0.00148172 2.29591e-05 0.000529978 0.0992875 1.39979 0.0003 -2.74491 -0.120907 
600.11 50.3553 0.00141285 0.00141183 2.11271e-06 6.81582e-05 0.0992371 1.39979 0.0003 3.48022 2.12479 
600.11 49.7545 0.00141528 0.00141525 7.19336e-08 9.71743e-06 0.0992321 1.39979 0.0003 -2.28405 -1.94927 
600.11 50.0002 0.00141428 0.00141428 4.24418e-09 1.50249e-05 0.099232 1.39979 0.0003 0.416563 -2.33408 
600.11 35.1666 0.00147688 0.00147342 7.77635e-06 0.000502132 0.0992509 1.39979 0.0003 -2.45993 0.0346604 
600.11 50.6553 0.00141164 0.00141207 -8.76796e-07 -1.13301e-05 0.0985572 0.0546624 0.0003 0.966983 -0.107055 
600.11 50.0041 0.00141427 0.00141427 8.31568e-09 3.24222e-06 0.099232 1.39979 0.0003 1.88672 -2.80633 
600.11 50 0.00141429 0.00141429 -1.51116e-13 -6.33469e-06 0.0985532 0.0546624 0.0003 0.447535 3.56974 
600.11 50.0069 0.00141426 0.00141427 -2.35346e-08 -5.85582e-06 0.0985533 0.0546624 0.0003 0.812509 -1.95297 
600.11 50.0326 0.00141415 0.00141414 2.66186e-08 -1.82963e-07 0.098553 0.0546624 0.0003 2.13251 -2.5164 
600.11 50 0.00141429 0.00141429 -2.13188e-12 -1.58998e-05 0.0985532 0.0546624 0.0003 -1.09182 4.10494 
600.11 49.9612 0.00141444 0.00141437 1.37589e-07 -9.52576e-06 0.0985525 0.0546624 0.0003 -1.81648 2.1722 
600.11 76.5927 0.00131445 0.00133612 -4.28725e-05 -0.000848853 0.0987501 0.0546624 0.0003 2.97455 0.717329 
600.11 50.003 0.00141427 0.00141423 9.67394e-08 8.58178e-05 0.0992322 1.39979 0.0003 2.6419 3.04648 
600.11 50.0004 0.00141428 0.00141428 1.1365e-08 6.55965e-05 0.099232 1.39979 0.0003 0.0361099 -1.53929 
600.11 50.1657 0.00141362 0.00141372 -2.37984e-07 -7.64149e-06 0.0985543 0.0546624 0.0003 0.678798 -0.323274 
600.11 50.0001 0.00141429 0.00141428 2.32236e-09 0.000158266 0.099232 1.39979 0.0003 0.317576 2.48924 
600.11 51.1517 0.00140965 0.00141158 -3.59106e-06 -3.6362e-05 0.0985695 0.0546624 0.0003 1.26851 -0.770224 
600.11 50.7529 0.00141125 0.00141228 -1.96983e-06 -2.16456e-05 0.0985622 0.0546624 0.0003 1.75161 -1.56512 
600.11 70.2002 0.00133709 0.00131411 4.55698e-05 -0.00105697 0.0983438 0.0546624 0.0003 3.82902 -0.313142 
600.11 54.2004 0.00139752 0.00140124 -7.38723e-06 -0.000141679 0.0985871 0.0546624 0.0003 2.60725 -1.47293 
600.11 50.0018 0.00141428 0.00141428 6.27058e-09 -7.43481e-05 0.0985531 0.0546624 0.0003 0.68364 -2.13457 
600.11 85.9659 0.00128251 0.00129271 -2.0613e-05 -0.0010859 0.098648 0.0546624 0.0003 3.27337 0.380521 
600.11 45.6451 0.0014321 0.00142913 6.10548e-06 7.31538e-05 0.0992467 1.39979 0.0003 -1.77822 0.0324219 
600.11 51.7913 0.00140708 0.00140015 1.44989e-05 0.000182655 0.0992671 1.39979 0.0003 1.56748 -1.05256 
600.11 48.0195 0.00142234 0.00142497 -4.90793e-06 3.70548e-05 0.0992202 1.39979 0.0003 -1.49932 0.121021 
600.11 50.0035 0.00141427 0.00141425 5.55942e-08 8.8809e-06 0.0992321 1.39979 0.0003 1.64073 -2.72504 
600.11 69.7898 0.00133858 0.00132865 1.90795e-05 -0.000752986 0.0984658 0.0546624 0.0003 2.42232 0.686709 
600.11 36.9791 0.00146892 0.00145738 2.29644e-05 0.000424035 0.0992874 1.39979 0.0003 -3.6069 -0.228066 
600.11 53.9503 0.00139851 0.0014028 -8.23691e-06 -1.34486e-05 0.0985909 0.0546624 0.0003 3.37422 -1.49791 
600.11 41.1734 0.00145089 0.00146349 -2.51907e-05 0.000512358 0.0991712 1.39979 0.0003 -3.89415 -0.0498284 
600.11 49.9995 0.00141429 0.00141429 -2.72084e-09 3.62369e-06 0.0992319 1.39979 0.0003 -2.00461 3.05206 
600.11 50 0.00141429 0.00141429 -3.17308e-11 4.62327e-06 0.099232 1.39979 0.0003 0.717525 -3.16921 
600.11 50 0.00141429 0.00141429 2.07322e-13 -6.27634e-07 0.0985532 0.0546624 0.0003 0.45767 -3.97613 
600.11 49.9964 0.0014143 0.00141433 -5.36344e-08 -1.84509e-05 0.0985534 0.0546624 0.0003 -0.177484 0.451382 
600.11 36.0173 0.00147313 0.00146471 1.72426e-05 0.000454636 0.0992737 1.39979 0.0003 -3.58564 -0.087459 
600.11 49.9177 0.00141462 0.00141453 1.88178e-07 -1.1326e-06 0.0985523 0.0546624 0.0003 -2.83605 -2.31437 
600.11 53.254 0.00140125 0.00139062 2.20405e-05 -0.000200532 0.0984514 0.0546624 0.0003 3.7608 -1.41284 
600.11 94.0689 0.00125612 0.00126188 -1.1599e-05 -0.0014289 0.0986064 0.0546624 0.0003 3.07462 0.122249 
600.11 49.9899 0.00141433 0.00141431 3.67005e-08 7.94249e-05 0.099232 1.39979 0.0003 -1.10408 -1.96151 
600.11 49.9696 0.00141441 0.0014144 2.3665e-08 3.00005e-06 0.099232 1.39979 0.0003 -0.995001 -1.52927 
600.11 39.082 0.00145981 0.00144859 2.18971e-05 0.000305637 0.0992847 1.39979 0.0003 -2.30943 -0.340575 
600.11 50.4505 0.00141247 0.00140997 5.27253e-06 -2.50135e-05 0.0985288 0.0546624 0.0003 0.983407 0.668039 
600.11 49.9868 0.00141434 0.00141439 -1.02764e-07 1.00606e-06 0.0992317 1.39979 0.0003 -0.725982 -1.4159 
600.11 49.8663 0.00141483 0.0014159 -2.30994e-06 -4.25371e-05 0.0985639 0.0546624 0.0003 -1.94503 -1.94827 
600.11 50.0041 0.00141427 0.00141421 1.1743e-07 -1.60501e-07 0.0985526 0.0546624 0.0003 1.14585 2.38297 
600.11 50.4397 0.00141251 0.00141326 -1.37727e-06 -1.01401e-05 0.0985594 0.0546624 0.0003 0.872915 -0.102064 
600.11 50.1261 0.00141378 0.00141347 6.03871e-07 -9.66662e-06 0.0985504 0.0546624 0.0003 2.21906 2.26949 
600.11 40.6405 0.00145315 0.00145448 -2.01856e-06 0.000453266 0.0992272 1.39979 0.0003 -2.78259 -0.834865 
600.11 50.0168 0.00141422 0.00141424 -3.82374e-08 -4.23804e-07 0.0985533 0.0546624 0.0003 0.254351 -0.421792 
600.11 50.0002 0.00141428 0.00141428 7.63369e-10 -1.62723e-06 0.0985532 0.0546624 0.0003 0.227491 2.04393 
600.11 51.9454 0.00140647 0.00140909 -4.99285e-06 -5.20064e-05 0.098576 0.0546624 0.0003 2.52978 -1.69018 
600.11 43.2742 0.00144198 0.00143355 1.62717e-05 0.000142355 0.0992711 1.39979 0.0003 -2.43455 0.864752 
600.11 49.9997 0.00141429 0.00141429 1.81164e-10 -3.83699e-06 0.0985532 0.0546624 0.0003 -1.82683 -3.08843 
600.11 50.0399 0.00141412 0.00141364 1.06464e-06 0.000116806 0.0992345 1.39979 0.0003 2.35313 -2.54363 
600.11 50.0813 0.00141396 0.0014138 3.10781e-07 1.14255e-05 0.0992327 1.39979 0.0003 1.80004 2.17944 
600.11 72.7809 0.00132789 0.001331 -5.57398e-07 -0.00054468 0.0985531 0.0546624 0.0003 2.24812 -0.318524 
600.11 50.0106 0.00141424 0.00141426 -2.68986e-08 -4.47164e-07 0.0985533 0.0546624 0.0003 3.14407 2.85808 
600.11 50.8617 0.00141081 0.00140924 3.16959e-06 -3.73823e-05 0.0985386 0.0546624 0.0003 1.18577 -0.765138 
600.11 50 0.00141429 0.00141429 1.60776e-12 -3.16007e-08 0.0985532 0.0546624 0.0003 -0.328261 -3.19196 
600.11 49.9746 0.00141439 0.00141437 3.92531e-08 8.88155e-07 0.099232 1.39979 0.0003 -1.53615 -2.09596 
600.11 43.1573 0.00144248 0.00144033 4.24629e-06 0.000242234 0.0992422 1.39979 0.0003 -1.98182 0.119688 
600.11 49.9999 0.00141429 0.00141429 1.58518e-10 1.51431e-06 0.099232 1.39979 0.0003 -1.55587 -3.17615 
600.11 51.5289 0.00140814 0.00141055 -4.43673e-06 -3.63124e-05 0.0985734 0.0546624 0.0003 1.23315 0.438086 
600.11 50.0005 0.00141428 0.00141429 -7.05487e-09 -1.85949e-06 0.0985532 0.0546624 0.0003 -0.0522083 0.346401 
600.11 50.003 0.00141427 0.00141424 8.21991e-08 9.81901e-06 0.0992322 1.39979 0.0003 0.0424425 0.623182 
600.11 51.8008 0.00140704 0.00140744 -1.40454e-06 -1.87913e-05 0.0985599 0.0546624 0.0003 2.67409 -1.74601 
600.11 50 0.00141429 0.00141429 -6.16795e-12 9.52519e-07 0.099232 1.39979 0.0003 -0.188508 -2.37459 
600.11 66.3286 0.00135125 0.0013546 -7.54184e-06 -0.000457104 0.0985882 0.0546624 0.0003 2.85891 -0.986697 
600.11 50.0003 0.00141428 0.00141429 -9.47318e-10 4.32482e-09 0.099232 1.39979 0.0003 1.94574 3.26755 
600.11 49.32 0.00141704 0.00141861 -3.22006e-06 2.47868e-05 0.0992242 1.39979 0.0003 -1.42248 0.908687 
600.11 50.0132 0.00141423 0.00141426 -4.68695e-08 -3.15832e-07 0.0985534 0.0546624 0.0003 0.484251 1.28042 
600.11 46.7173 0.00142768 0.00142697 1.60442e-06 0.000136503 0.0992359 1.39979 0.0003 -3.94857 -0.933349 
600.11 50.0001 0.00141429 0.00141429 7.9627e-11 8.70615e-06 0.099232 1.39979 0.0003 2.07288 3.49088 
600.11 50.014 0.00141423 0.00141416 1.58128e-07 -1.17822e-07 0.0985524 0.0546624 0.0003 3.16976 -2.80759 
600.11 62.7063 0.00136475 0.00137074 -1.06487e-05 -0.000483753 0.0986015 0.0546624 0.0003 2.86342 1.1047 
600.11 50 0.00141429 0.00141429 6.46583e-13 6.93883e-07 0.099232 1.39979 0.0003 -0.467522 3.44461 
600.11 34.9782 0.00147771 0.00147528 5.53573e-06 0.000615244 0.0992455 1.39979 0.0003 -2.53742 -0.257948 
600.11 50 0.00141429 0.00141429 -1.39121e-10 -7.64841e-08 0.0985532 0.0546624 0.0003 -1.45624 3.50452 
600.11 42.7933 0.00144401 0.00143632 1.47019e-05 0.000108502 0.0992673 1.39979 0.0003 -3.8936 -0.44876 
600.11 50.0037 0.00141427 0.00141427 -3.96553e-09 -3.46407e-05 0.0985532 0.0546624 0.0003 1.73496 2.76069 
600.11 50 0.00141429 0.00141429 -1.0445e-12 -3.75228e-08 0.0985532 0.0546624 0.0003 -0.453324 -3.54446 
600.11 53.1158 0.0014018 0.00139954 3.96038e-06 -0.00017092 0.0985352 0.0546624 0.0003 1.46675 -0.516073 
600.11 58.4171 0.00138109 0.00139221 -2.12829e-05 -0.000224307 0.0986506 0.0546624 0.0003 1.85665 0.578855 
600.11 49.9915 0.00141432 0.00141433 -3.24663e-08 -5.03449e-06 0.0985533 0.0546624 0.0003 -0.907914 1.79719 
600.11 49.359 0.00141688 0.00141992 -6.39552e-06 1.86896e-05 0.0992164 1.39979 0.0003 -3.7285 1.68575 
600.11 49.9903 0.00141432 0.00141431 2.59566e-08 1.86367e-06 0.099232 1.39979 0.0003 -2.46805 -2.68222 
600.11 49.9979 0.00141429 0.00141429 5.42855e-09 -6.37737e-07 0.0985531 0.0546624 0.0003 -0.653767 1.86385 
600.11 50 0.00141429 0.00141429 -1.08385e-11 5.41272e-07 0.099232 1.39979 0.0003 -0.041377 2.87629 
600.11 50.0243 0.00141419 0.00141423 -7.87079e-08 -1.28673e-06 0.0985535 0.0546624 0.0003 1.7632 -2.41681 
600.11 50 0.00141429 0.00141429 5.70101e-12 1.94668e-05 0.099232 1.39979 0.0003 -0.122179 2.7848 
600.11 49.9999 0.00141429 0.00141429 -1.30162e-09 -1.2239e-05 0.0985532 0.0546624 0.0003 -2.21588 3.44275 
600.11 37.8015 0.00146535 0.00146045 8.79214e-06 0.000458801 0.0992529 1.39979 0.0003 -3.65308 0.240478 
600.11 50.033 0.00141415 0.00141414 1.19087e-08 -2.79171e-06 0.0985531 0.0546624 0.0003 1.45082 -2.16205 
600.11 50.2645 0.00141322 0.00141365 -7.50819e-07 1.65726e-05 0.0992302 1.39979 0.0003 3.35399 -2.21529 
600.11 49.5761 0.001416 0.00141719 -2.45098e-06 0.000181612 0.099226 1.39979 0.0003 -1.15811 0.620459 
600.11 54.7064 0.00139551 0.00138705 1.70647e-05 -0.00026812 0.0984746 0.0546624 0.0003 1.93973 1.0435 
600.11 50 0.00141429 0.00141429 1.4359e-09 9.8413e-05 0.099232 1.39979 0.0003 -0.053075 -1.86878 
600.11 49.6274 0.00141579 0.00141524 1.04991e-06 -5.42294e-05 0.0985484 0.0546624 0.0003 -2.36439 -1.8705 
600.11 50 0.00141429 0.00141429 1.74625e-10 -2.47117e-08 0.0985532 0.0546624 0.0003 0.441069 3.09541 
600.11 50 0.00141429 0.00141429 4.0232e-11 3.00566e-08 0.099232 1.39979 0.0003 0.646456 -3.68188 
600.11 50 0.00141429 0.00141429 -1.18825e-13 -6.38723e-07 0.0985532 0.0546624 0.0003 -0.17662 3.36227 
600.11 49.7671 0.00141523 0.00141518 1.13438e-07 3.60042e-05 0.0992322 1.39979 0.0003 -1.64017 1.58584 
600.11 57.0479 0.00138635 0.00137217 2.88555e-05 -0.000420603 0.0984202 0.0546624 0.0003 3.41947 1.28118 
600.11 49.9998 0.00141429 0.00141428 4.99777e-09 6.46734e-05 0.099232 1.39979 0.0003 -0.186974 1.7031 
600.11 69.4134 0.00133993 0.00131776 4.398e-05 -0.000952329 0.0983511 0.0546624 0.0003 3.14993 -0.895429 
600.11 45.6605 0.00143204 0.00143096 1.60156e-06 0.000124158 0.0992357 1.39979 0.0003 -3.54893 1.09357 
600.11 50.0206 0.0014142 0.00141421 -1.16049e-08 1.22853e-05 0.0992319 1.39979 0.0003 1.66115 2.39676 
600.11 84.2162 0.00128835 0.00130039 -2.50656e-05 -0.00121319 0.0986689 0.0546624 0.0003 2.67741 -0.405391 
600.11 49.9969 0.0014143 0.0014143 4.64675e-09 -6.0423e-05 0.0985531 0.0546624 0.0003 -0.725301 1.84759 
600.11 49.9936 0.00141431 0.00141432 -7.51758e-09 1.36972e-06 0.0992319 1.39979 0.0003 -0.932452 1.89866 
600.11 50 0.00141429 0.00141429 -1.59152e-10 1.9775e-05 0.099232 1.39979 0.0003 1.71861 3.45438 
600.11 50.0047 0.00141427 0.00141428 -1.77243e-08 -6.92495e-08 0.0985532 0.0546624 0.0003 1.21084 -2.40361 
600.11 50 0.00141429 0.00141429 5.82808e-11 3.54034e-05 0.099232 1.39979 0.0003 0.480091 -3.60687 
600.11 86.3477 0.00128125 0.00130414 -4.62167e-05 -0.00115688 0.0987659 0.0546624 0.0003 2.91804 0.449826 
600.11 49.8649 0.00141483 0.00141459 4.39204e-07 -6.49823e-05 0.0985512 0.0546624 0.0003 -2.23645 2.07682 
600.11 81.5692 0.0012973 0.00131962 -4.4738e-05 -0.000872477 0.098759 0.0546624 0.0003 3.01086 -0.589098 
600.11 50 0.00141429 0.00141429 1.29821e-09 7.48985e-05 0.099232 1.39979 0.0003 -0.0791179 -1.95353 
600.11 50.002 0.00141428 0.00141428 -7.59804e-09 -1.4135e-06 0.0985532 0.0546624 0.0003 0.413918 -1.76867 
600.11 55.3142 0.00139312 0.00138821 8.42869e-06 -0.000151234 0.098515 0.0546624 0.0003 2.22104 -1.21956 
600.11 50.0002 0.00141429 0.00141429 -6.25086e-10 4.80551e-05 0.099232 1.39979 0.0003 1.37349 -3.10497 
600.11 52.9421 0.00140249 0.0013953 1.4735e-05 -0.000120053 0.0984852 0.0546624 0.0003 2.63199 1.59315 
600.11 55.5167 0.00139233 0.00137826 2.88687e-05 -0.000279181 0.0984201 0.0546624 0.0003 3.61266 1.29698 
600.11 50.0002 0.00141428 0.00141429 -8.32785e-10 1.53959e-06 0.099232 1.39979 0.0003 0.943819 2.79334 
600.11 50 0.00141429 0.00141429 -1.57815e-10 -4.90204e-07 0.0985532 0.0546624 0.0003 -1.55617 -3.4951 
600.11 60.3753 0.00137355 0.00137036 2.34974e-06 -0.000383543 0.0985442 0.0546624 0.0003 4.19933 -0.00594397 
600.11 50.0013 0.00141428 0.00141428 9.17505e-09 3.78306e-06 0.099232 1.39979 0.0003 1.47511 2.81582 
600.11 50 0.00141429 0.00141429 -7.43675e-11 -1.60305e-05 0.0985532 0.0546624 0.0003 -1.21653 3.64033 
600.11 43.771 0.00143991 0.00143583 7.53986e-06 0.000101942 0.09925 1.39979 0.0003 -3.92871 0.529663 
600.11 48.8472 0.00141896 0.00142069 -3.18874e-06 6.5841e-05 0.0992243 1.39979 0.0003 -2.40875 1.56447 
600.11 50.4274 0.00141256 0.00141324 -1.1951e-06 0.000125455 0.0992291 1.39979 0.0003 2.4068 2.05201 
600.11 49.8539 0.00141488 0.00141494 -1.18082e-07 6.00795e-05 0.0992317 1.39979 0.0003 -2.06797 -1.98808 
600.11 50.0008 0.00141428 0.00141428 6.83884e-09 4.10655e-06 0.099232 1.39979 0.0003 0.0985779 1.45645 
600.11 50.0087 0.00141425 0.00141427 -2.73347e-08 1.15928e-07 0.0992319 1.39979 0.0003 1.61951 -2.54496 
600.11 50.1233 0.00141379 0.00141277 2.21174e-06 0.000249009 0.0992373 1.39979 0.0003 2.60157 -2.37153 
600.11 49.9396 0.00141453 0.00141445 1.61938e-07 1.69471e-06 0.0992323 1.39979 0.0003 -0.623275 0.188769 
600.11 45.4863 0.00143275 0.00142673 1.15557e-05 0.00013475 0.0992597 1.39979 0.0003 -2.50065 -1.09954 
600.11 49.9632 0.00141443 0.00141447 -1.02505e-07 -4.21263e-05 0.0985536 0.0546624 0.0003 -3.42672 -2.44741 
600.11 50.0951 0.0014139 0.00141398 -2.28937e-07 1.51726e-06 0.0992314 1.39979 0.0003 1.31734 1.79035 
600.11 55.844 0.00139107 0.00139355 -3.57493e-06 -0.00017801 0.098569 0.0546624 0.0003 2.39672 1.27906 
600.11 50 0.00141429 0.00141429 -5.62516e-11 -7.14641e-05 0.0985532 0.0546624 0.0003 -0.732999 3.64858 
600.11 49.9997 0.00141429 0.00141429 -9.6521e-09 -5.619e-05 0.0985532 0.0546624 0.0003 -0.110245 -1.2407 
600.11 50.0116 0.00141424 0.00141426 -4.06887e-08 -2.6232e-05 0.0985533 0.0546624 0.0003 0.177871 0.290559 
600.11 59.3602 0.00137743 0.00136979 1.40107e-05 -0.000486106 0.0984893 0.0546624 0.0003 1.94221 -0.648275 
600.11 49.9788 0.00141437 0.00141433 7.61961e-08 -3.6156e-07 0.0985528 0.0546624 0.0003 -2.13073 2.44087 
600.11 42.7353 0.00144425 0.00143716 1.38796e-05 0.00018336 0.0992654 1.39979 0.0003 -2.23652 0.639707 
600.11 50.0006 0.00141428 0.00141428 1.92304e-09 -3.11364e-08 0.0985531 0.0546624 0.0003 0.681021 2.36258 
600.11 50.8715 0.00141078 0.0014123 -2.81536e-06 -1.37761e-05 0.098566 0.0546624 0.0003 1.1841 0.753003 
600.11 71.7109 0.00133165 0.00131319 3.61571e-05 -0.00100133 0.0983872 0.0546624 0.0003 2.72093 -0.797943 
600.11 50.0172 0.00141422 0.00141423 -2.51307e-08 -6.03224e-07 0.0985533 0.0546624 0.0003 0.229835 0.100102 
600.11 50 0.00141429 0.00141429 5.23646e-13 6.4131e-06 0.099232 1.39979 0.0003 -0.332493 -3.25842 
600.11 50.115 0.00141382 0.00141401 -3.47333e-07 2.70433e-07 0.0992311 1.39979 0.0003 0.638919 0.523588 
600.11 50 0.00141429 0.00141429 2.21341e-11 2.17545e-07 0.099232 1.39979 0.0003 -1.10496 3.3443 
600.11 66.9471 0.00134894 0.00132758 4.22416e-05 -0.000936677 0.0983591 0.0546624 0.0003 2.06159 -0.277223 
600.11 49.9887 0.00141433 0.00141435 -3.98021e-08 7.14681e-06 0.0992319 1.39979 0.0003 -0.905424 -1.71585 
600.11 49.9983 0.00141429 0.00141429 -3.29289e-09 -8.98334e-07 0.0985532 0.0546624 0.0003 -0.473526 1.67078 
600.11 49.3516 0.00141691 0.00141591 1.85777e-06 1.72003e-05 0.0992364 1.39979 0.0003 -2.87311 1.82855 
600.11 50.0108 0.00141424 0.00141426 -3.16369e-08 -5.77631e-05 0.0985533 0.0546624 0.0003 1.35226 2.33439 
600.11 50 0.00141429 0.00141429 -1.76435e-11 -2.6603e-05 0.0985532 0.0546624 0.0003 1.57917 -3.48192 
600.11 49.9999 0.00141429 0.00141429 -1.064e-08 -2.23901e-06 0.0985532 0.0546624 0.0003 -0.838665 -2.71083 
600.11 33.1625 0.00148575 0.00147443 2.24897e-05 0.000553185 0.0992862 1.39979 0.0003 -2.6303 0.178387 
600.11 49.0442 0.00141816 0.00141839 -7.15398e-07 2.72917e-05 0.0992302 1.39979 0.0003 -3.37047 -1.68603 
600.11 50 0.00141429 0.00141428 1.4592e-09 -2.18811e-06 0.0985531 0.0546624 0.0003 0.244435 2.55561 
600.11 50.0002 0.00141428 0.00141429 -3.98484e-10 1.1752e-06 0.099232 1.39979 0.0003 0.259772 2.14588 
600.11 49.8283 0.00141498 0.00141469 5.42202e-07 2.01488e-06 0.0992333 1.39979 0.0003 -0.909265 0.538955 
600.11 50 0.00141429 0.00141429 -2.08901e-10 -3.02437e-07 0.0985532 0.0546624 0.0003 -1.8072 3.56488 
600.11 49.9961 0.0014143 0.0014143 -2.94561e-10 -2.48599e-06 0.0985532 0.0546624 0.0003 -2.14603 2.76369 
600.11 48.8041 0.00141913 0.00142176 -6.00973e-06 -3.9403e-05 0.0985811 0.0546624 0.0003 -3.97569 1.3448 
600.11 49.8814 0.00141476 0.00141478 -9.84692e-08 -2.45908e-05 0.0985536 0.0546624 0.0003 -0.895695 -0.772359 
600.11 49.8857 0.00141475 0.0014146 2.8043e-07 -7.78637e-07 0.0985519 0.0546624 0.0003 -1.75218 1.87182 
600.11 50.0035 0.00141427 0.00141428 -2.43369e-08 1.44356e-05 0.0992319 1.39979 0.0003 0.078435 0.74495 
600.11 49.8617 0.00141485 0.00141598 -2.44248e-06 -1.42992e-05 0.0985645 0.0546624 0.0003 -0.802012 0.210691 
600.11 50.0007 0.00141428 0.00141428 8.78828e-09 -6.14191e-06 0.0985531 0.0546624 0.0003 0.515574 2.15919 
600.11 83.2035 0.00129176 0.00130294 -2.20721e-05 -0.000984609 0.0986545 0.0546624 0.0003 2.47274 0.140747 
600.11 50.0005 0.00141428 0.00141428 -7.392e-10 6.51813e-08 0.099232 1.39979 0.0003 2.04823 -3.20322 
600.11 50.0005 0.00141428 0.00141428 1.28355e-08 -4.63419e-08 0.0985531 0.0546624 0.0003 0.710673 2.45553 
600.11 50.0005 0.00141428 0.00141428 -1.91353e-09 -1.13591e-08 0.0985532 0.0546624 0.0003 0.724908 2.44796 
600.11 65.5264 0.00135422 0.00136565 -2.29276e-05 -0.000519564 0.0986586 0.0546624 0.0003 2.47224 -0.87412 
600.11 50.1828 0.00141355 0.00141374 -3.74949e-07 0.000198104 0.099231 1.39979 0.0003 2.79614 2.31385 
600.11 49.5973 0.00141591 0.00141562 4.49742e-07 1.55015e-05 0.099233 1.39979 0.0003 -1.04556 0.0811438 
600.11 50 0.00141429 0.00141429 -1.57212e-12 -5.23872e-07 0.0985532 0.0546624 0.0003 -0.850217 4.07541 
600.11 46.6963 0.00142776 0.00142377 7.85991e-06 0.00010255 0.0992509 1.39979 0.0003 -2.35623 1.16183 
600.11 50.0002 0.00141428 0.00141429 -5.5062e-10 1.30727e-05 0.099232 1.39979 0.0003 0.91756 2.79554 
600.11 50.7078 0.00141143 0.00141077 1.29982e-06 -0.000127808 0.0985472 0.0546624 0.0003 2.66202 -1.9888 
600.11 46.9601 0.00142668 0.00143503 -1.71914e-05 0.000155411 0.0991903 1.39979 0.0003 -2.22413 1.11573 
600.11 42.86 0.00144374 0.00144236 3.22901e-06 0.000294977 0.0992399 1.39979 0.0003 -2.47911 0.859134 
600.11 50 0.00141429 0.00141429 -1.6233e-13 -8.53441e-06 0.0985532 0.0546624 0.0003 -1.61845 3.48736 
600.11 56.2593 0.00138943 0.00138761 3.25891e-06 -0.00024695 0.0985383 0.0546624 0.0003 2.03183 -0.997976 
600.11 49.9996 0.00141429 0.00141429 -2.20538e-09 -1.73535e-05 0.0985532 0.0546624 0.0003 -2.4247 3.19976 
600.11 50.0102 0.00141424 0.00141409 3.28366e-07 0.000112822 0.0992328 1.39979 0.0003 0.496005 1.39654 
600.11 50 0.00141429 0.00141429 4.57281e-12 1.15524e-06 0.099232 1.39979 0.0003 -1.55743 -3.71757 
600.11 48.5153 0.00142031 0.00142154 -3.23157e-06 -8.18028e-05 0.0985684 0.0546624 0.0003 -4.01546 -1.23154 
600.11 43.7122 0.00144016 0.00143764 5.27165e-06 0.000219923 0.0992447 1.39979 0.0003 -2.05716 -0.49495 
600.11 32.5605 0.00148846 0.00148982 -1.77186e-06 0.00077934 0.0992279 1.39979 0.0003 -3.22637 0.28826 
600.11 58.2186 0.00138182 0.00137297 1.59065e-05 -0.000337672 0.0984808 0.0546624 0.0003 3.77422 -1.03315 
600.11 49.9966 0.0014143 0.0014143 5.06189e-09 -7.67988e-05 0.0985531 0.0546624 0.0003 -1.11801 -2.22735 
600.11 50.0003 0.00141428 0.00141428 4.11153e-09 1.13683e-06 0.099232 1.39979 0.0003 1.01142 -2.75307 
600.11 66.0466 0.00135226 0.00132936 4.59106e-05 -0.000860623 0.098342 0.0546624 0.0003 2.77521 0.980026 
600.11 49.9999 0.00141429 0.00141429 -8.68382e-10 -4.53564e-05 0.0985532 0.0546624 0.0003 -0.703488 2.56802 
600.11 50.203 0.00141347 0.00141353 -1.58471e-07 4.05487e-06 0.0992316 1.39979 0.0003 1.94768 2.04595 
600.11 50.0631 0.00141403 0.00141416 -2.25613e-07 -3.40668e-07 0.0985542 0.0546624 0.0003 0.768897 1.20794 
600.11 50 0.00141429 0.00141429 1.42591e-10 1.12021e-06 0.099232 1.39979 0.0003 -1.63505 3.29346 
600.11 38.3953 0.0014628 0.00146838 -1.03158e-05 0.00052442 0.0992073 1.39979 0.0003 -3.63682 -0.357965 
600.11 49.9993 0.00141429 0.0014143 -2.49996e-08 2.88102e-07 0.0992319 1.39979 0.0003 -0.553142 2.00979 
600.11 50 0.00141429 0.00141429 6.01907e-11 4.34147e-07 0.099232 1.39979 0.0003 0.70054 -3.58331 
600.11 50.3033 0.00141306 0.00141063 5.22828e-06 0.000108766 0.0992447 1.39979 0.0003 2.39113 -2.12839 
600.11 40.8127 0.0014524 0.00145077 1.68105e-06 0.000389269 0.0992356 1.39979 0.0003 -3.82154 -0.29532 
600.11 76.0772 0.00131621 0.00131094 9.05378e-06 -0.00104041 0.0985122 0.0546624 0.0003 3.64374 0.347036 
600.11 49.991 0.00141432 0.00141438 -1.20681e-07 -2.81218e-06 0.0985537 0.0546624 0.0003 -0.302646 0.476123 
600.11 49.9277 0.00141458 0.00141528 -1.50645e-06 -8.68485e-05 0.0985601 0.0546624 0.0003 -1.57333 1.86423 
600.11 50.0324 0.00141415 0.00141394 4.59911e-07 1.75281e-05 0.0992331 1.39979 0.0003 2.24504 -2.55365 
600.11 48.9995 0.00141834 0.00141684 2.83307e-06 3.67317e-05 0.0992388 1.39979 0.0003 -2.25384 -1.54206 
600.11 50.5644 0.00141201 0.00141158 8.26862e-07 0.000135538 0.0992339 1.39979 0.0003 0.966756 0.396643 
600.11 50.0651 0.00141402 0.00141366 8.15279e-07 -8.47969e-06 0.0985494 0.0546624 0.0003 0.994512 -1.54472 
600.11 50 0.00141429 0.00141429 8.47194e-12 8.32608e-06 0.099232 1.39979 0.0003 0.868149 3.51517 
600.11 62.3931 0.00136594 0.00137087 -5.99971e-06 -0.000326842 0.098579 0.0546624 0.0003 4.07306 0.334337 
600.11 49.8652 0.00141483 0.00141481 5.74371e-08 -2.78601e-05 0.0985529 0.0546624 0.0003 -0.789054 -0.106332 
600.11 48.2898 0.00142123 0.00142643 -1.07588e-05 0.000109403 0.0992059 1.39979 0.0003 -3.3668 -1.50865 
600.11 49.5304 0.00141618 0.00141564 1.02284e-06 1.83436e-06 0.0992344 1.39979 0.0003 -3.49534 -1.85225 
600.11 50 0.00141429 0.00141429 3.6063e-13 -2.00537e-08 0.0985532 0.0546624 0.0003 0.229542 3.31532 
600.11 43.4619 0.00144122 0.00144774 -1.2829e-05 0.00032266 0.099201 1.39979 0.0003 -2.00644 -0.329974 
600.11 48.7066 0.00141954 0.00142402 -9.32773e-06 3.37359e-05 0.0992094 1.39979 0.0003 -3.9369 1.34409 
600.11 50.004 0.00141427 0.00141429 -3.19417e-08 -5.41577e-08 0.0985533 0.0546624 0.0003 0.0490116 -0.400486 
600.11 58.1123 0.00138226 0.00138975 -1.44978e-05 -0.000258661 0.0986196 0.0546624 0.0003 3.91317 -0.919117 
600.11 71.03 0.00133415 0.0013537 -3.78529e-05 -0.000618415 0.0987267 0.0546624 0.0003 2.71078 -0.81331 
600.11 88.6306 0.0012737 0.00128058 -1.553e-05 -0.00125594 0.0986254 0.0546624 0.0003 3.2837 -0.262837 
600.11 50 0.00141429 0.00141429 -1.66378e-10 4.57904e-05 0.099232 1.39979 0.0003 0.189049 2.35601 
600.11 49.9864 0.00141434 0.0014145 -3.35942e-07 -9.93108e-09 0.0989985 0.0546624 0.0003 -1.0038 1.77862 
600.11 50.0188 0.00141421 0.00141423 -4.34067e-08 3.23659e-07 0.0992318 1.39979 0.0003 0.451265 1.06116 
600.11 31.5341 0.00149305 0.001484 1.89091e-05 0.000767876 0.0992778 1.39979 0.0003 -3.2433 0.13763 
600.11 49.9995 0.00141429 0.00141429 6.0355e-09 5.27592e-06 0.099232 1.39979 0.0003 -0.30102 1.72633 
600.11 50.0004 0.00141428 0.00141428 -1.64514e-09 -1.97692e-08 0.0985532 0.0546624 0.0003 0.397418 -2.13398 
600.11 50.0026 0.00141428 0.00141428 -9.15137e-09 -2.40248e-05 0.0985532 0.0546624 0.0003 0.182952 1.26132 
600.11 50.0023 0.00141428 0.00141428 -2.02923e-09 -1.26229e-08 0.0985532 0.0546624 0.0003 1.46937 2.7064 
600.11 56.4219 0.00138879 0.00137779 2.30191e-05 -6.63744e-05 0.0984468 0.0546624 0.0003 2.87821 1.37605 
600.11 49.9985 0.00141429 0.00141432 -5.87395e-08 -4.77826e-05 0.0985534 0.0546624 0.0003 -1.52337 -2.66852 
600.11 35.5561 0.00147515 0.00146315 2.40052e-05 0.000431888 0.0992899 1.39979 0.0003 -3.0581 0.561569 
600.11 49.7092 0.00141546 0.00141719 -3.65557e-06 2.87081e-05 0.0992231 1.39979 0.0003 -1.21275 -0.976059 
600.11 94.8991 0.00125348 0.00125974 -1.44178e-05 -0.00150528 0.0986203 0.0546624 0.0003 3.03279 0.0337905 
600.11 50.6002 0.00141187 0.00141264 -1.49621e-06 -9.26628e-06 0.09856 0.0546624 0.0003 2.32997 1.94456 
600.11 49.9579 0.00141446 0.00141439 1.29658e-07 -1.22954e-07 0.0985526 0.0546624 0.0003 -3.20595 -2.4489 
600.11 48.5659 0.00142011 0.00142231 -4.25038e-06 5.67565e-05 0.0992217 1.39979 0.0003 -3.19936 1.59476 
600.11 50.0325 0.00141415 0.0014142 -9.68473e-08 -2.72071e-06 0.0985536 0.0546624 0.0003 0.567099 1.08085 
600.11 50.3817 0.00141275 0.0014134 -1.20374e-06 -9.62567e-06 0.0985586 0.0546624 0.0003 1.55369 1.6068 
600.11 50.0009 0.00141428 0.00141427 2.00476e-08 -5.76079e-07 0.0985531 0.0546624 0.0003 2.21385 3.16828 
600.11 50.0059 0.00141426 0.00141426 5.21088e-09 0.000110817 0.099232 1.39979 0.0003 1.03723 2.21408 
600.11 50 0.00141429 0.00141429 -4.06285e-15 -4.95669e-07 0.0985532 0.0546624 0.0003 -0.436675 -4.0715 
600.11 50.768 0.00141119 0.00141104 2.35402e-07 -1.90372e-05 0.0985521 0.0546624 0.0003 2.66068 1.9683 
600.11 50 0.00141429 0.00141429 -3.22122e-10 -1.98976e-06 0.0985532 0.0546624 0.0003 -2.01624 -3.58578 
600.11 50.2113 0.00141343 0.00141186 3.34997e-06 3.51183e-05 0.0992401 1.39979 0.0003 3.62474 -2.20558 
600.11 50.2229 0.00141339 0.0014135 -2.34919e-07 -8.95338e-06 0.0985542 0.0546624 0.0003 0.734541 -0.263138 
600.11 50.1111 0.00141384 0.00141401 -3.21919e-07 3.01866e-05 0.0992312 1.39979 0.0003 1.93028 2.17689 
600.11 49.2975 0.00141713 0.00141871 -3.11578e-06 2.76486e-05 0.0992244 1.39979 0.0003 -1.3239 0.687972 
600.11 50 0.00141429 0.00141429 1.72488e-12 3.63182e-06 0.099232 1.39979 0.0003 -0.234613 -3.40039 
600.11 50.0492 0.00141409 0.00141414 -1.17382e-07 -1.10035e-05 0.0985537 0.0546624 0.0003 0.626373 1.02342 
600.11 37.2987 0.00146755 0.00147356 -1.08866e-05 0.000659326 0.099206 1.39979 0.0003 -3.62966 0.220671 
600.11 50.1314 0.00141375 0.0014137 1.01319e-07 -6.45962e-06 0.0985527 0.0546624 0.0003 1.7501 -2.03889 
600.11 50.0082 0.00141425 0.00141427 -2.69474e-08 0.000126002 0.0992319 1.39979 0.0003 0.708129 -1.78445 
600.11 49.9972 0.0014143 0.00141429 6.80908e-09 -7.33338e-05 0.0985531 0.0546624 0.0003 -1.99495 2.77155 
600.11 50.0287 0.00141417 0.00141418 -4.62843e-08 -1.47356e-06 0.0985534 0.0546624 0.0003 0.563076 1.12842 
600.11 65.5402 0.00135413 0.00133217 4.38904e-05 -0.000673457 0.0983513 0.0546624 0.0003 3.97118 0.314979 
600.11 50.131 0.00141376 0.00141393 -3.25833e-07 -5.12189e-06 0.0985546 0.0546624 0.0003 0.615917 -0.194872 
600.11 48.1074 0.00142198 0.00142405 -3.93489e-06 0.000308454 0.0992225 1.39979 0.0003 -1.54885 -0.452984 
600.11 45.3497 0.00143332 0.0014291 7.97822e-06 0.000124921 0.0992511 1.39979 0.0003 -3.36369 1.13885 
600.11 60.3879 0.00137353 0.00136982 1.11719e-05 -0.000298032 0.0985 0.0546624 0.0003 4.16737 -0.271382 
600.11 50 0.00141429 0.00141429 2.8419e-10 2.02452e-07 0.099232 1.39979 0.0003 0.649739 -2.8823 
600.11 50 0.00141429 0.00141429 2.86892e-11 1.82787e-07 0.099232 1.39979 0.0003 0.56794 3.39767 
600.11 50.0112 0.00141424 0.00141425 -2.63763e-08 -1.47352e-08 0.0985534 0.0546624 0.0003 0.66873 1.64261 
600.11 49.9999 0.00141429 0.00141429 -7.16562e-09 2.23116e-07 0.0992319 1.39979 0.0003 -1.47187 -3.08114 
600.11 49.4089 0.00141668 0.00141784 -2.3744e-06 -6.91325e-05 0.0985641 0.0546624 0.0003 -2.5625 -1.8056 
600.11 50 0.00141429 0.00141429 -1.723e-13 -7.46241e-07 0.0985532 0.0546624 0.0003 0.871846 -3.79929 
600.11 49.9917 0.00141432 0.00141439 -1.57142e-07 -8.31707e-05 0.0985539 0.0546624 0.0003 -0.47735 -1.12351 
600.11 50 0.00141429 0.00141429 3.48593e-11 1.52138e-06 0.099232 1.39979 0.0003 -0.340299 2.66602 
600.11 49.7864 0.00141515 0.00141507 1.63415e-07 -1.18537e-05 0.0985524 0.0546624 0.0003 -2.91514 -2.10747 
600.11 47.3784 0.00142497 0.00143296 -1.65403e-05 0.000170271 0.0991919 1.39979 0.0003 -1.75895 0.672101 
600.11 61.3609 0.00136984 0.00138282 -2.51741e-05 -0.000335132 0.0986686 0.0546624 0.0003 2.46202 1.02912 
600.11 49.9999 0.00141429 0.00141429 4.18438e-10 -1.02392e-06 0.0985532 0.0546624 0.0003 -1.64732 -3.17159 
600.11 49.9956 0.0014143 0.00141429 1.75412e-08 7.48915e-07 0.099232 1.39979 0.0003 -0.478006 1.3769 
600.11 49.9512 0.00141448 0.00141439 1.5882e-07 -7.02279e-05 0.0985524 0.0546624 0.0003 -1.13031 -1.54869 
600.11 50.0004 0.00141428 0.00141428 1.43004e-08 2.24818e-05 0.099232 1.39979 0.0003 1.95271 -3.22879 
600.11 49.983 0.00141435 0.00141433 4.96205e-08 4.14156e-07 0.0992321 1.39979 0.0003 -2.37799 -2.55816 
600.11 47.6586 0.00142382 0.00142984 -1.23521e-05 0.000265226 0.0992021 1.39979 0.0003 -2.29642 1.26793 
600.11 51.608 0.00140782 0.0014059 4.07705e-06 -8.21607e-05 0.0985343 0.0546624 0.0003 2.118 -1.57711 
600.11 50.0029 0.00141427 0.00141426 2.86435e-08 -2.57094e-05 0.098553 0.0546624 0.0003 1.80681 2.83215 
600.11 69.016 0.00134143 0.00135862 -3.27652e-05 -0.000335943 0.0987031 0.0546624 0.0003 3.61746 0.680069 
600.11 49.9993 0.00141429 0.00141429 -2.8863e-09 -7.76423e-05 0.0985532 0.0546624 0.0003 -1.53054 2.80867 
600.11 50.0001 0.00141429 0.00141429 -3.28407e-10 -1.02307e-05 0.0985532 0.0546624 0.0003 1.01113 -2.99987 
600.11 41.6606 0.00144881 0.00144968 -1.17241e-06 0.000395147 0.0992293 1.39979 0.0003 -3.91493 0.14235 
600.11 40.8356 0.00145231 0.0014528 -9.63488e-07 0.000434195 0.0992296 1.39979 0.0003 -3.82017 -0.303541 
600.11 50 0.00141429 0.00141429 -1.54492e-12 3.49969e-08 0.099232 1.39979 0.0003 0.199144 3.69243 
600.11 49.9225 0.0014146 0.00141445 2.66482e-07 7.47382e-07 0.0992326 1.39979 0.0003 -0.767015 -0.674433 
600.11 50.0066 0.00141426 0.00141421 1.08154e-07 5.33257e-05 0.0992322 1.39979 0.0003 0.143813 0.647297 
600.11 49.9909 0.00141432 0.00141433 -1.18074e-08 -3.67654e-05 0.0985532 0.0546624 0.0003 -0.430036 0.962543 
600.11 50.5476 0.00141207 0.00141023 3.7768e-06 -4.16424e-05 0.0985357 0.0546624 0.0003 0.962127 0.41041 
600.11 50 0.00141429 0.00141429 -2.09654e-10 -9.34085e-05 0.0985532 0.0546624 0.0003 -1.28346 3.13428 
600.11 50.0001 0.00141429 0.00141428 8.0282e-10 -2.5735e-05 0.0985532 0.0546624 0.0003 2.27985 3.50999 
600.11 49.0085 0.0014183 0.00141786 9.51567e-07 2.43324e-05 0.0992343 1.39979 0.0003 -2.79011 -1.70298 
600.11 84.1348 0.00128864 0.00131168 -4.61902e-05 -0.00105126 0.0987656 0.0546624 0.0003 3.51023 -0.101278 
600.11 35.7266 0.0014744 0.00146262 2.35152e-05 0.000476183 0.0992887 1.39979 0.0003 -2.84743 -0.554156 
600.11 49.9984 0.00141429 0.0014143 -1.47557e-08 1.661e-07 0.0992319 1.39979 0.0003 -0.547024 -1.80069 
600.11 49.9998 0.00141429 0.00141429 -9.73809e-09 -1.61002e-05 0.0985532 0.0546624 0.0003 -2.32166 -3.33233 
600.11 50.0168 0.00141422 0.00141424 -4.22418e-08 -2.5173e-05 0.0985534 0.0546624 0.0003 0.245717 0.358633 
600.11 50.0398 0.00141412 0.00141405 1.67852e-07 -1.01652e-05 0.0985524 0.0546624 0.0003 0.551508 0.945235 
600.11 49.9415 0.00141452 0.00141441 2.05207e-07 1.86649e-06 0.0992324 1.39979 0.0003 -1.0301 1.35513 
600.11 50 0.00141429 0.00141429 1.61833e-11 1.6009e-05 0.099232 1.39979 0.0003 1.47885 3.79174 
600.11 50 0.00141429 0.00141429 -1.53858e-10 -5.1777e-05 0.0985532 0.0546624 0.0003 -1.18157 3.32853 
600.11 50.0834 0.00141395 0.00141408 -2.37545e-07 -1.19258e-06 0.0985542 0.0546624 0.0003 0.588905 -0.591734 
600.11 36.3575 0.00147163 0.00145906 2.49631e-05 0.000486987 0.0992922 1.39979 0.0003 -3.3727 0.485518 
600.11 50.004 0.00141427 0.00141424 6.16351e-08 -4.45942e-07 0.0985529 0.0546624 0.0003 2.88467 -3.0215 
600.11 41.2958 0.00145034 0.00144129 1.77727e-05 0.000296331 0.0992748 1.39979 0.0003 -2.13197 0.247953 
600.11 50 0.00141429 0.00141429 -2.35133e-12 1.15995e-05 0.099232 1.39979 0.0003 -0.131201 3.3927 
600.11 50.0197 0.00141421 0.00141424 -6.79685e-08 1.7351e-05 0.0992318 1.39979 0.0003 2.05986 2.58691 
600.11 50.193 0.00141351 0.00141193 3.3874e-06 6.6722e-05 0.0992402 1.39979 0.0003 0.967135 1.1006 
600.11 49.9999 0.00141429 0.00141429 -6.97296e-09 -6.45631e-06 0.0985532 0.0546624 0.0003 -0.573011 2.5587 
600.11 49.9999 0.00141429 0.00141429 -3.49055e-09 2.61996e-05 0.0992319 1.39979 0.0003 -1.58911 3.12426 
600.11 49.9856 0.00141434 0.00141441 -1.47461e-07 -9.22957e-05 0.0985538 0.0546624 0.0003 -0.925358 1.66964 
600.11 50.1387 0.00141372 0.00141287 1.78855e-06 -1.60497e-05 0.0985449 0.0546624 0.0003 1.02801 -1.33372 
600.11 50.0036 0.00141427 0.00141425 3.56399e-08 0.000250809 0.099232 1.39979 0.0003 0.374915 1.53155 
600.11 50 0.00141429 0.00141429 -5.00505e-12 6.15877e-07 0.099232 1.39979 0.0003 0.0435766 3.25123 
600.11 54.8911 0.00139478 0.00138072 2.90279e-05 -0.000275583 0.0984192 0.0546624 0.0003 4.05835 1.02731 
600.11 33.0195 0.0014864 0.00148595 2.07555e-06 0.000670815 0.0992372 1.39979 0.0003 -3.14361 -0.37395 
600.11 49.7035 0.00141548 0.00141534 2.91243e-07 -4.7204e-05 0.0985518 0.0546624 0.0003 -1.97785 -1.75566 
600.11 50 0.00141429 0.00141429 1.1178e-11 -4.87606e-08 0.0985532 0.0546624 0.0003 -0.149716 -2.75408 
600.11 50 0.00141429 0.00141429 -3.65187e-11 -8.89796e-07 0.0985532 0.0546624 0.0003 0.635602 -3.01731 
600.11 50.0031 0.00141427 0.00141428 -6.25897e-09 2.82294e-06 0.0992319 1.39979 0.0003 2.8511 3.0587 
600.11 57.7624 0.0013836 0.00138417 -8.7796e-07 9.00863e-05 0.0992299 1.39979 0.0003 3.26747 -1.28477 
600.11 50 0.00141429 0.00141429 2.74716e-13 5.63144e-06 0.099232 1.39979 0.0003 0.57705 3.65876 
600.11 49.9999 0.00141429 0.00141429 3.57302e-10 7.48275e-06 0.099232 1.39979 0.0003 -0.378895 -2.32986 
600.11 42.9232 0.00144348 0.00145339 -2.00872e-05 0.000468459 0.0991834 1.39979 0.0003 -2.71719 -0.968759 
600.11 50.0005 0.00141428 0.00141429 -1.66728e-08 -4.2873e-07 0.0985532 0.0546624 0.0003 -0.0314722 0.974383 
600.11 50.4013 0.00141267 0.00141254 3.27409e-07 0.000280411 0.0992328 1.39979 0.0003 0.979845 0.737741 
600.11 49.9976 0.0014143 0.00141435 -1.17185e-07 -9.96304e-06 0.0985537 0.0546624 0.0003 -0.168999 0.706112 
600.11 50.0002 0.00141429 0.00141429 -5.27411e-10 -1.87507e-06 0.0985532 0.0546624 0.0003 1.06901 2.92449 
600.11 72.8906 0.00132745 0.0013219 9.7797e-06 -0.000861631 0.0985088 0.0546624 0.0003 2.18735 0.0466379 
600.11 50.2202 0.0014134 0.0014135 -2.19489e-07 -7.61952e-06 0.0985542 0.0546624 0.0003 0.717016 -0.0334527 
600.11 49.9959 0.0014143 0.00141438 -1.62305e-07 -0.000104834 0.0985539 0.0546624 0.0003 -2.12291 2.74762 
600.11 49.9998 0.00141429 0.00141429 -8.23059e-09 6.53436e-06 0.0992319 1.39979 0.0003 -1.00909 2.73083 
600.11 50 0.00141429 0.00141429 -8.73553e-15 -5.55465e-07 0.0985532 0.0546624 0.0003 -0.0444634 -4.04824 
600.11 49.9997 0.00141429 0.00141429 1.21229e-09 5.07807e-06 0.099232 1.39979 0.0003 -0.579556 2.23544 
600.11 50.0295 0.00141417 0.00141376 8.97089e-07 0.000211123 0.0992341 1.39979 0.0003 0.631731 1.25504 
600.11 49.9991 0.00141429 0.0014143 -2.68522e-08 -5.80534e-07 0.0985533 0.0546624 0.0003 -2.57369 3.11053 
600.11 50.0023 0.00141428 0.00141425 5.81426e-08 4.79367e-05 0.0992321 1.39979 0.0003 0.0746828 -0.963413 
600.11 50.1283 0.00141377 0.00141402 -4.52267e-07 -8.68043e-06 0.0985552 0.0546624 0.0003 0.942241 1.22788 
600.11 71.9774 0.00133071 0.00131821 2.49345e-05 -0.000756814 0.0984385 0.0546624 0.0003 3.47118 0.693184 
600.11 49.9984 0.00141429 0.00141432 -5.49938e-08 -0.000138691 0.0985534 0.0546624 0.0003 -2.89732 3.03916 
600.11 45.6182 0.00143221 0.00143131 -8.99264e-08 6.4916e-05 0.0992313 1.39979 0.0003 -4.08793 -0.55117 
600.11 49.9754 0.00141438 0.00141433 1.05613e-07 -7.45028e-05 0.0985527 0.0546624 0.0003 -0.458227 0.311566 
600.11 50.0072 0.00141426 0.00141429 -6.05411e-08 -5.027e-05 0.0985534 0.0546624 0.0003 0.15352 -0.628973 
600.11 51.0585 0.00141002 0.00140596 8.59775e-06 0.000108618 0.0992528 1.39979 0.0003 3.60041 1.8207 
600.11 50 0.00141429 0.00141429 2.82607e-12 1.3822e-05 0.099232 1.39979 0.0003 -0.995079 3.5003 
600.11 50 0.00141429 0.00141428 1.97321e-09 0.000113679 0.099232 1.39979 0.0003 -0.0396779 1.79339 
600.11 52.2428 0.00140527 0.00139854 1.367e-05 -0.000173966 0.0984902 0.0546624 0.0003 1.56445 -0.93749 
600.11 57.0638 0.0013863 0.00138354 5.29501e-06 -0.000220775 0.0985289 0.0546624 0.0003 2.2002 1.08403 
600.11 50.0109 0.00141424 0.00141422 5.21044e-08 -7.61168e-07 0.0985529 0.0546624 0.0003 2.43947 2.80142 
600.11 50.0144 0.00141423 0.00141396 5.87718e-07 7.0545e-05 0.0992334 1.39979 0.0003 2.96241 -2.8084 
600.11 47.5275 0.00142434 0.00142067 6.94517e-06 4.4762e-05 0.0992486 1.39979 0.0003 -1.58009 0.178605 
600.11 44.8699 0.00143532 0.00143203 6.55789e-06 5.17293e-05 0.0992478 1.39979 0.0003 -2.26227 -0.888244 
600.11 65.532 0.00135418 0.00134803 1.0911e-05 -0.000615488 0.0985036 0.0546624 0.0003 3.48818 -0.896887 
600.11 50.6773 0.00141155 0.00141116 7.31354e-07 -3.65418e-05 0.0985498 0.0546624 0.0003 2.26364 -1.88954 
600.11 49.2224 0.00141743 0.00141645 1.86643e-06 -2.23587e-05 0.0985446 0.0546624 0.0003 -2.2631 -1.62444 
600.11 49.9999 0.00141429 0.00141429 4.64012e-10 -9.38067e-06 0.0985532 0.0546624 0.0003 -1.7972 3.21744 
600.11 50.0098 0.00141425 0.00141426 -3.36174e-08 7.26157e-07 0.0992319 1.39979 0.0003 0.925489 1.9899 
600.11 50 0.00141429 0.00141429 1.98829e-13 9.59912e-06 0.099232 1.39979 0.0003 0.787491 3.53641 
600.11 50 0.00141429 0.00141429 3.50968e-11 6.6252e-07 0.099232 1.39979 0.0003 -0.646922 -2.94258 
600.11 50.0001 0.00141429 0.00141428 1.66275e-09 0.000166953 0.099232 1.39979 0.0003 0.934786 2.97719 
600.11 50.0211 0.0014142 0.00141423 -5.34085e-08 4.79142e-05 0.0992318 1.39979 0.0003 1.74761 -2.43737 
600.11 50.429 0.00141255 0.00140998 5.47362e-06 -1.03007e-05 0.0985278 0.0546624 0.0003 0.869676 -0.149583 
600.11 49.8326 0.00141496 0.00141482 2.74236e-07 -1.07604e-05 0.0985519 0.0546624 0.0003 -2.86155 -2.16056 
600.11 50.0001 0.00141429 0.00141428 5.95291e-10 3.79162e-06 0.099232 1.39979 0.0003 0.172626 2.10712 
600.11 49.9999 0.00141429 0.00141429 -1.91254e-09 -1.60077e-06 0.0985532 0.0546624 0.0003 -0.329517 -2.2389 
600.11 49.5565 0.00141608 0.00141649 -1.01434e-06 -4.72364e-06 0.0985579 0.0546624 0.0003 -3.32396 1.90462 
600.11 50.0514 0.00141408 0.00141391 3.6187e-07 4.02528e-06 0.0992328 1.39979 0.0003 1.17678 -1.82088 
600.11 50.0022 0.00141428 0.00141427 1.40921e-08 6.95977e-06 0.099232 1.39979 0.0003 0.87819 2.28569 
600.11 50.0002 0.00141429 0.00141428 6.53854e-09 -2.35134e-05 0.0985531 0.0546624 0.0003 0.328943 2.25237 
600.11 49.9994 0.00141429 0.00141429 2.0428e-09 6.46127e-07 0.099232 1.39979 0.0003 -0.166831 1.36123 
600.11 50 0.00141429 0.00141429 3.14612e-11 4.41736e-05 0.099232 1.39979 0.0003 -0.519133 -2.96398 
600.11 50 0.00141429 0.00141429 -4.12893e-10 -4.00642e-06 0.0985532 0.0546624 0.0003 -0.13185 -2.64947 
600.11 49.1386 0.00141777 0.00141767 -1.96643e-07 3.89879e-05 0.0992314 1.39979 0.0003 -2.87146 -1.75068 
600.11 50.0491 0.00141409 0.00141406 9.6712e-08 0.000117984 0.0992322 1.39979 0.0003 3.17914 -2.57882 
600.11 56.5434 0.00138834 0.00139489 -1.28152e-05 -2.05514e-06 0.09867 0.0546624 0.0003 3.36236 1.32589 
600.11 49.9716 0.0014144 0.00141466 -5.48791e-07 -1.41085e-05 0.0985557 0.0546624 0.0003 -0.595268 -0.800769 
600.11 49.9998 0.00141429 0.00141429 8.28964e-11 -3.10626e-07 0.0985532 0.0546624 0.0003 -2.27719 -3.29341 
600.11 50.1065 0.00141386 0.00141365 4.24641e-07 5.81704e-05 0.099233 1.39979 0.0003 1.7453 2.08614 
600.11 50.1625 0.00141363 0.00141347 3.14293e-07 -8.74228e-06 0.0985517 0.0546624 0.0003 1.64576 -1.91778 
600.11 50 0.00141429 0.00141429 6.46329e-14 1.59712e-07 0.099232 1.39979 0.0003 -0.687323 -3.8895 
600.11 49.998 0.00141429 0.00141429 1.43272e-08 -1.85213e-05 0.0985531 0.0546624 0.0003 -0.124589 -0.301072 
600.11 49.8968 0.0014147 0.00141456 2.72122e-07 -1.56867e-06 0.0985519 0.0546624 0.0003 -1.31071 1.51893 
600.11 50.779 0.00141114 0.00140896 4.50352e-06 -2.98509e-05 0.0985324 0.0546624 0.0003 1.19928 0.856325 
600.11 50 0.00141429 0.00141429 -1.87565e-12 4.81086e-05 0.099232 1.39979 0.0003 1.21196 3.8145 
600.11 48.1814 0.00142167 0.00141932 4.53757e-06 5.47491e-05 0.0992429 1.39979 0.0003 -3.10149 -1.52936 
600.11 50 0.00141429 0.00141429 7.25079e-14 6.75593e-05 0.099232 1.39979 0.0003 -0.00945009 3.70101 
600.11 50 0.00141429 0.00141429 7.18295e-14 -2.22304e-08 0.0985532 0.0546624 0.0003 0.678048 4.11585 
600.11 49.9416 0.00141452 0.00141441 1.9501e-07 1.4135e-06 0.0992324 1.39979 0.0003 -1.7005 2.00746 
600.11 49.4846 0.00141637 0.00141552 1.59191e-06 -6.45959e-05 0.0985459 0.0546624 0.0003 -2.98771 1.89328 
600.11 50.0001 0.00141429 0.00141429 -3.00121e-10 9.23243e-08 0.099232 1.39979 0.0003 0.796662 -2.83453 
600.11 49.9468 0.0014145 0.00141445 9.40748e-08 6.81068e-05 0.0992322 1.39979 0.0003 -2.12172 2.24498 
600.11 51.6532 0.00140764 0.00140827 -1.31691e-06 -6.60447e-05 0.0985592 0.0546624 0.0003 1.70353 -1.24779 
600.11 50.1385 0.00141373 0.00141388 -3.26786e-07 -6.08755e-05 0.0985547 0.0546624 0.0003 1.11584 1.4552 
600.11 50 0.00141429 0.00141429 -2.05939e-13 -4.0912e-06 0.0985532 0.0546624 0.0003 -1.61708 -3.80612 
600.11 44.0168 0.00143888 0.00143428 9.30498e-06 0.000205503 0.0992544 1.39979 0.0003 -3.76383 -0.773952 
600.11 42.1099 0.00144689 0.00143894 1.48947e-05 0.000234032 0.0992677 1.39979 0.0003 -2.92894 0.951868 
600.11 50.0476 0.00141409 0.0014137 8.36606e-07 -5.84943e-06 0.0985493 0.0546624 0.0003 0.828103 1.41331 
600.11 49.8042 0.00141508 0.00141488 3.90041e-07 4.74622e-06 0.0992329 1.39979 0.0003 -2.02233 -1.89151 
600.11 77.2684 0.00131206 0.00131538 -8.02954e-06 -0.00108012 0.0985907 0.0546624 0.0003 2.82946 0.679606 
600.11 50.0014 0.00141428 0.00141428 4.80167e-09 9.45469e-06 0.099232 1.39979 0.0003 0.0709226 1.16755 
600.11 49.9905 0.00141432 0.00141432 1.32772e-09 2.87362e-06 0.099232 1.39979 0.0003 -0.479279 1.06784 
600.11 85.2118 0.00128503 0.00130089 -3.01824e-05 -0.00104598 0.0986912 0.0546624 0.0003 2.51181 -0.0428358 
600.11 37.8492 0.00146517 0.00147604 -2.11984e-05 0.000602928 0.0991809 1.39979 0.0003 -2.90109 -0.69201 
600.11 50.0002 0.00141428 0.00141428 1.73533e-09 -1.25481e-06 0.0985531 0.0546624 0.0003 1.93285 -3.32285 
600.11 50.4497 0.00141247 0.00141328 -1.47556e-06 6.59918e-05 0.0992284 1.39979 0.0003 0.944901 -0.537857 
600.11 50.0002 0.00141428 0.00141428 1.98644e-08 2.13004e-05 0.099232 1.39979 0.0003 2.01192 3.35026 
600.11 50 0.00141429 0.00141429 -5.1296e-11 -6.27149e-09 0.0985532 0.0546624 0.0003 0.834426 3.16081 
600.11 50 0.00141429 0.00141429 5.42526e-12 5.24518e-07 0.099232 1.39979 0.0003 0.654219 -3.86577 
600.11 50.0004 0.00141428 0.00141428 1.27298e-09 6.79262e-07 0.099232 1.39979 0.0003 1.08198 -2.78257 
600.11 49.9715 0.0014144 0.00141438 3.34768e-08 -5.51135e-05 0.098553 0.0546624 0.0003 -3.00271 -2.53408 
600.11 50.0344 0.00141415 0.00141418 -6.15497e-08 9.02641e-05 0.0992318 1.39979 0.0003 1.18915 -1.93715 
600.11 53.8301 0.00139899 0.00140446 -1.03774e-05 1.83403e-05 0.0992071 1.39979 0.0003 2.62398 1.50747 
600.11 50 0.00141429 0.00141429 7.83694e-11 1.70846e-06 0.099232 1.39979 0.0003 -0.113331 -2.21964 
600.11 50.0001 0.00141429 0.00141428 2.68914e-09 8.05782e-08 0.099232 1.39979 0.0003 0.798356 2.81691 
600.11 33.4988 0.00148428 0.00148987 -1.00357e-05 0.000823241 0.099208 1.39979 0.0003 -2.86078 -0.411381 
600.11 49.9994 0.00141429 0.0014143 -2.49446e-08 -0.000135582 0.0985533 0.0546624 0.0003 -0.354372 1.7962 
600.11 49.9842 0.00141435 0.00141432 5.39143e-08 1.18278e-07 0.0992321 1.39979 0.0003 -1.41551 -2.11952 
600.11 49.9943 0.00141431 0.00141439 -1.84967e-07 -6.60064e-06 0.098554 0.0546624 0.0003 -3.08273 2.8276 
600.11 50 0.00141429 0.00141429 -7.86341e-12 -2.33263e-08 0.0985532 0.0546624 0.0003 0.516014 3.22591 
600.11 50.0527 0.00141407 0.00141344 1.36999e-06 0.000217052 0.0992353 1.39979 0.0003 0.825294 1.37332 
600.11 49.9966 0.0014143 0.0014143 5.42946e-09 -6.11807e-05 0.0985531 0.0546624 0.0003 -2.38011 2.84833 
600.11 49.9996 0.00141429 0.00141429 -6.83596e-09 -2.01824e-05 0.0985532 0.0546624 0.0003 -0.604779 -2.2254 
600.11 49.9756 0.00141438 0.00141461 -5.22296e-07 -0.000101431 0.0985556 0.0546624 0.0003 -3.3667 -2.53752 
600.11 94.5536 0.00125458 0.0012632 -1.91738e-05 -0.00169062 0.0986422 0.0546624 0.0003 2.91429 0.0492187 
600.11 58.7972 0.00137961 0.00137616 7.57027e-06 -0.000273709 0.098518 0.0546624 0.0003 1.73612 0.0476857 
600.11 40.9842 0.00145167 0.00144581 1.1938e-05 0.000339695 0.0992608 1.39979 0.0003 -2.6166 -0.796039 
600.11 76.1729 0.0013159 0.00133306 -3.46378e-05 -0.000894473 0.0987126 0.0546624 0.0003 2.50695 -0.53647 
600.11 50 0.00141429 0.00141429 -1.9685e-13 -5.6275e-08 0.0985532 0.0546624 0.0003 -0.686905 4.15084 
600.11 51.8367 0.00140691 0.001409 -3.53592e-06 -5.17235e-05 0.0985691 0.0546624 0.0003 3.74247 -1.60708 
600.11 55.0688 0.00139411 0.00140078 -1.27768e-05 -0.000149596 0.0986117 0.0546624 0.0003 3.19239 1.44995 
600.11 50.1318 0.00141375 0.00141376 -3.06214e-08 4.15536e-05 0.0992319 1.39979 0.0003 0.630799 0.321037 
600.11 44.883 0.00143526 0.00142882 1.23781e-05 0.000121391 0.0992617 1.39979 0.0003 -3.32461 -1.10911 
600.11 50.1935 0.0014135 0.00141243 2.28007e-06 8.7703e-05 0.0992375 1.39979 0.0003 0.689428 -0.0439242 
600.11 51.7502 0.00140724 0.00139932 1.66373e-05 5.22167e-05 0.0992723 1.39979 0.0003 2.11837 -1.55098 
600.11 49.9984 0.00141429 0.0014143 -2.09156e-08 -3.58812e-05 0.0985533 0.0546624 0.0003 -2.534 -3.00864 
600.11 49.9991 0.00141429 0.00141429 2.34442e-09 0.000172393 0.099232 1.39979 0.0003 -0.635323 2.04299 
600.11 50.7031 0.00141145 0.00140944 4.13398e-06 -4.82159e-05 0.0985341 0.0546624 0.0003 1.01522 -0.370077 
600.11 49.9999 0.00141429 0.00141429 -1.43474e-09 -1.11165e-07 0.0985532 0.0546624 0.0003 -2.48929 -3.42466 
600.11 50.0011 0.00141428 0.00141428 -1.71484e-09 5.75974e-07 0.0992319 1.39979 0.0003 2.04006 -3.07624 
600.11 50 0.00141429 0.00141429 1.82498e-10 2.831e-06 0.099232 1.39979 0.0003 -0.253396 2.28379 
600.11 49.3008 0.00141712 0.0014172 -1.49693e-07 -1.6129e-05 0.0985538 0.0546624 0.0003 -2.4443 -1.72563 
600.11 53.756 0.00139928 0.00140316 -6.58769e-06 -0.000119485 0.0985829 0.0546624 0.0003 3.67422 1.40655 
600.11 84.3033 0.00128803 0.00128013 1.39928e-05 -0.00137539 0.0984896 0.0546624 0.0003 3.09995 0.50612 
600.11 50.6184 0.00141179 0.0014129 -2.03545e-06 0.00010207 0.0992271 1.39979 0.0003 3.20593 -2.03918 
600.11 46.7809 0.00142741 0.00142731 -3.1737e-07 8.96368e-05 0.0992311 1.39979 0.0003 -1.86626 0.710309 
600.11 50 0.00141429 0.00141429 5.72105e-11 -3.73116e-08 0.0985532 0.0546624 0.0003 -1.57824 3.37709 
600.11 47.7386 0.00142348 0.0014201 6.36461e-06 0.00012901 0.0992472 1.39979 0.0003 -1.76267 0.777529 
600.11 35.3031 0.00147627 0.00146738 1.77647e-05 0.000555676 0.0992748 1.39979 0.0003 -3.02189 0.548909 
600.11 50 0.00141429 0.00141429 -1.87022e-10 -1.27298e-06 0.0985532 0.0546624 0.0003 0.367262 2.56249 
600.11 50 0.00141429 0.00141429 -1.04262e-11 -1.6999e-06 0.0985532 0.0546624 0.0003 -0.476449 -3.54288 
600.11 51.0621 0.00141 0.0014085 2.84655e-06 9.51892e-05 0.0992388 1.39979 0.0003 2.57729 1.86905 
600.11 50 0.00141429 0.00141429 -3.54841e-11 -1.61587e-07 0.0985532 0.0546624 0.0003 -1.65242 -3.75185 
600.11 50.0164 0.00141422 0.00141415 1.32273e-07 0.000138435 0.0992323 1.39979 0.0003 1.13713 -2.07145 
600.11 33.328 0.00148502 0.0014795 1.25613e-05 0.00060588 0.0992626 1.39979 0.0003 -2.88886 0.40746 
600.11 50.0336 0.00141415 0.00141415 -1.20006e-08 1.07786e-05 0.0992319 1.39979 0.0003 0.884962 1.60687 
600.11 49.9988 0.00141429 0.00141429 -8.78087e-09 2.76139e-07 0.0992319 1.39979 0.0003 -2.8949 3.08553 
600.11 67.5405 0.00134682 0.00136142 -2.73931e-05 -0.000502578 0.0986783 0.0546624 0.0003 3.90367 -0.326036 
600.11 50.2522 0.00141327 0.00141309 3.49622e-07 2.11282e-05 0.0992328 1.39979 0.0003 1.43918 -1.6262 
600.11 49.9757 0.00141438 0.00141435 5.72019e-08 5.01559e-07 0.0992321 1.39979 0.0003 -3.19884 2.55676 
600.11 49.6306 0.00141578 0.00141794 -4.58762e-06 3.776e-06 0.0992208 1.39979 0.0003 -2.45708 -1.90205 
600.11 70.6091 0.00133561 0.00131642 3.77082e-05 -0.000899854 0.0983801 0.0546624 0.0003 3.29354 0.82431 
600.11 50.3303 0.00141295 0.00141335 -7.73308e-07 -5.6478e-06 0.0985567 0.0546624 0.0003 2.92019 -2.19303 
600.11 55.7724 0.00139133 0.00137739 2.84157e-05 -0.000413494 0.0984222 0.0546624 0.0003 3.16338 -1.4094 
600.11 50 0.00141429 0.00141429 7.99085e-10 4.03724e-07 0.099232 1.39979 0.0003 1.01745 3.36147 
600.11 43.5628 0.00144079 0.00144588 -8.71423e-06 0.000271701 0.0992113 1.39979 0.0003 -2.03258 -0.418853 
600.11 37.8426 0.00146519 0.00147064 -1.01014e-05 0.000629507 0.0992078 1.39979 0.0003 -3.69655 0.0532968 
600.11 48.8103 0.00141911 0.00141722 3.52531e-06 3.02131e-05 0.0992404 1.39979 0.0003 -2.79888 1.65058 
600.11 52.4773 0.00140435 0.00140607 -3.84324e-06 -9.15732e-05 0.098571 0.0546624 0.0003 2.75208 -1.66733 
600.11 63.5968 0.00136141 0.00136653 -9.2144e-06 -0.000406825 0.0985951 0.0546624 0.0003 4.06542 -0.193836 
600.11 57.6184 0.00138415 0.00138339 9.09852e-07 -0.00034303 0.0985493 0.0546624 0.0003 2.04025 0.905305 
600.11 50.0716 0.001414 0.00141394 1.86775e-07 -4.04612e-06 0.0985523 0.0546624 0.0003 0.721267 -1.05865 
600.11 50.106 0.00141386 0.00141395 -1.69535e-07 -1.35467e-06 0.0985539 0.0546624 0.0003 0.598926 -0.405732 
600.11 49.9366 0.00141454 0.0014145 7.95144e-08 1.39639e-05 0.0992321 1.39979 0.0003 -1.04353 1.34587 
600.11 51.3072 0.00140902 0.00140817 9.91046e-07 1.59007e-05 0.0992342 1.39979 0.0003 1.81646 1.43803 
600.11 50.0389 0.00141413 0.00141419 -1.0746e-07 0.000124229 0.0992317 1.39979 0.0003 0.617711 1.1115 
600.11 50.0027 0.00141427 0.00141423 1.01104e-07 1.07264e-05 0.0992322 1.39979 0.0003 2.89737 3.08511 
600.11 50 0.00141429 0.00141429 -1.06369e-13 -5.28026e-05 0.0985532 0.0546624 0.0003 -0.214765 -3.71369 
600.11 50.0375 0.00141413 0.00141421 -1.3357e-07 3.76013e-05 0.0992316 1.39979 0.0003 1.21974 -1.94379 
600.11 51.2076 0.00140943 0.00141065 -1.93705e-06 -3.7118e-05 0.0985618 0.0546624 0.0003 3.7972 -1.70568 
600.11 49.9889 0.00141433 0.00141433 -5.07029e-09 -3.10242e-06 0.0985532 0.0546624 0.0003 -0.408376 -0.784322 
600.11 50 0.00141429 0.00141429 9.2262e-14 6.1327e-11 0.099232 1.39979 0.0003 0.959385 4.11964 
600.11 87.5291 0.00127733 0.00129209 -3.07824e-05 -0.00124979 0.0986953 0.0546624 0.0003 3.10553 0.408282 
600.11 50.0064 0.00141426 0.00141427 -2.20963e-08 -2.14586e-07 0.0985533 0.0546624 0.0003 0.901977 -2.06915 
600.11 60.1539 0.00137441 0.00137684 -5.30959e-06 -0.000372338 0.0985778 0.0546624 0.0003 3.44954 -1.12113 
600.11 49.6439 0.00141573 0.00141559 2.71759e-07 -2.83859e-05 0.0985519 0.0546624 0.0003 -3.18962 -1.97776 
600.11 48.8587 0.00141891 0.00141887 1.76652e-07 5.04725e-05 0.0992324 1.39979 0.0003 -2.86706 -1.66993 
600.11 35.4059 0.00147581 0.0014637 2.42477e-05 0.000549013 0.0992905 1.39979 0.0003 -3.43099 0.350497 
600.11 65.0393 0.00135599 0.00133293 4.63897e-05 -0.00080222 0.0983397 0.0546624 0.0003 3.58801 -0.853684 
600.11 50.1183 0.00141381 0.00141391 -1.53654e-07 0.000144071 0.0992316 1.39979 0.0003 2.65192 -2.38763 
600.11 47.2409 0.00142552 0.00142221 6.17466e-06 -3.50364e-05 0.098525 0.0546624 0.0003 -1.65089 0.347259 
600.11 48.919 0.00141867 0.00142162 -6.01117e-06 4.74711e-05 0.0992174 1.39979 0.0003 -2.30273 1.54076 
600.11 50 0.00141429 0.00141429 8.43153e-12 1.27944e-06 0.099232 1.39979 0.0003 0.227304 -3.89157 
600.11 50 0.00141429 0.00141429 -6.00869e-12 -1.70376e-07 0.0985532 0.0546624 0.0003 -0.612889 4.03368 
600.11 50 0.00141429 0.00141429 -8.27503e-11 -5.64066e-07 0.0985532 0.0546624 0.0003 -1.02087 -3.41239 
600.11 50.0017 0.00141428 0.00141428 6.69605e-09 1.55916e-06 0.099232 1.39979 0.0003 1.9699 -2.98874 
600.11 52.7257 0.00140336 0.00140706 -6.99798e-06 -4.5899e-05 0.0985852 0.0546624 0.0003 2.00023 1.32202 
600.11 50 0.00141429 0.00141429 -1.76608e-11 -4.36728e-09 0.0985532 0.0546624 0.0003 -0.0178183 2.41813 
600.11 48.4026 0.00142077 0.00141845 4.40163e-06 4.37274e-05 0.0992425 1.39979 0.0003 -2.0844 1.2798 
600.11 49.9858 0.00141434 0.00141437 -4.65026e-08 -6.21393e-06 0.0985534 0.0546624 0.0003 -2.76721 -2.65515 
600.11 56.2012 0.00138968 0.00139823 -1.63047e-05 -0.000181895 0.0986278 0.0546624 0.0003 2.03907 -1.00912 
