600.11 50.013 14.1423 0 1 700 1 1.39979 0.503 0.182862 -0.0688488 
600.11 50.0025 14.1428 0 1 700 1 1.39979 0.503 -0.00200644 0.0648044 
600.11 50.0021 14.1428 0 1 700 1 1.39979 0.503 -0.0104359 -0.0363677 
600.11 50.0013 14.1428 0 1 700 1 1.39979 0.503 -0.0314677 0.0746071 
600.11 49.9964 14.143 0 1 700 1 1.39979 0.503 -0.160474 0.0629588 
600.11 49.9998 14.1429 0 1 700 1 1.39979 0.503 -0.0722697 0.00370153 
600.11 50.0048 14.1427 0 1 700 1 1.39979 0.503 0.052426 0.0665337 
600.11 50.002 14.1428 0 1 700 1 1.39979 0.503 -0.013032 0.0106974 
600.11 50.0007 14.1428 0 1 700 1 1.39979 0.503 -0.0472898 -0.0454592 
600.11 50.0042 14.1427 0 1 700 1 1.39979 0.503 0.0377585 -0.00542222 
600.11 50.0029 14.1427 0 1 700 1 1.39979 0.503 0.00759091 -0.0131439 
600.11 50.0022 14.1428 0 1 700 1 1.39979 0.503 -0.00836467 0.160649 
600.11 50.0065 14.1426 0 1 700 1 1.39979 0.503 0.0856204 -0.0452316 
600.11 50.0021 14.1428 0 1 700 1 1.39979 0.503 -0.0107873 0.00100433 
600.11 50.0037 14.1427 0 1 700 1 1.39979 0.503 0.0273047 -0.00627347 
600.11 50.0021 14.1428 0 1 700 1 1.39979 0.503 -0.0111229 -0.014966 
600.11 50.0048 14.1427 0 1 700 1 1.39979 0.503 0.0506714 -0.0340458 
600.11 50.0009 14.1428 0 1 700 1 1.39979 0.503 -0.0428892 0.131824 
600.11 50.0021 14.1428 0 1 700 1 1.39979 0.503 -0.011988 -0.00843161 
600.11 50.0024 14.1428 0 1 700 1 1.39979 0.503 -0.00489409 -0.0184772 
600.11 50.0016 14.1428 0 1 700 1 1.39979 0.503 -0.0231939 0.0201417 
600.11 50.0027 14.1427 0 1 700 1 1.39979 0.503 0.00182971 6.37286e-05 
600.11 50.0019 14.1428 0 1 700 1 1.39979 0.503 -0.0156599 0.0615655 
600.11 50.0025 14.1428 0 1 700 1 1.39979 0.503 -0.000934211 0.0535046 
600.11 50.0017 14.1428 0 1 700 1 1.39979 0.503 -0.0227096 0.0069755 
600.11 50.0034 14.1427 0 1 700 1 1.39979 0.503 0.0203758 0.0507331 
600.11 50.0056 14.1426 0 1 700 1 1.39979 0.503 0.0701297 -0.161953 
600.11 50.0051 14.1426 0 1 700 1 1.39979 0.503 0.0580931 0.0238916 
600.11 50.0037 14.1427 0 1 700 1 1.39979 0.503 0.0262701 -0.0502619 
600.11 49.9973 14.143 0 1 700 1 1.39979 0.503 -0.137583 -0.0500105 
600.11 50.002 14.1428 0 1 700 1 1.39979 0.503 -0.014987 -0.0386325 
600.11 50.0027 14.1427 0 1 700 1 1.39979 0.503 0.00411344 -0.0196816 
600.11 50.0035 14.1427 0 1 700 1 1.39979 0.503 0.0223875 0.069739 
600.11 50.0006 14.1428 0 1 700 1 1.39979 0.503 -0.0498957 -0.0560755 
600.11 50.0042 14.1427 0 1 700 1 1.39979 0.503 0.0368064 0.0283756 
600.11 50.0054 14.1426 0 1 700 1 1.39979 0.503 0.0634689 -0.0197789 
600.11 50.0024 14.1428 0 1 700 1 1.39979 0.503 -0.00456451 -0.0770739 
600.11 49.9996 14.1429 0 1 700 1 1.39979 0.503 -0.0760313 -0.150314 
600.11 50.0031 14.1427 0 1 700 1 1.39979 0.503 0.0142664 -0.022163 
600.11 50.0072 14.1426 0 1 700 1 1.39979 0.503 0.0981178 -0.0712676 
600.11 50.0002 14.1428 0 1 700 1 1.39979 0.503 -0.0608249 -0.0102544 
600.11 50.0023 14.1428 0 1 700 1 1.39979 0.503 -0.00579163 -0.0250031 
600.11 50.0048 14.1427 0 1 700 1 1.39979 0.503 0.0535754 0.134521 
600.11 50.0009 14.1428 0 1 700 1 1.39979 0.503 -0.0434432 -0.0876297 
600.11 50.0011 14.1428 0 1 700 1 1.39979 0.503 -0.0373401 -0.00866522 
600.11 50.0016 14.1428 0 1 700 1 1.39979 0.503 -0.0238761 0.0619015 
600.11 50.0027 14.1427 0 1 700 1 1.39979 0.503 0.00243424 -0.012496 
600.11 50.0018 14.1428 0 1 700 1 1.39979 0.503 -0.0198371 -0.0488259 
600.11 49.9995 14.1429 0 1 700 1 1.39979 0.503 -0.0797607 0.0356005 
600.11 50.0002 14.1428 0 1 700 1 1.39979 0.503 -0.060629 -0.00624251 
600.11 49.9984 14.1429 0 1 700 1 1.39979 0.503 -0.10788 -0.00299534 
600.11 50.0091 14.1425 0 1 700 1 1.39979 0.503 0.130526 0.114107 
600.11 50.0021 14.1428 0 1 700 1 1.39979 0.503 -0.0122365 0.0392583 
600.11 50.0024 14.1428 0 1 700 1 1.39979 0.503 -0.00369098 0.0638822 
600.11 50.002 14.1428 0 1 700 1 1.39979 0.503 -0.0149186 -0.0678441 
600.11 50.0045 14.1427 0 1 700 1 1.39979 0.503 0.0438202 0.00231106 
600.11 50.0006 14.1428 0 1 700 1 1.39979 0.503 -0.0492375 -0.0539109 
600.11 50.0055 14.1426 0 1 700 1 1.39979 0.503 0.0660542 0.055607 
600.11 50.0026 14.1428 0 1 700 1 1.39979 0.503 0.000983909 -0.0230486 
600.11 50.0036 14.1427 0 1 700 1 1.39979 0.503 0.0256791 0.0931582 
600.11 50.0041 14.1427 0 1 700 1 1.39979 0.503 0.0356245 0.00805295 
600.11 49.9997 14.1429 0 1 700 1 1.39979 0.503 -0.0752339 -0.027116 
600.11 49.9977 14.1429 0 1 700 1 1.39979 0.503 -0.12716 -0.129162 
600.11 50.0065 14.1426 0 1 700 1 1.39979 0.503 0.0853227 -0.0192516 
600.11 50.0016 14.1428 0 1 700 1 1.39979 0.503 -0.0242609 -0.0228217 
600.11 50.0073 14.1426 0 1 700 1 1.39979 0.503 0.102157 -0.130709 
600.11 50.0037 14.1427 0 1 700 1 1.39979 0.503 0.0270983 -0.0146244 
600.11 50.0047 14.1427 0 1 700 1 1.39979 0.503 0.048211 -0.0302092 
600.11 50.002 14.1428 0 1 700 1 1.39979 0.503 -0.0136573 0.00248331 
600.11 50.0009 14.1428 0 1 700 1 1.39979 0.503 -0.0411165 -0.0171539 
600.11 50.0016 14.1428 0 1 700 1 1.39979 0.503 -0.0233395 -0.0331607 
600.11 50.0097 14.1425 0 1 700 1 1.39979 0.503 0.137811 0.0406303 
600.11 50.0037 14.1427 0 1 700 1 1.39979 0.503 0.0278749 0.0210292 
600.11 50.0041 14.1427 0 1 700 1 1.39979 0.503 0.0348942 0.00237206 
600.11 50.0028 14.1427 0 1 700 1 1.39979 0.503 0.0047739 0.00472245 
600.11 49.9999 14.1429 0 1 700 1 1.39979 0.503 -0.0679918 0.118512 
600.11 50.0014 14.1428 0 1 700 1 1.39979 0.503 -0.0286758 -0.0539585 
600.11 50.0016 14.1428 0 1 700 1 1.39979 0.503 -0.023117 0.0251449 
600.11 50.0046 14.1427 0 1 700 1 1.39979 0.503 0.046891 0.110191 
600.11 50.0001 14.1429 0 1 700 1 1.39979 0.503 -0.0633042 -0.0329719 
600.11 50.0008 14.1428 0 1 700 1 1.39979 0.503 -0.0452698 -0.0855463 
600.11 50.0042 14.1427 0 1 700 1 1.39979 0.503 0.0385782 -0.0579958 
600.11 50.0064 14.1426 0 1 700 1 1.39979 0.503 0.0824133 0.0235225 
600.11 50.0023 14.1428 0 1 700 1 1.39979 0.503 -0.00714554 -0.0132281 
600.11 50.0154 14.1422 0 1 700 1 1.39979 0.503 0.209456 -0.0239044 
600.11 50.0007 14.1428 0 1 700 1 1.39979 0.503 -0.0466657 0.0573907 
600.11 50.0045 14.1427 0 1 700 1 1.39979 0.503 0.0458803 0.0330905 
600.11 50.0049 14.1427 0 1 700 1 1.39979 0.503 0.0536743 -0.0756737 
600.11 50 14.1429 0 1 700 1 1.39979 0.503 -0.0660941 -0.000849535 
600.11 50.0036 14.1427 0 1 700 1 1.39979 0.503 0.0240689 -0.0149755 
600.11 50.0028 14.1427 0 1 700 1 1.39979 0.503 0.00552432 -0.0767066 
600.11 50.0034 14.1427 0 1 700 1 1.39979 0.503 0.0210691 0.0157029 
600.11 50.0011 14.1428 0 1 700 1 1.39979 0.503 -0.036658 -0.0474714 
600.11 50.0066 14.1426 0 1 700 1 1.39979 0.503 0.0869462 -0.0638039 
600.11 50.0015 14.1428 0 1 700 1 1.39979 0.503 -0.0271566 0.121543 
600.11 50.0001 14.1429 0 1 700 1 1.39979 0.503 -0.0648156 0.039882 
600.11 50.0016 14.1428 0 1 700 1 1.39979 0.503 -0.023543 0.0283225 
600.11 49.9992 14.1429 0 1 700 1 1.39979 0.503 -0.0865095 0.0455312 
600.11 50.002 14.1428 0 1 700 1 1.39979 0.503 -0.0120837 -0.148487 
600.11 50.0009 14.1428 0 1 700 1 1.39979 0.503 -0.0425725 -0.147313 
600.11 50.002 14.1428 0 1 700 1 1.39979 0.503 -0.0139223 -0.0403446 
600.11 50.0031 14.1427 0 1 700 1 1.39979 0.503 0.0133491 -0.0281101 
600.11 50.0046 14.1427 0 1 700 1 1.39979 0.503 0.0470702 0.05257 
600.11 50.008 14.1425 0 1 700 1 1.39979 0.503 0.112438 0.0402295 
600.11 50.0044 14.1427 0 1 700 1 1.39979 0.503 0.0424415 -0.0406403 
600.11 50.0001 14.1429 0 1 700 1 1.39979 0.503 -0.0632202 -0.0216242 
600.11 50.0071 14.1426 0 1 700 1 1.39979 0.503 0.0958716 0.0536747 
600.11 50.0049 14.1427 0 1 700 1 1.39979 0.503 0.0538393 0.0651799 
600.11 50.0041 14.1427 0 1 700 1 1.39979 0.503 0.0382689 -0.132561 
600.11 50.0028 14.1427 0 1 700 1 1.39979 0.503 0.00710861 0.100691 
600.11 50.0093 14.1425 0 1 700 1 1.39979 0.503 0.131708 -0.0113095 
600.11 50.006 14.1426 0 1 700 1 1.39979 0.503 0.0744053 -0.0156151 
600.11 50.0038 14.1427 0 1 700 1 1.39979 0.503 0.0309122 -0.0981226 
600.11 50.0179 14.1421 0 1 700 1 1.39979 0.503 0.234568 -0.016756 
600.11 50.0059 14.1426 0 1 700 1 1.39979 0.503 0.0734003 0.026999 
600.11 50.0024 14.1428 0 1 700 1 1.39979 0.503 -0.00399772 0.0306325 
600.11 50.0015 14.1428 0 1 700 1 1.39979 0.503 -0.0260519 0.0782 
600.11 50.0029 14.1427 0 1 700 1 1.39979 0.503 0.00864112 0.0556943 
600.11 50.0071 14.1426 0 1 700 1 1.39979 0.503 0.0960766 0.00102842 
600.11 50.0049 14.1427 0 1 700 1 1.39979 0.503 0.0543678 0.12959 
600.11 50.0051 14.1427 0 1 700 1 1.39979 0.503 0.0594537 0.162847 
600.11 49.9996 14.1429 0 1 700 1 1.39979 0.503 -0.0756858 0.000319992 
600.11 50.0037 14.1427 0 1 700 1 1.39979 0.503 0.0260218 0.0195844 
600.11 49.9997 14.1429 0 1 700 1 1.39979 0.503 -0.0749393 0.0122504 
600.11 50.0012 14.1428 0 1 700 1 1.39979 0.503 -0.0335295 0.0377482 
600.11 49.9971 14.143 0 1 700 1 1.39979 0.503 -0.142855 -0.0646573 
600.11 50.0043 14.1427 0 1 700 1 1.39979 0.503 0.0405113 0.04401 
600.11 50.0047 14.1427 0 1 700 1 1.39979 0.503 0.0491631 0.0831985 
600.11 50.0039 14.1427 0 1 700 1 1.39979 0.503 0.0323564 -0.0674742 
600.11 50.0035 14.1427 0 1 700 1 1.39979 0.503 0.021963 0.061724 
600.11 50.0031 14.1427 0 1 700 1 1.39979 0.503 0.0129875 0.0129183 
600.11 50.0047 14.1427 0 1 700 1 1.39979 0.503 0.0493749 0.0606749 
600.11 50.0023 14.1428 0 1 700 1 1.39979 0.503 -0.00573271 -0.0429746 
600.11 50.0077 14.1425 0 1 700 1 1.39979 0.503 0.107193 -0.0264052 
600.11 49.9996 14.1429 0 1 700 1 1.39979 0.503 -0.0778509 0.0326505 
600.11 50.0041 14.1427 0 1 700 1 1.39979 0.503 0.0359143 -0.0154283 
600.11 50.0039 14.1427 0 1 700 1 1.39979 0.503 0.0304931 0.0252205 
600.11 50.0052 14.1426 0 1 700 1 1.39979 0.503 0.0589775 0.0758603 
600.11 50.0102 14.1424 0 1 700 1 1.39979 0.503 0.147566 0.100406 
600.11 50.0058 14.1426 0 1 700 1 1.39979 0.503 0.0705169 0.0109547 
600.11 50.0026 14.1428 0 1 700 1 1.39979 0.503 0.000104803 -0.0355858 
600.11 50.0032 14.1427 0 1 700 1 1.39979 0.503 0.0154006 -0.019372 
600.11 50.0016 14.1428 0 1 700 1 1.39979 0.503 -0.0240114 -0.0421613 
600.11 50.0014 14.1428 0 1 700 1 1.39979 0.503 -0.0290584 -0.00174076 
600.11 50.0008 14.1428 0 1 700 1 1.39979 0.503 -0.0452889 -0.00411216 
600.11 50.0023 14.1428 0 1 700 1 1.39979 0.503 -0.00505428 0.0866168 
600.11 50.0002 14.1428 0 1 700 1 1.39979 0.503 -0.060027 -0.00714431 
600.11 50.0028 14.1427 0 1 700 1 1.39979 0.503 0.00519877 -0.0851884 
600.11 50.0016 14.1428 0 1 700 1 1.39979 0.503 -0.0244316 0.0649395 
600.11 50.0005 14.1428 0 1 700 1 1.39979 0.503 -0.053785 -0.0357503 
600.11 49.9984 14.1429 0 1 700 1 1.39979 0.503 -0.10808 0.0305836 
600.11 49.999 14.1429 0 1 700 1 1.39979 0.503 -0.0921115 0.117065 
600.11 50.0039 14.1427 0 1 700 1 1.39979 0.503 0.0303823 0.0624002 
600.11 50.0025 14.1428 0 1 700 1 1.39979 0.503 -0.00264382 0.0235117 
600.11 50.0028 14.1427 0 1 700 1 1.39979 0.503 0.00592289 0.0448162 
600.11 50.003 14.1427 0 1 700 1 1.39979 0.503 0.00991893 -0.0218152 
600.11 50.0008 14.1428 0 1 700 1 1.39979 0.503 -0.044801 0.0377306 
600.11 50.0041 14.1427 0 1 700 1 1.39979 0.503 0.037044 0.00460392 
600.11 50.0061 14.1426 0 1 700 1 1.39979 0.503 0.0774108 -0.0387578 
600.11 50.0002 14.1428 0 1 700 1 1.39979 0.503 -0.0611154 -0.0922898 
600.11 50.0085 14.1425 0 1 700 1 1.39979 0.503 0.125773 -0.200087 
600.11 50.0042 14.1427 0 1 700 1 1.39979 0.503 0.0381087 -0.114342 
600.11 50.0049 14.1427 0 1 700 1 1.39979 0.503 0.0526069 -0.0300112 
600.11 50.004 14.1427 0 1 700 1 1.39979 0.503 0.033636 -0.0535072 
600.11 50.0038 14.1427 0 1 700 1 1.39979 0.503 0.0290395 -0.0803344 
600.11 50.0049 14.1427 0 1 700 1 1.39979 0.503 0.0527183 -0.0177517 
600.11 50.0103 14.1424 0 1 700 1 1.39979 0.503 0.147055 0.0394375 
600.11 50.0043 14.1427 0 1 700 1 1.39979 0.503 0.0412045 0.0220433 
600.11 50.0044 14.1427 0 1 700 1 1.39979 0.503 0.0416623 -0.0334764 
600.11 49.9955 14.143 0 1 700 1 1.39979 0.503 -0.182089 0.148345 
600.11 50.0011 14.1428 0 1 700 1 1.39979 0.503 -0.0368508 0.0840831 
600.11 50.0025 14.1428 0 1 700 1 1.39979 0.503 -0.00181823 -0.0600862 
600.11 50.0023 14.1428 0 1 700 1 1.39979 0.503 -0.0067214 -0.0477413 
600.11 50.004 14.1427 0 1 700 1 1.39979 0.503 0.0343177 0.0135029 
600.11 50.0051 14.1427 0 1 700 1 1.39979 0.503 0.0577967 0.0835006 
600.11 50.0027 14.1427 0 1 700 1 1.39979 0.503 0.00414609 0.056216 
600.11 50.002 14.1428 0 1 700 1 1.39979 0.503 -0.014042 0.0406809 
600.11 50.0091 14.1425 0 1 700 1 1.39979 0.503 0.129079 0.0475234 
600.11 50.0022 14.1428 0 1 700 1 1.39979 0.503 -0.00753969 -0.0758071 
600.11 50.0027 14.1427 0 1 700 1 1.39979 0.503 0.00606646 -0.213383 
600.11 50.0017 14.1428 0 1 700 1 1.39979 0.503 -0.0219397 -0.0213536 
600.11 50.003 14.1427 0 1 700 1 1.39979 0.503 0.0101767 -0.0724726 
600.11 50.0009 14.1428 0 1 700 1 1.39979 0.503 -0.0416407 0.0812375 
600.11 50.0045 14.1427 0 1 700 1 1.39979 0.503 0.0463735 0.0920557 
600.11 50.0095 14.1425 0 1 700 1 1.39979 0.503 0.134869 0.0168248 
600.11 50.0064 14.1426 0 1 700 1 1.39979 0.503 0.084612 -0.121492 
600.11 49.9999 14.1429 0 1 700 1 1.39979 0.503 -0.0686511 -0.023039 
600.11 50.0106 14.1424 0 1 700 1 1.39979 0.503 0.151437 0.0289448 
600.11 50.0022 14.1428 0 1 700 1 1.39979 0.503 -0.0081326 0.087598 
600.11 50.0031 14.1427 0 1 700 1 1.39979 0.503 0.0125054 0.0332667 
600.11 50.0028 14.1427 0 1 700 1 1.39979 0.503 0.00585911 -0.0742313 
600.11 49.9993 14.1429 0 1 700 1 1.39979 0.503 -0.0848271 0.00873417 
600.11 49.9994 14.1429 0 1 700 1 1.39979 0.503 -0.0835894 -0.0768966 
600.11 49.9986 14.1429 0 1 700 1 1.39979 0.503 -0.104246 0.124183 
600.11 50.0035 14.1427 0 1 700 1 1.39979 0.503 0.0224874 0.0316575 
600.11 50.0087 14.1425 0 1 700 1 1.39979 0.503 0.122714 0.0788651 
600.11 49.9984 14.1429 0 1 700 1 1.39979 0.503 -0.108375 0.0118273 
600.11 49.9991 14.1429 0 1 700 1 1.39979 0.503 -0.0913938 -0.00277687 
600.11 50.0077 14.1425 0 1 700 1 1.39979 0.503 0.105978 -0.0184848 
600.11 50.0014 14.1428 0 1 700 1 1.39979 0.503 -0.0304225 0.0272982 
600.11 50.0023 14.1428 0 1 700 1 1.39979 0.503 -0.00747945 0.0265366 
600.11 50.004 14.1427 0 1 700 1 1.39979 0.503 0.0328515 0.0521647 
600.11 50.0054 14.1426 0 1 700 1 1.39979 0.503 0.0644949 -0.0557079 
600.11 50.0022 14.1428 0 1 700 1 1.39979 0.503 -0.00957465 -0.043617 
600.11 50.002 14.1428 0 1 700 1 1.39979 0.503 -0.0149954 0.00166439 
600.11 50.0023 14.1428 0 1 700 1 1.39979 0.503 -0.00694068 0.0228618 
600.11 50.0019 14.1428 0 1 700 1 1.39979 0.503 -0.0164798 -0.000617565 
600.11 49.9984 14.1429 0 1 700 1 1.39979 0.503 -0.109752 0.0461069 
600.11 50.0038 14.1427 0 1 700 1 1.39979 0.503 0.0299791 -0.0341067 
600.11 50.0031 14.1427 0 1 700 1 1.39979 0.503 0.0122956 -0.0510441 
600.11 50.0018 14.1428 0 1 700 1 1.39979 0.503 -0.0192593 0.026897 
600.11 50.0064 14.1426 0 1 700 1 1.39979 0.503 0.0857601 0.123504 
600.11 50.0017 14.1428 0 1 700 1 1.39979 0.503 -0.0206452 0.0716464 
600.11 50.0046 14.1427 0 1 700 1 1.39979 0.503 0.0478301 0.0901822 
600.11 50.0039 14.1427 0 1 700 1 1.39979 0.503 0.0320113 0.0399648 
600.11 50.0028 14.1427 0 1 700 1 1.39979 0.503 0.00655568 0.0345627 
600.11 50.0025 14.1428 0 1 700 1 1.39979 0.503 -0.00214393 -0.0470752 
600.11 50.0033 14.1427 0 1 700 1 1.39979 0.503 0.0170375 -0.0148812 
600.11 50.0016 14.1428 0 1 700 1 1.39979 0.503 -0.0252224 0.0328345 
600.11 50.0052 14.1426 0 1 700 1 1.39979 0.503 0.0597969 0.0496634 
600.11 50.0007 14.1428 0 1 700 1 1.39979 0.503 -0.0470671 0.0134717 
600.11 50.0026 14.1428 0 1 700 1 1.39979 0.503 0.00205317 -0.0290686 
600.11 50.0006 14.1428 0 1 700 1 1.39979 0.503 -0.0503918 -0.0225002 
600.11 50.0024 14.1428 0 1 700 1 1.39979 0.503 -0.00399117 -0.0144133 
600.11 50.0035 14.1427 0 1 700 1 1.39979 0.503 0.0231059 -0.0180741 
600.11 50.0044 14.1427 0 1 700 1 1.39979 0.503 0.0428459 -0.0364724 
600.11 50.0004 14.1428 0 1 700 1 1.39979 0.503 -0.0565996 -0.145036 
600.11 49.9997 14.1429 0 1 700 1 1.39979 0.503 -0.074491 0.00598822 
600.11 50.0034 14.1427 0 1 700 1 1.39979 0.503 0.0207172 0.121341 
600.11 50.0052 14.1426 0 1 700 1 1.39979 0.503 0.0624565 0.133869 
600.11 50.0047 14.1427 0 1 700 1 1.39979 0.503 0.0491423 0.0413446 
600.11 50.0008 14.1428 0 1 700 1 1.39979 0.503 -0.0448551 0.0323103 
600.11 50.0034 14.1427 0 1 700 1 1.39979 0.503 0.0200093 -0.0215475 
600.11 50.0056 14.1426 0 1 700 1 1.39979 0.503 0.0691135 0.0859497 
600.11 49.9977 14.143 0 1 700 1 1.39979 0.503 -0.128122 -0.0346422 
600.11 50.0086 14.1425 0 1 700 1 1.39979 0.503 0.122384 0.0623632 
600.11 50.003 14.1427 0 1 700 1 1.39979 0.503 0.00935736 0.0379856 
600.11 50.0009 14.1428 0 1 700 1 1.39979 0.503 -0.043078 -0.0261448 
600.11 50.0007 14.1428 0 1 700 1 1.39979 0.503 -0.0475689 -0.0921036 
600.11 50.0027 14.1427 0 1 700 1 1.39979 0.503 0.00457236 0.0965589 
600.11 50.0038 14.1427 0 1 700 1 1.39979 0.503 0.030136 -0.00130496 
600.11 49.9984 14.1429 0 1 700 1 1.39979 0.503 -0.108348 0.0140006 
600.11 50.0049 14.1427 0 1 700 1 1.39979 0.503 0.0535783 0.0255347 
600.11 50.0013 14.1428 0 1 700 1 1.39979 0.503 -0.0317978 -0.0131913 
600.11 49.9989 14.1429 0 1 700 1 1.39979 0.503 -0.0961042 0.0538705 
600.11 50.0046 14.1427 0 1 700 1 1.39979 0.503 0.0463616 -0.02149 
600.11 50.0013 14.1428 0 1 700 1 1.39979 0.503 -0.0314371 0.0439365 
600.11 49.9995 14.1429 0 1 700 1 1.39979 0.503 -0.0787173 0.073092 
600.11 50.0033 14.1427 0 1 700 1 1.39979 0.503 0.0167956 0.0500215 
600.11 50.001 14.1428 0 1 700 1 1.39979 0.503 -0.0389329 -0.0396449 
600.11 50.0026 14.1428 0 1 700 1 1.39979 0.503 8.82397e-05 -0.0520927 
600.11 50.0005 14.1428 0 1 700 1 1.39979 0.503 -0.0532377 0.0977959 
600.11 49.9989 14.1429 0 1 700 1 1.39979 0.503 -0.0949984 -0.0242131 
600.11 49.9967 14.143 0 1 700 1 1.39979 0.503 -0.150787 0.0232387 
600.11 49.9998 14.1429 0 1 700 1 1.39979 0.503 -0.0706611 0.103582 
600.11 50.0002 14.1428 0 1 700 1 1.39979 0.503 -0.0603162 0.0925444 
600.11 50.0048 14.1427 0 1 700 1 1.39979 0.503 0.0512947 0.0336941 
600.11 50.0021 14.1428 0 1 700 1 1.39979 0.503 -0.0103427 -0.0565146 
600.11 50.0004 14.1428 0 1 700 1 1.39979 0.503 -0.0559349 0.00322821 
600.11 50.0018 14.1428 0 1 700 1 1.39979 0.503 -0.0182651 0.041634 
600.11 49.9971 14.143 0 1 700 1 1.39979 0.503 -0.14092 0.0143889 
600.11 50.0032 14.1427 0 1 700 1 1.39979 0.503 0.0145541 0.0148718 
600.11 50.0044 14.1427 0 1 700 1 1.39979 0.503 0.044321 0.10829 
600.11 50.0029 14.1427 0 1 700 1 1.39979 0.503 0.00840198 -0.000633903 
600.11 49.9992 14.1429 0 1 700 1 1.39979 0.503 -0.0865415 0.0213444 
600.11 50.0039 14.1427 0 1 700 1 1.39979 0.503 0.0323796 -0.0463134 
600.11 50.0044 14.1427 0 1 700 1 1.39979 0.503 0.0430931 -0.0319551 
600.11 50.0011 14.1428 0 1 700 1 1.39979 0.503 -0.036397 -0.0917297 
600.11 50.0092 14.1425 0 1 700 1 1.39979 0.503 0.13365 -0.147154 
600.11 50.0046 14.1427 0 1 700 1 1.39979 0.503 0.0485327 0.078404 
600.11 49.9994 14.1429 0 1 700 1 1.39979 0.503 -0.0830035 0.0507035 
600.11 50.0103 14.1424 0 1 700 1 1.39979 0.503 0.147375 -0.0196573 
600.11 50.0034 14.1427 0 1 700 1 1.39979 0.503 0.0204953 0.074133 
600.11 50.0002 14.1428 0 1 700 1 1.39979 0.503 -0.0607139 0.0189753 
600.11 50.0036 14.1427 0 1 700 1 1.39979 0.503 0.0257498 0.0854411 
600.11 49.9995 14.1429 0 1 700 1 1.39979 0.503 -0.0805774 -0.0381266 
600.11 50.008 14.1425 0 1 700 1 1.39979 0.503 0.111866 -0.00801324 
600.11 50.0062 14.1426 0 1 700 1 1.39979 0.503 0.0798584 -0.0194952 
600.11 50.0078 14.1425 0 1 700 1 1.39979 0.503 0.108316 0.0628549 
600.11 50.0037 14.1427 0 1 700 1 1.39979 0.503 0.0265464 0.0191448 
600.11 50.0028 14.1427 0 1 700 1 1.39979 0.503 0.00619922 -0.0925251 
600.11 50.006 14.1426 0 1 700 1 1.39979 0.503 0.0753585 -0.0252809 
600.11 50.0037 14.1427 0 1 700 1 1.39979 0.503 0.0270979 0.0175312 
600.11 50.0039 14.1427 0 1 700 1 1.39979 0.503 0.0318709 0.0449898 
600.11 50.0006 14.1428 0 1 700 1 1.39979 0.503 -0.0497034 0.0902117 
600.11 50.0016 14.1428 0 1 700 1 1.39979 0.503 -0.0252152 -0.0296025 
600.11 50.0017 14.1428 0 1 700 1 1.39979 0.503 -0.0206375 0.0455206 
600.11 50.005 14.1427 0 1 700 1 1.39979 0.503 0.0554457 0.0262212 
600.11 50.0001 14.1429 0 1 700 1 1.39979 0.503 -0.0631881 0.00481886 
600.11 50.003 14.1427 0 1 700 1 1.39979 0.503 0.0112294 -0.0827388 
600.11 50.0029 14.1427 0 1 700 1 1.39979 0.503 0.008758 0.0311642 
600.11 49.9986 14.1429 0 1 700 1 1.39979 0.503 -0.103898 0.0512648 
600.11 49.9979 14.1429 0 1 700 1 1.39979 0.503 -0.120813 0.00117938 
600.11 50.0008 14.1428 0 1 700 1 1.39979 0.503 -0.0457251 -0.0246196 
600.11 50 14.1429 0 1 700 1 1.39979 0.503 -0.0656893 -0.0376749 
600.11 50.0069 14.1426 0 1 700 1 1.39979 0.503 0.0929095 0.0256759 
600.11 50.0042 14.1427 0 1 700 1 1.39979 0.503 0.0382242 0.00684723 
600.11 50.0052 14.1426 0 1 700 1 1.39979 0.503 0.0600639 -0.0361339 
600.11 50.0025 14.1428 0 1 700 1 1.39979 0.503 -0.00145836 -0.0147396 
600.11 49.9994 14.1429 0 1 700 1 1.39979 0.503 -0.081792 0.0281438 
600.11 50.0054 14.1426 0 1 700 1 1.39979 0.503 0.0631119 0.0446688 
600.11 50.0025 14.1428 0 1 700 1 1.39979 0.503 -0.00220523 -0.0572762 
600.11 50.0035 14.1427 0 1 700 1 1.39979 0.503 0.0228789 -0.0696591 
600.11 49.9986 14.1429 0 1 700 1 1.39979 0.503 -0.104824 0.118895 
600.11 50.001 14.1428 0 1 700 1 1.39979 0.503 -0.0389819 -0.011823 
600.11 50.0051 14.1427 0 1 700 1 1.39979 0.503 0.0568488 -0.0135587 
600.11 50.0015 14.1428 0 1 700 1 1.39979 0.503 -0.0272578 0.0378531 
600.11 50.0045 14.1427 0 1 700 1 1.39979 0.503 0.044969 0.0694267 
600.11 50.0061 14.1426 0 1 700 1 1.39979 0.503 0.0778782 0.103896 
600.11 50.0015 14.1428 0 1 700 1 1.39979 0.503 -0.027905 -0.0475572 
600.11 50.0021 14.1428 0 1 700 1 1.39979 0.503 -0.01144 -0.0346884 
600.11 49.9985 14.1429 0 1 700 1 1.39979 0.503 -0.1064 0.0222604 
600.11 50.007 14.1426 0 1 700 1 1.39979 0.503 0.0953492 -0.079369 
600.11 50.0006 14.1428 0 1 700 1 1.39979 0.503 -0.0514379 -0.0703812 
600.11 50.0071 14.1426 0 1 700 1 1.39979 0.503 0.0967751 -0.0181776 
600.11 50.0084 14.1425 0 1 700 1 1.39979 0.503 0.119157 -0.0830518 
600.11 50.0035 14.1427 0 1 700 1 1.39979 0.503 0.0221238 -0.0736225 
600.11 50.0025 14.1428 0 1 700 1 1.39979 0.503 -0.00254262 0.0169981 
600.11 50.0041 14.1427 0 1 700 1 1.39979 0.503 0.0364988 0.0545427 
600.11 50.0005 14.1428 0 1 700 1 1.39979 0.503 -0.0519876 -0.0129988 
600.11 50.0036 14.1427 0 1 700 1 1.39979 0.503 0.023536 0.0183026 
600.11 50.001 14.1428 0 1 700 1 1.39979 0.503 -0.0399116 0.00483837 
600.11 50.0018 14.1428 0 1 700 1 1.39979 0.503 -0.0184957 -0.0415874 
600.11 50.0027 14.1427 0 1 700 1 1.39979 0.503 0.00526075 0.12941 
600.11 50 14.1429 0 1 700 1 1.39979 0.503 -0.0665191 0.104663 
600.11 50.0067 14.1426 0 1 700 1 1.39979 0.503 0.0879737 0.0472914 
600.11 49.9966 14.143 0 1 700 1 1.39979 0.503 -0.154354 0.0304902 
600.11 49.9992 14.1429 0 1 700 1 1.39979 0.503 -0.0862756 0.0540986 
600.11 50.0074 14.1426 0 1 700 1 1.39979 0.503 0.100623 -0.0111373 
600.11 50.0058 14.1426 0 1 700 1 1.39979 0.503 0.0715626 0.0219175 
600.11 50.0036 14.1427 0 1 700 1 1.39979 0.503 0.0256561 0.0382055 
600.11 50.0044 14.1427 0 1 700 1 1.39979 0.503 0.0423891 -0.0804761 
600.11 50.0041 14.1427 0 1 700 1 1.39979 0.503 0.0369798 -0.0189945 
600.11 50.0021 14.1428 0 1 700 1 1.39979 0.503 -0.0103008 0.0781253 
600.11 50.0032 14.1427 0 1 700 1 1.39979 0.503 0.0168748 0.0772657 
600.11 50 14.1429 0 1 700 1 1.39979 0.503 -0.0665133 0.0820224 
600.11 50.0013 14.1428 0 1 700 1 1.39979 0.503 -0.0315298 -0.0277351 
600.11 50.0005 14.1428 0 1 700 1 1.39979 0.503 -0.0517454 0.0025856 
600.11 49.9991 14.1429 0 1 700 1 1.39979 0.503 -0.0898875 0.0478743 
600.11 50.0044 14.1427 0 1 700 1 1.39979 0.503 0.0432512 0.00843103 
600.11 50.0047 14.1427 0 1 700 1 1.39979 0.503 0.0489034 -0.0592334 
600.11 50.0014 14.1428 0 1 700 1 1.39979 0.503 -0.0297226 0.0279456 
600.11 50.0094 14.1425 0 1 700 1 1.39979 0.503 0.133918 -0.0359634 
600.11 50.0033 14.1427 0 1 700 1 1.39979 0.503 0.0197393 -0.163131 
600.11 50.0044 14.1427 0 1 700 1 1.39979 0.503 0.0416958 -0.0192491 
600.11 50.0031 14.1427 0 1 700 1 1.39979 0.503 0.01384 0.0207951 
600.11 50.0029 14.1427 0 1 700 1 1.39979 0.503 0.00846045 -0.00560325 
600.11 50.0042 14.1427 0 1 700 1 1.39979 0.503 0.038947 0.0470219 
600.11 49.9998 14.1429 0 1 700 1 1.39979 0.503 -0.0709548 0.0287574 
600.11 50 14.1429 0 1 700 1 1.39979 0.503 -0.0664 0.0333804 
600.11 49.9996 14.1429 0 1 700 1 1.39979 0.503 -0.0778126 0.0493588 
600.11 50.0028 14.1427 0 1 700 1 1.39979 0.503 0.00480646 0.0312884 
600.11 49.9968 14.143 0 1 700 1 1.39979 0.503 -0.149583 0.0784188 
600.11 49.9992 14.1429 0 1 700 1 1.39979 0.503 -0.0872151 0.0278496 
600.11 50.0004 14.1428 0 1 700 1 1.39979 0.503 -0.0554581 0.0258306 
600.11 50.0041 14.1427 0 1 700 1 1.39979 0.503 0.0352597 0.0266152 
600.11 50.0004 14.1428 0 1 700 1 1.39979 0.503 -0.0551512 -0.0104311 
600.11 50.0049 14.1427 0 1 700 1 1.39979 0.503 0.0547159 -0.0793953 
600.11 50.0012 14.1428 0 1 700 1 1.39979 0.503 -0.0347912 0.0179863 
600.11 50.0064 14.1426 0 1 700 1 1.39979 0.503 0.0837238 -0.0347847 
600.11 49.9983 14.1429 0 1 700 1 1.39979 0.503 -0.111642 0.0612188 
600.11 50.0038 14.1427 0 1 700 1 1.39979 0.503 0.0299058 0.108702 
600.11 50.0019 14.1428 0 1 700 1 1.39979 0.503 -0.0140632 -0.15989 
600.11 50.0027 14.1427 0 1 700 1 1.39979 0.503 0.0027261 0.0221583 
600.11 49.9998 14.1429 0 1 700 1 1.39979 0.503 -0.0720017 -0.0497392 
600.11 50.0042 14.1427 0 1 700 1 1.39979 0.503 0.0383788 -0.0546889 
600.11 50.0043 14.1427 0 1 700 1 1.39979 0.503 0.0399089 0.00474096 
600.11 50.0054 14.1426 0 1 700 1 1.39979 0.503 0.0633327 -0.0187583 
600.11 50.0007 14.1428 0 1 700 1 1.39979 0.503 -0.0470434 0.0545888 
600.11 50.0014 14.1428 0 1 700 1 1.39979 0.503 -0.0287763 0.0217999 
600.11 50.0035 14.1427 0 1 700 1 1.39979 0.503 0.0226839 -0.0299435 
600.11 50.0004 14.1428 0 1 700 1 1.39979 0.503 -0.0547408 0.0427393 
600.11 50.005 14.1427 0 1 700 1 1.39979 0.503 0.0584873 0.141338 
600.11 50.001 14.1428 0 1 700 1 1.39979 0.503 -0.0409192 -0.0771661 
600.11 50.0042 14.1427 0 1 700 1 1.39979 0.503 0.0393981 -0.0265265 
600.11 50.0052 14.1426 0 1 700 1 1.39979 0.503 0.0595741 0.00474746 
600.11 50.0024 14.1428 0 1 700 1 1.39979 0.503 -0.00503224 0.0721684 
600.11 50.0038 14.1427 0 1 700 1 1.39979 0.503 0.0295448 -0.0270531 
600.11 50.0041 14.1427 0 1 700 1 1.39979 0.503 0.0348368 -0.000994844 
600.11 50.0027 14.1427 0 1 700 1 1.39979 0.503 0.00256198 0.0202417 
600.11 50.0044 14.1427 0 1 700 1 1.39979 0.503 0.0422067 0.0344884 
600.11 49.9978 14.1429 0 1 700 1 1.39979 0.503 -0.123647 0.00767088 
600.11 50.001 14.1428 0 1 700 1 1.39979 0.503 -0.0387327 -0.0684586 
600.11 50.0026 14.1428 0 1 700 1 1.39979 0.503 0.00157265 0.000505814 
600.11 50.0004 14.1428 0 1 700 1 1.39979 0.503 -0.0553295 0.0654526 
600.11 50.0009 14.1428 0 1 700 1 1.39979 0.503 -0.0434956 -0.0279435 
600.11 50.0016 14.1428 0 1 700 1 1.39979 0.503 -0.022789 -0.0656843 
600.11 50.0023 14.1428 0 1 700 1 1.39979 0.503 -0.00783959 -0.0193582 
600.11 50.0023 14.1428 0 1 700 1 1.39979 0.503 -0.00683987 0.0533507 
600.11 50.0023 14.1428 0 1 700 1 1.39979 0.503 -0.00537744 -0.0437527 
600.11 49.9995 14.1429 0 1 700 1 1.39979 0.503 -0.0799026 7.51836e-05 
600.11 49.9994 14.1429 0 1 700 1 1.39979 0.503 -0.0815959 0.101584 
600.11 50.0051 14.1427 0 1 700 1 1.39979 0.503 0.0562698 -0.0174651 
600.11 50.0089 14.1425 0 1 700 1 1.39979 0.503 0.1264 0.00983883 
600.11 50.0023 14.1428 0 1 700 1 1.39979 0.503 -0.00506153 0.0488597 
600.11 50.0027 14.1427 0 1 700 1 1.39979 0.503 0.00412311 0.00992548 
600.11 50.0008 14.1428 0 1 700 1 1.39979 0.503 -0.046452 -0.0684163 
600.11 50.0048 14.1427 0 1 700 1 1.39979 0.503 0.0515469 0.0505223 
600.11 50.0037 14.1427 0 1 700 1 1.39979 0.503 0.0272855 -0.0607825 
600.11 50.006 14.1426 0 1 700 1 1.39979 0.503 0.0750941 0.0777208 
600.11 49.998 14.1429 0 1 700 1 1.39979 0.503 -0.119839 -0.0861785 
600.11 49.9986 14.1429 0 1 700 1 1.39979 0.503 -0.102476 0.0670373 
600.11 49.9999 14.1429 0 1 700 1 1.39979 0.503 -0.0680514 -0.0167791 
600.11 50.0016 14.1428 0 1 700 1 1.39979 0.503 -0.023802 -0.126571 
600.11 50.0015 14.1428 0 1 700 1 1.39979 0.503 -0.0263213 -0.0465892 
600.11 50.0067 14.1426 0 1 700 1 1.39979 0.503 0.0896866 -0.051198 
600.11 49.9994 14.1429 0 1 700 1 1.39979 0.503 -0.080896 -0.0434205 
600.11 50.0046 14.1427 0 1 700 1 1.39979 0.503 0.0480283 -0.086635 
600.11 50.006 14.1426 0 1 700 1 1.39979 0.503 0.077043 0.131051 
600.11 50.0022 14.1428 0 1 700 1 1.39979 0.503 -0.00852771 -0.0485319 
600.11 50.0057 14.1426 0 1 700 1 1.39979 0.503 0.0699434 0.0816498 
600.11 50.006 14.1426 0 1 700 1 1.39979 0.503 0.0758812 -0.00108388 
600.11 49.9983 14.1429 0 1 700 1 1.39979 0.503 -0.110876 0.0172653 
600.11 50.0049 14.1427 0 1 700 1 1.39979 0.503 0.052353 -0.0541407 
600.11 50.0036 14.1427 0 1 700 1 1.39979 0.503 0.0244362 0.000507341 
600.11 50.0039 14.1427 0 1 700 1 1.39979 0.503 0.0312082 -0.0545677 
600.11 50.002 14.1428 0 1 700 1 1.39979 0.503 -0.0137098 0.0175829 
600.11 50.0048 14.1427 0 1 700 1 1.39979 0.503 0.0508472 -0.0488806 
600.11 50.0009 14.1428 0 1 700 1 1.39979 0.503 -0.041664 0.0833699 
600.11 50.0051 14.1427 0 1 700 1 1.39979 0.503 0.0567226 0.0378899 
600.11 50.0036 14.1427 0 1 700 1 1.39979 0.503 0.0253614 0.10547 
600.11 49.9984 14.1429 0 1 700 1 1.39979 0.503 -0.109585 -0.0501486 
600.11 50.0034 14.1427 0 1 700 1 1.39979 0.503 0.0192113 -0.0377681 
600.11 50.0008 14.1428 0 1 700 1 1.39979 0.503 -0.0456174 0.0536018 
600.11 50.0001 14.1429 0 1 700 1 1.39979 0.503 -0.0626207 0.0504302 
600.11 50.0023 14.1428 0 1 700 1 1.39979 0.503 -0.00602458 -1.45378e-05 
600.11 50.0005 14.1428 0 1 700 1 1.39979 0.503 -0.0536807 0.0318655 
600.11 49.9999 14.1429 0 1 700 1 1.39979 0.503 -0.0679206 -0.142954 
600.11 50.0039 14.1427 0 1 700 1 1.39979 0.503 0.0334371 0.111985 
600.11 50.0026 14.1428 0 1 700 1 1.39979 0.503 0.00119649 0.0359686 
600.11 50.0013 14.1428 0 1 700 1 1.39979 0.503 -0.0321796 -0.0522785 
600.11 49.999 14.1429 0 1 700 1 1.39979 0.503 -0.0933695 0.0433646 
600.11 50.004 14.1427 0 1 700 1 1.39979 0.503 0.0347618 0.110971 
600.11 50.0022 14.1428 0 1 700 1 1.39979 0.503 -0.00970366 0.0536119 
600.11 50.0026 14.1428 0 1 700 1 1.39979 0.503 0.00340608 0.154814 
600.11 50.0083 14.1425 0 1 700 1 1.39979 0.503 0.115959 -0.0317073 
600.11 50.005 14.1427 0 1 700 1 1.39979 0.503 0.0560649 0.0584901 
600.11 50.0067 14.1426 0 1 700 1 1.39979 0.503 0.0891148 0.0174657 
600.11 50.0022 14.1428 0 1 700 1 1.39979 0.503 -0.0104505 0.00416556 
600.11 49.9987 14.1429 0 1 700 1 1.39979 0.503 -0.102104 0.00418787 
600.11 50.0044 14.1427 0 1 700 1 1.39979 0.503 0.0436475 -0.0856123 
600.11 49.9991 14.1429 0 1 700 1 1.39979 0.503 -0.0910123 -0.089115 
600.11 50.003 14.1427 0 1 700 1 1.39979 0.503 0.0107617 0.0837181 
600.11 50.0028 14.1427 0 1 700 1 1.39979 0.503 0.00620122 -0.0105929 
600.11 49.9991 14.1429 0 1 700 1 1.39979 0.503 -0.0906609 0.0580103 
600.11 50.006 14.1426 0 1 700 1 1.39979 0.503 0.0760834 -0.0449312 
600.11 50.0024 14.1428 0 1 700 1 1.39979 0.503 -0.00351141 -0.113683 
600.11 50.0087 14.1425 0 1 700 1 1.39979 0.503 0.123269 0.0430455 
600.11 50.0025 14.1428 0 1 700 1 1.39979 0.503 -0.000870782 0.0541339 
600.11 50.0014 14.1428 0 1 700 1 1.39979 0.503 -0.0279971 0.116369 
600.11 50.0096 14.1425 0 1 700 1 1.39979 0.503 0.138127 0.0714588 
600.11 50.0057 14.1426 0 1 700 1 1.39979 0.503 0.0695366 0.0038348 
600.11 50.0031 14.1427 0 1 700 1 1.39979 0.503 0.0133838 -0.00611477 
600.11 50.0034 14.1427 0 1 700 1 1.39979 0.503 0.0209511 -0.146601 
600.11 50.0098 14.1425 0 1 700 1 1.39979 0.503 0.139691 0.0134736 
600.11 50.0018 14.1428 0 1 700 1 1.39979 0.503 -0.018601 0.00943431 
600.11 50.0022 14.1428 0 1 700 1 1.39979 0.503 -0.00915821 -0.00882272 
600.11 50.004 14.1427 0 1 700 1 1.39979 0.503 0.0331753 -0.0281031 
600.11 49.999 14.1429 0 1 700 1 1.39979 0.503 -0.0937356 -0.0453697 
600.11 50.0028 14.1427 0 1 700 1 1.39979 0.503 0.00491246 -0.0169136 
600.11 50.0034 14.1427 0 1 700 1 1.39979 0.503 0.0192814 -0.0204823 
600.11 50.0038 14.1427 0 1 700 1 1.39979 0.503 0.0299005 0.034409 
600.11 50.0001 14.1429 0 1 700 1 1.39979 0.503 -0.0647502 -0.0468494 
600.11 50.0013 14.1428 0 1 700 1 1.39979 0.503 -0.0327331 -0.047757 
600.11 50.0082 14.1425 0 1 700 1 1.39979 0.503 0.114388 0.0168824 
600.11 50.0022 14.1428 0 1 700 1 1.39979 0.503 -0.00915595 0.129614 
600.11 49.9986 14.1429 0 1 700 1 1.39979 0.503 -0.102585 -0.120612 
600.11 50.0024 14.1428 0 1 700 1 1.39979 0.503 -0.00380035 -0.0664481 
600.11 49.9988 14.1429 0 1 700 1 1.39979 0.503 -0.0970084 0.0241528 
600.11 50.0106 14.1424 0 1 700 1 1.39979 0.503 0.151357 -0.0779414 
600.11 50.0022 14.1428 0 1 700 1 1.39979 0.503 -0.00790219 0.0527149 
600.11 50.0005 14.1428 0 1 700 1 1.39979 0.503 -0.0539679 -0.0215804 
600.11 50.0014 14.1428 0 1 700 1 1.39979 0.503 -0.0299089 -0.0224761 
600.11 50.0042 14.1427 0 1 700 1 1.39979 0.503 0.03841 0.0559031 
600.11 49.999 14.1429 0 1 700 1 1.39979 0.503 -0.0933784 -0.105691 
600.11 50.0018 14.1428 0 1 700 1 1.39979 0.503 -0.0181592 0.0460911 
600.11 49.9996 14.1429 0 1 700 1 1.39979 0.503 -0.0763926 0.00126474 
600.11 50.0055 14.1426 0 1 700 1 1.39979 0.503 0.0654513 -0.0365411 
600.11 50.0045 14.1427 0 1 700 1 1.39979 0.503 0.0475278 -0.135317 
600.11 50.0035 14.1427 0 1 700 1 1.39979 0.503 0.0226866 0.0488475 
600.11 50.0035 14.1427 0 1 700 1 1.39979 0.503 0.0227745 0.062746 
600.11 49.9985 14.1429 0 1 700 1 1.39979 0.503 -0.105176 -0.0261371 
600.11 50.0068 14.1426 0 1 700 1 1.39979 0.503 0.0903614 -0.0607338 
600.11 50.0005 14.1428 0 1 700 1 1.39979 0.503 -0.0520935 0.119103 
600.11 50.0007 14.1428 0 1 700 1 1.39979 0.503 -0.0486137 0.0170602 
600.11 50.0015 14.1428 0 1 700 1 1.39979 0.503 -0.0274478 -0.048703 
600.11 50.0055 14.1426 0 1 700 1 1.39979 0.503 0.0669817 0.0598422 
600.11 50.0079 14.1425 0 1 700 1 1.39979 0.503 0.110467 0.0274246 
600.11 50.001 14.1428 0 1 700 1 1.39979 0.503 -0.0396936 0.0476553 
600.11 50.0048 14.1427 0 1 700 1 1.39979 0.503 0.0503137 0.040334 
600.11 50.0016 14.1428 0 1 700 1 1.39979 0.503 -0.0235152 0.0276468 
600.11 50.0024 14.1428 0 1 700 1 1.39979 0.503 -0.00445659 -0.101525 
600.11 50.0032 14.1427 0 1 700 1 1.39979 0.503 0.0164634 0.0101823 
600.11 50.002 14.1428 0 1 700 1 1.39979 0.503 -0.013414 0.052501 
600.11 49.9998 14.1429 0 1 700 1 1.39979 0.503 -0.0715187 0.0171084 
600.11 49.9991 14.1429 0 1 700 1 1.39979 0.503 -0.0910745 -0.05677 
600.11 50.0017 14.1428 0 1 700 1 1.39979 0.503 -0.0212873 -0.022177 
600.11 50.0022 14.1428 0 1 700 1 1.39979 0.503 -0.00863841 -0.0398318 
600.11 50.0025 14.1428 0 1 700 1 1.39979 0.503 -0.0022778 -0.0371974 
600.11 50.0058 14.1426 0 1 700 1 1.39979 0.503 0.0715537 -0.0621746 
600.11 50.0025 14.1428 0 1 700 1 1.39979 0.503 -0.00144029 -0.121472 
600.11 50.0027 14.1428 0 1 700 1 1.39979 0.503 0.001941 -0.0052881 
600.11 50.0004 14.1428 0 1 700 1 1.39979 0.503 -0.0562515 0.0651327 
600.11 50.0026 14.1428 0 1 700 1 1.39979 0.503 0.000699807 0.0938833 
600.11 50.0038 14.1427 0 1 700 1 1.39979 0.503 0.0288743 0.0729275 
600.11 50.0065 14.1426 0 1 700 1 1.39979 0.503 0.0858138 0.0660785 
600.11 50.0027 14.1427 0 1 700 1 1.39979 0.503 0.00368611 -0.0711306 
600.11 50.0029 14.1427 0 1 700 1 1.39979 0.503 0.00840812 -0.0147625 
600.11 50.0017 14.1428 0 1 700 1 1.39979 0.503 -0.0210795 -0.00765778 
600.11 50.0014 14.1428 0 1 700 1 1.39979 0.503 -0.0284238 -0.0577298 
600.11 50.0027 14.1427 0 1 700 1 1.39979 0.503 0.00254207 -0.00760458 
600.11 50.0022 14.1428 0 1 700 1 1.39979 0.503 -0.00882296 0.0549203 
600.11 50.003 14.1427 0 1 700 1 1.39979 0.503 0.00963439 -0.0580832 
600.11 50.0001 14.1429 0 1 700 1 1.39979 0.503 -0.0633996 -0.03775 
600.11 50.0026 14.1428 0 1 700 1 1.39979 0.503 0.0015199 0.0949053 
600.11 50.0013 14.1428 0 1 700 1 1.39979 0.503 -0.0327943 0.0313251 
600.11 50.0036 14.1427 0 1 700 1 1.39979 0.503 0.025112 -0.0340867 
600.11 49.9984 14.1429 0 1 700 1 1.39979 0.503 -0.108804 0.00396438 
600.11 50.0002 14.1428 0 1 700 1 1.39979 0.503 -0.0609504 0.035284 
600.11 50.0045 14.1427 0 1 700 1 1.39979 0.503 0.0452634 0.113883 
600.11 50.0043 14.1427 0 1 700 1 1.39979 0.503 0.0417402 0.129116 
600.11 50.0071 14.1426 0 1 700 1 1.39979 0.503 0.0961339 -0.0112213 
600.11 50.0047 14.1427 0 1 700 1 1.39979 0.503 0.0498193 -0.0473473 
600.11 50.0041 14.1427 0 1 700 1 1.39979 0.503 0.0351627 0.017411 
600.11 50.0112 14.1424 0 1 700 1 1.39979 0.503 0.16074 0.0849271 
600.11 50.0039 14.1427 0 1 700 1 1.39979 0.503 0.0309422 -0.0475912 
600.11 50.0045 14.1427 0 1 700 1 1.39979 0.503 0.0482867 -0.185756 
600.11 49.999 14.1429 0 1 700 1 1.39979 0.503 -0.0915979 0.0245658 
600.11 50.0006 14.1428 0 1 700 1 1.39979 0.503 -0.0509415 -0.110827 
600.11 50.0042 14.1427 0 1 700 1 1.39979 0.503 0.0392205 -0.0147676 
600.11 50.0028 14.1427 0 1 700 1 1.39979 0.503 0.00454753 0.0088444 
600.11 50.0043 14.1427 0 1 700 1 1.39979 0.503 0.0417992 -0.0708551 
600.11 50.0027 14.1427 0 1 700 1 1.39979 0.503 0.00527992 -0.128838 
600.11 50.0017 14.1428 0 1 700 1 1.39979 0.503 -0.0211064 -0.0230281 
600.11 50.0041 14.1427 0 1 700 1 1.39979 0.503 0.0373288 -0.164392 
600.11 50.0004 14.1428 0 1 700 1 1.39979 0.503 -0.0551473 0.0320043 
600.11 49.9998 14.1429 0 1 700 1 1.39979 0.503 -0.0716625 0.133046 
600.11 50.0029 14.1427 0 1 700 1 1.39979 0.503 0.00864341 0.115782 
600.11 49.9985 14.1429 0 1 700 1 1.39979 0.503 -0.10684 -0.0514954 
600.11 50.0003 14.1428 0 1 700 1 1.39979 0.503 -0.0590842 0.108491 
600.11 50.0028 14.1427 0 1 700 1 1.39979 0.503 0.00687441 0.0079778 
600.11 50.0011 14.1428 0 1 700 1 1.39979 0.503 -0.0358038 0.0622378 
600.11 50.0048 14.1427 0 1 700 1 1.39979 0.503 0.0500736 0.0145757 
600.11 50.0013 14.1428 0 1 700 1 1.39979 0.503 -0.0318713 -0.0462481 
600.11 50.0042 14.1427 0 1 700 1 1.39979 0.503 0.0370451 -0.00807787 
600.11 49.9984 14.1429 0 1 700 1 1.39979 0.503 -0.107692 0.0362634 
600.11 50.0017 14.1428 0 1 700 1 1.39979 0.503 -0.0216532 0.0623681 
600.11 49.9991 14.1429 0 1 700 1 1.39979 0.503 -0.0915788 0.0506389 
600.11 50.0016 14.1428 0 1 700 1 1.39979 0.503 -0.025339 -0.0548607 
600.11 49.9997 14.1429 0 1 700 1 1.39979 0.503 -0.0748795 0.00489427 
600.11 50.0048 14.1427 0 1 700 1 1.39979 0.503 0.0528905 0.104938 
600.11 50.0031 14.1427 0 1 700 1 1.39979 0.503 0.0138836 -0.0353983 
600.11 50.0016 14.1428 0 1 700 1 1.39979 0.503 -0.0228852 -0.0121891 
600.11 50.0007 14.1428 0 1 700 1 1.39979 0.503 -0.0485794 0.0934137 
600.11 50.0045 14.1427 0 1 700 1 1.39979 0.503 0.0455389 0.090737 
600.11 50.0038 14.1427 0 1 700 1 1.39979 0.503 0.027924 0.00815102 
600.11 50.009 14.1425 0 1 700 1 1.39979 0.503 0.128122 -0.0362962 
600.11 49.9994 14.1429 0 1 700 1 1.39979 0.503 -0.083183 0.0516272 
600.11 49.9979 14.1429 0 1 700 1 1.39979 0.503 -0.121148 0.0469203 
600.11 50.0007 14.1428 0 1 700 1 1.39979 0.503 -0.0471195 -0.00839715 
600.11 49.9987 14.1429 0 1 700 1 1.39979 0.503 -0.101192 0.118034 
600.11 50.0039 14.1427 0 1 700 1 1.39979 0.503 0.0327991 -0.0899827 
600.11 50.0041 14.1427 0 1 700 1 1.39979 0.503 0.0365011 0.0707437 
600.11 50.0044 14.1427 0 1 700 1 1.39979 0.503 0.0429382 -0.0346752 
600.11 50.0072 14.1426 0 1 700 1 1.39979 0.503 0.0974505 -0.0295381 
600.11 50.0041 14.1427 0 1 700 1 1.39979 0.503 0.0357945 -0.0641583 
600.11 50.0026 14.1428 0 1 700 1 1.39979 0.503 -0.000133053 -0.0148319 
600.11 50.0009 14.1428 0 1 700 1 1.39979 0.503 -0.041467 -0.117114 
600.11 50.0036 14.1427 0 1 700 1 1.39979 0.503 0.0254614 0.00272849 
600.11 50.0095 14.1425 0 1 700 1 1.39979 0.503 0.13561 0.00850408 
600.11 50.0003 14.1428 0 1 700 1 1.39979 0.503 -0.0591141 0.0110721 
600.11 50.0044 14.1427 0 1 700 1 1.39979 0.503 0.0415815 0.0299961 
600.11 50.0028 14.1427 0 1 700 1 1.39979 0.503 0.00559344 0.036515 
600.11 50.0011 14.1428 0 1 700 1 1.39979 0.503 -0.0367538 -0.0798393 
600.11 50.0073 14.1426 0 1 700 1 1.39979 0.503 0.101756 0.118276 
600.11 49.9991 14.1429 0 1 700 1 1.39979 0.503 -0.0913032 -0.00793432 
600.11 50.0006 14.1428 0 1 700 1 1.39979 0.503 -0.0513832 0.0286595 
600.11 49.999 14.1429 0 1 700 1 1.39979 0.503 -0.0923688 0.0628774 
600.11 49.9992 14.1429 0 1 700 1 1.39979 0.503 -0.0879709 -0.114801 
600.11 50.0127 14.1423 0 1 700 1 1.39979 0.503 0.179665 -0.0907642 
600.11 50.0003 14.1428 0 1 700 1 1.39979 0.503 -0.0572544 0.0245904 
600.11 50.0054 14.1426 0 1 700 1 1.39979 0.503 0.0627803 -0.0284774 
600.11 50.0018 14.1428 0 1 700 1 1.39979 0.503 -0.0181076 -0.0884044 
600.11 50.0023 14.1428 0 1 700 1 1.39979 0.503 -0.00682827 -0.117813 
600.11 49.9996 14.1429 0 1 700 1 1.39979 0.503 -0.077334 0.0131852 
600.11 50.0024 14.1428 0 1 700 1 1.39979 0.503 -0.00362089 -0.0312784 
600.11 50.0054 14.1426 0 1 700 1 1.39979 0.503 0.0631931 -0.0177717 
600.11 50.0011 14.1428 0 1 700 1 1.39979 0.503 -0.0380041 -0.0625793 
600.11 50.0025 14.1428 0 1 700 1 1.39979 0.503 -0.00161976 -0.0461178 
600.11 50.005 14.1427 0 1 700 1 1.39979 0.503 0.0575512 -0.167363 
600.11 50.0029 14.1427 0 1 700 1 1.39979 0.503 0.00928798 -0.129316 
600.11 50.0019 14.1428 0 1 700 1 1.39979 0.503 -0.0170212 -0.013172 
600.11 50 14.1429 0 1 700 1 1.39979 0.503 -0.0670853 0.00639118 
600.11 50.0067 14.1426 0 1 700 1 1.39979 0.503 0.0883449 0.00551202 
600.11 49.9999 14.1429 0 1 700 1 1.39979 0.503 -0.0677735 0.0598376 
600.11 50.0045 14.1427 0 1 700 1 1.39979 0.503 0.0436949 -0.0387389 
600.11 49.9994 14.1429 0 1 700 1 1.39979 0.503 -0.081547 0.0827776 
600.11 50.0057 14.1426 0 1 700 1 1.39979 0.503 0.0697496 -0.00806718 
600.11 50.0022 14.1428 0 1 700 1 1.39979 0.503 -0.00889041 0.035283 
600.11 50.0004 14.1428 0 1 700 1 1.39979 0.503 -0.0549133 0.0624358 
