600.11 49.9997 14.1429 14.1429 1.18855e-05 4.81554 0.0992601 1.39979 0.0003 -2.11659 -3.15804 
600.11 63.3531 13.6232 13.7183 -0.19876 1.00288 0.00049992 1.39979 0.0003 2.21541 -0.758237 
600.11 61.0954 13.7083 13.6933 0.0283657 1.05594 0.191163 1.39979 0.503 2.25191 0.90132 
600.11 68.3276 13.4391 13.5647 -0.273271 -0.424737 0.2 0.0546624 0.503 2.07822 -0.176048 
600.11 63.2741 13.6263 13.7267 -0.182666 1.65973 0.000827465 1.39979 0.0003 1.91795 0.158662 
600.11 65.0024 13.5616 13.5688 -0.0131006 -0.888151 0.152407 0.0546624 0.503 2.64668 0.975397 
600.11 59.3931 13.7732 13.7746 -0.000356902 1.29172 0.0988758 1.39979 0.0003 2.73363 -1.21011 
600.11 57.3114 13.8535 13.8827 -0.0574555 2.78483 0.0228726 1.39979 0.0003 1.68883 -0.248188 
600.11 57.4544 13.8479 13.8439 0.00638394 1.98943 0.115135 1.39979 0.503 1.68385 0.171493 
600.11 59.5635 13.7667 13.7328 0.0760419 1.36254 0.46708 1.39979 0.503 2.00686 -0.729335 
600.11 50.0846 14.1394 14.1398 -0.00082791 4.7815 0.0972458 1.39979 0.0003 2.55926 -2.44063 
600.11 57.1591 13.8595 13.9451 -0.156747 2.93051 0.00165415 1.39979 0.0003 1.75113 0.49116 
600.11 58.997 13.7885 13.8729 -0.164972 1.87395 0.00128731 1.39979 0.0003 1.9625 0.707719 
600.11 49.9997 14.1429 14.1429 3.27043e-06 4.81707 0.0992398 1.39979 0.0003 -2.30883 -3.24114 
600.11 66.5896 13.5029 13.5224 -0.0484431 -0.812068 0.19784 0.0546624 0.503 2.11338 -0.437863 
600.11 58.5669 13.805 13.8139 -0.0193839 2.43411 0.0610451 1.39979 0.0003 1.73342 0.146156 
600.11 60.7203 13.7225 13.6572 0.143514 0.522079 0.846335 1.39979 0.503 2.48055 -1.06608 
600.11 65.5553 13.5413 13.5436 -0.00217441 -0.593935 0.108029 0.0546624 0.503 2.13596 -0.542668 
600.11 63.9631 13.6002 13.5813 0.0256659 -0.469794 0.0186583 0.0546624 0.0003 2.43342 -0.908835 
600.11 68.0656 13.4484 13.4615 -0.0370351 -1.56616 0.193885 0.0546624 0.503 2.19805 -0.501515 
600.11 59.1917 13.7809 13.7843 -0.0119752 0.961444 0.0728916 1.39979 0.0003 1.82077 0.407519 
600.11 59.1938 13.7808 13.7776 0.00598026 1.81201 0.114635 1.39979 0.503 2.02602 -0.779791 
600.11 67.1176 13.4836 13.4838 -0.00552085 -1.79549 0.125455 0.0546624 0.503 2.35815 -0.731406 
600.11 50 14.1429 14.1429 -4.72946e-06 4.8161 0.0992204 1.39979 0.0003 -2.22696 3.55755 
600.11 50.3594 14.1283 14.1284 8.77238e-05 4.63271 0.099494 1.39979 0.503 0.831973 0.181692 
600.11 59.2294 13.7793 13.7627 0.0312859 1.64726 0.20382 1.39979 0.503 3.00724 1.24589 
600.11 59.9988 13.7501 13.7329 0.0342164 1.16384 0.217192 1.39979 0.503 1.80574 0.218461 
600.11 59.4257 13.7721 13.8438 -0.130255 2.66725 0.0033722 1.39979 0.0003 3.10893 1.23276 
600.11 62.6911 13.648 13.6598 -0.0284059 0.37136 0.0480801 1.39979 0.0003 2.34459 -0.900501 
600.11 50 14.1429 14.1429 3.47708e-08 4.81119 0.099232 1.39979 0.0003 -0.297254 3.04884 
600.11 61.7449 13.6837 13.7157 -0.0694407 0.372087 0.0163799 1.39979 0.0003 3.94531 -0.650189 
600.11 58.3237 13.8142 13.809 0.0116529 2.26493 0.13153 1.39979 0.503 3.40234 -1.22168 
600.11 49.9998 14.1429 14.1429 -1.82275e-05 4.8054 0.0991878 1.39979 0.0003 -2.12762 -3.2685 
600.11 64.0677 13.5962 13.546 0.0775598 -1.55531 0.000194892 0.0546624 0.0003 2.34379 0.84215 
600.11 58.462 13.809 13.8074 0.00276652 1.04672 0.105756 1.39979 0.503 1.87761 0.614596 
600.11 65.284 13.5511 13.5615 -0.0328098 -0.643076 0.191393 0.0546624 0.503 2.02175 0.318667 
600.11 59.8511 13.7556 13.7506 0.0123928 1.69483 0.134013 1.39979 0.503 2.44135 1.08481 
600.11 61.4077 13.6962 13.5957 0.176802 -0.183016 2.09554e-08 0.0546624 0.0003 2.21459 0.853549 
600.11 58.4086 13.811 13.802 0.0173227 2.16572 0.149489 1.39979 0.503 1.96698 -0.75938 
600.11 50 14.1429 14.1429 2.16072e-08 4.81589 0.099232 1.39979 0.0003 -0.23771 -3.04229 
600.11 59.0997 13.7844 13.788 0.00129656 2.13566 0.104556 1.39979 0.503 2.11416 0.884429 
600.11 67.2795 13.4776 13.4991 -0.0460554 -1.68911 0.197176 0.0546624 0.503 2.09377 0.341342 
600.11 59.0403 13.7867 13.7792 0.0142652 1.74433 0.139184 1.39979 0.503 3.26058 -1.22686 
600.11 60.5467 13.729 13.723 0.0038748 0.860239 0.107151 1.39979 0.503 1.82587 0.208438 
600.11 58.3067 13.8148 13.8121 0.00565661 2.15657 0.113936 1.39979 0.503 1.71636 -0.0897558 
600.11 56.9673 13.867 13.8668 0.00311133 2.66578 0.10729 1.39979 0.503 1.65021 -0.0748912 
600.11 52.0938 14.0587 14.0577 0.00335763 3.95384 0.108027 1.39979 0.503 1.5228 -0.907441 
600.11 61.1796 13.7051 13.7202 -0.0244285 1.24075 0.0546937 1.39979 0.0003 1.92558 0.458535 
600.11 60.6086 13.7269 13.7235 0.0115617 1.45343 0.132521 1.39979 0.503 1.81316 -0.0853694 
600.11 60.6356 13.7257 13.7167 0.0188534 1.16328 0.155894 1.39979 0.503 1.81164 -0.031814 
600.11 63.6369 13.6125 13.6134 -0.00279155 -0.678937 0.112287 0.0546624 0.503 2.34204 0.858555 
600.11 60.4377 13.7333 13.7178 0.0358677 0.686595 0.227195 1.39979 0.503 2.9875 -1.19658 
600.11 61.9388 13.6765 13.6554 0.0476847 0.682023 0.288759 1.39979 0.503 2.27778 0.882174 
600.11 60.5926 13.7274 13.726 0.0032217 1.49239 0.107732 1.39979 0.503 1.86412 -0.356579 
600.11 59.3623 13.7743 13.771 0.00286113 1.7682 0.105578 1.39979 0.503 1.76241 -0.0825613 
600.11 56.4582 13.8867 13.883 0.00754842 2.90231 0.118823 1.39979 0.503 1.65313 -0.296416 
600.11 62.4395 13.6576 13.6511 0.0054636 0.741053 0.110872 1.39979 0.503 1.95192 0.402291 
600.11 65.3428 13.5489 13.6043 -0.127188 -0.556214 0.199999 0.0546624 0.503 2.42603 -0.85174 
600.11 60.201 13.7425 13.8356 -0.166827 2.31903 0.00127642 1.39979 0.0003 2.59242 1.13485 
600.11 50 14.1429 14.1429 -3.08594e-06 4.81609 0.0992245 1.39979 0.0003 0.125046 2.28364 
600.11 59.8046 13.7576 13.7474 0.0168915 1.75655 0.146869 1.39979 0.503 1.92326 0.577432 
600.11 68.4688 13.4339 13.4702 -0.0763022 -1.48374 0.199823 0.0546624 0.503 2.23644 -0.538526 
600.11 60.6653 13.7246 13.7465 -0.0492973 0.465833 0.0278738 1.39979 0.0003 1.81508 -0.0828004 
600.11 64.5402 13.5788 13.6479 -0.133629 0.479589 0.00300667 1.39979 0.0003 1.99711 -0.318096 
600.11 63.8642 13.6041 13.6507 -0.0822005 0.257019 0.0121866 1.39979 0.0003 2.34043 -0.847692 
600.11 64.8491 13.5672 13.5697 -0.00745812 -0.689434 0.131922 0.0546624 0.503 2.04641 -0.421066 
600.11 50.0001 14.1429 14.1429 -1.92988e-06 4.81367 0.0992273 1.39979 0.0003 1.46172 -3.26495 
600.11 60.0885 13.7467 13.7387 0.0277867 1.39158 0.193668 1.39979 0.503 1.80991 0.221548 
600.11 58.508 13.8072 13.7999 0.0187784 1.74794 0.155892 1.39979 0.503 1.75958 0.307018 
600.11 62.4226 13.6583 13.7835 -0.240632 0.928116 0.000168284 1.39979 0.0003 3.01501 -1.12286 
600.11 67.4322 13.4718 13.5502 -0.176197 -0.424105 0.2 0.0546624 0.503 2.11342 -0.378909 
600.11 61.2396 13.703 13.7766 -0.11782 1.68161 0.0049305 1.39979 0.0003 1.84566 -0.162661 
600.11 60.3946 13.735 13.7344 0.00612564 1.32619 0.116061 1.39979 0.503 2.91861 -1.19561 
600.11 50.0067 14.1426 14.1427 -0.000149764 4.81269 0.0988812 1.39979 0.0003 0.213059 -0.912141 
600.11 58.6349 13.8025 13.7991 0.00558123 1.47741 0.112963 1.39979 0.503 2.66591 -1.22706 
600.11 56.8704 13.8706 13.868 0.00543871 2.14198 0.11292 1.39979 0.503 1.70933 -0.419981 
600.11 63.0423 13.6348 13.6572 -0.0494001 0.721877 0.0278674 1.39979 0.0003 2.10781 0.646287 
600.11 50 14.1429 14.1429 -3.45001e-09 4.81454 0.0992319 1.39979 0.0003 -0.0137367 -2.74807 
600.11 66.3147 13.5131 13.5142 -0.00596692 -0.87071 0.127156 0.0546624 0.503 2.72387 -0.958005 
600.11 67.1749 13.4813 13.4966 -0.0215279 -1.80643 0.173133 0.0546624 0.503 2.07961 0.310996 
600.11 63.7372 13.6086 13.6216 -0.0250753 -0.245708 0.181263 0.0546624 0.503 2.7431 -1.04747 
600.11 61.0296 13.7108 13.7253 -0.0334307 1.03777 0.0422865 1.39979 0.0003 1.8716 -0.323547 
600.11 65.7238 13.5347 13.5462 -0.0218806 -1.46366 0.175455 0.0546624 0.503 2.37819 0.802634 
600.11 62.9033 13.6401 13.7071 -0.134418 0.964488 0.00290619 1.39979 0.0003 1.89363 0.00101951 
600.11 61.1026 13.7081 13.757 -0.0998781 1.97788 0.0073294 1.39979 0.0003 2.23793 -0.889181 
600.11 58.4762 13.8086 13.7806 0.0668885 1.17988 0.407795 1.39979 0.503 2.848 1.27012 
600.11 66.1676 13.5186 13.6514 -0.24823 0.754576 0.000139587 1.39979 0.0003 2.0789 -0.392929 
600.11 64.4933 13.5805 13.5882 -0.0217688 -0.629477 0.176684 0.0546624 0.503 2.14469 0.615423 
600.11 66.4838 13.5065 13.5093 -0.0131209 -1.10713 0.15435 0.0546624 0.503 2.19632 -0.582001 
600.11 61.3103 13.7001 13.6708 0.0713147 0.724219 0.438966 1.39979 0.503 1.83795 0.0545248 
600.11 59.8016 13.7575 13.75 0.0131726 1.69351 0.13554 1.39979 0.503 1.78073 0.0834531 
600.11 55.4307 13.9269 13.9139 0.0219654 2.28942 0.164757 1.39979 0.503 1.81519 -0.817247 
600.11 59.2848 13.7774 13.767 0.0187064 2.09644 0.15409 1.39979 0.503 1.93376 -0.640101 
600.11 60.6543 13.7251 13.7178 0.0133869 1.30561 0.136246 1.39979 0.503 2.27481 -0.941225 
600.11 64.6931 13.5731 13.5865 -0.0325811 -1.37014 0.190658 0.0546624 0.503 2.23761 -0.718068 
600.11 64.5025 13.5803 13.6995 -0.232377 0.229861 0.000208486 1.39979 0.0003 2.17167 0.650609 
600.11 64.7866 13.5697 13.5785 -0.0120205 -0.328304 0.147185 0.0546624 0.503 2.11005 0.546881 
600.11 57.5428 13.8445 13.8407 0.0074995 2.39317 0.118728 1.39979 0.503 1.74555 -0.420954 
600.11 58.8918 13.7924 13.7941 0.00115985 2.13199 0.103615 1.39979 0.503 1.74054 -0.0539824 
600.11 64.3828 13.5849 13.7246 -0.255591 1.70886 0.000116201 1.39979 0.0003 1.96126 0.195881 
600.11 56.9178 13.8688 13.8633 0.010835 2.00284 0.128221 1.39979 0.503 2.17588 1.07507 
600.11 60.6912 13.7237 13.7187 0.0152368 1.53535 0.144012 1.39979 0.503 1.8288 0.191738 
600.11 59.388 13.7736 13.7587 0.0278847 1.8576 0.188365 1.39979 0.503 1.76183 0.047671 
600.11 50 14.1429 14.1429 -1.28162e-06 4.81603 0.0992289 1.39979 0.0003 0.0643728 -2.49654 
600.11 65.9178 13.5277 13.5544 -0.0585153 -0.679802 0.199108 0.0546624 0.503 2.16844 0.572163 
600.11 60.4349 13.7333 13.6323 0.194302 -0.120662 3.51064e-09 0.0546624 0.0003 2.72577 1.16509 
600.11 60.0086 13.7497 13.7478 0.00469802 1.42829 0.111649 1.39979 0.503 1.80063 -0.18497 
600.11 63.4479 13.6194 13.5874 0.0418554 -0.416535 0.00503658 0.0546624 0.0003 1.94284 0.257644 
600.11 64.5453 13.5786 13.6298 -0.0992985 0.192216 0.00754738 1.39979 0.0003 3.54506 0.899775 
600.11 51.3922 14.0869 14.1044 -0.0337118 4.39603 0.0425993 1.39979 0.0003 1.16918 0.232088 
600.11 58.0412 13.8252 13.8213 0.00765578 2.22842 0.11927 1.39979 0.503 2.37243 1.1376 
600.11 62.3033 13.6626 13.7192 -0.113874 1.31186 0.00504813 1.39979 0.0003 2.05711 -0.617813 
600.11 52.4559 14.0443 14.0437 0.0013472 3.76468 0.102614 1.39979 0.503 1.31752 0.140069 
600.11 66.4029 13.5095 13.5177 -0.011411 -1.05723 0.144958 0.0546624 0.503 3.26555 -0.958611 
600.11 59.6489 13.7634 13.7607 0.00186429 1.73349 0.102681 1.39979 0.503 1.87072 -0.483877 
600.11 65.5431 13.5414 13.5547 -0.0305451 -0.57941 0.188696 0.0546624 0.503 2.09668 -0.475091 
600.11 58.9506 13.7904 13.7892 0.0054599 2.23297 0.113788 1.39979 0.503 1.79384 -0.356901 
600.11 65.7366 13.5345 13.5448 -0.01925 -0.70716 0.170052 0.0546624 0.503 2.39035 -0.810897 
600.11 54.5206 13.9626 13.9617 0.00177712 2.96744 0.103604 1.39979 0.503 2.51426 -1.41987 
600.11 61.5895 13.6895 13.6933 -0.0140002 0.711169 0.0690583 1.39979 0.0003 2.60674 1.0839 
600.11 66.1567 13.5188 13.5242 -0.0141709 -1.48598 0.15657 0.0546624 0.503 2.03916 0.28319 
600.11 68.6243 13.4283 13.436 -0.0240034 -2.00781 0.180941 0.0546624 0.503 2.18911 -0.454779 
600.11 63.6263 13.613 13.6703 -0.102174 0.767557 0.0071671 1.39979 0.0003 2.13786 -0.653647 
600.11 64.7708 13.5703 13.5819 -0.0242666 -0.445498 0.180549 0.0546624 0.503 2.14634 0.602114 
600.11 67.7674 13.4596 13.5754 -0.237066 -0.139179 0.199981 0.0546624 0.503 2.07611 -0.23824 
600.11 58.7517 13.7979 13.7946 0.00913316 1.68984 0.124339 1.39979 0.503 1.94748 -0.704526 
600.11 59.9857 13.7503 13.669 0.13712 -0.424136 8.30299e-07 0.0546624 0.0003 3.30493 1.17599 
600.11 66.1234 13.5201 13.5892 -0.160961 -1.20761 0.2 0.0546624 0.503 2.32128 -0.738484 
600.11 51.6953 14.0747 14.0751 -2.50344e-05 4.14089 0.0993981 1.39979 0.503 1.88687 1.40528 
600.11 54.5659 13.9607 13.9603 0.00113425 3.25485 0.10204 1.39979 0.503 1.70893 -0.758745 
600.11 63.3968 13.6217 13.7495 -0.231921 1.23953 0.000220984 1.39979 0.0003 1.91057 0.0094636 
600.11 65.9088 13.5279 13.5149 0.0195258 -1.53684 0.0292515 0.0546624 0.0003 2.14418 0.5354 
600.11 60.67 13.7245 13.7038 0.0463101 0.963316 0.2807 1.39979 0.503 1.8891 0.419866 
600.11 60.6255 13.7262 13.7299 -0.000895361 1.51615 0.0985086 1.39979 0.0003 1.81804 -0.131809 
600.11 59.7708 13.7589 13.792 -0.0507262 2.07867 0.0284002 1.39979 0.0003 2.21246 0.936062 
600.11 66.5042 13.5061 13.6057 -0.193496 0.267948 0.000597987 1.39979 0.0003 2.64968 -0.92739 
600.11 50 14.1429 14.1429 -5.99483e-09 4.81228 0.0992319 1.39979 0.0003 -0.123178 -3.99674 
600.11 64.4213 13.5832 13.5931 -0.0213751 -0.201588 0.175355 0.0546624 0.503 2.56321 0.961402 
600.11 55.8557 13.9102 13.9076 0.00254942 2.78571 0.105003 1.39979 0.503 2.05851 -1.0546 
600.11 65.894 13.5284 13.6685 -0.298483 -0.327179 0.2 0.0546624 0.503 2.09955 -0.457625 
600.11 60.8501 13.7178 13.7159 0.00463104 1.11046 0.11063 1.39979 0.503 2.12586 -0.793959 
600.11 50 14.1429 14.1429 1.08221e-10 4.816 0.099232 1.39979 0.0003 -0.00298918 3.62192 
600.11 61.8583 13.6792 13.5869 0.167228 -0.696741 4.715e-08 0.0546624 0.0003 3.72188 0.886703 
600.11 61.0142 13.7114 13.7465 -0.0694128 1.47629 0.0166579 1.39979 0.0003 1.83531 -0.150742 
600.11 59.4435 13.7712 13.7658 0.0117728 1.5532 0.131962 1.39979 0.503 3.43219 1.15881 
600.11 59.265 13.7783 13.8233 -0.0635535 2.28076 0.0208615 1.39979 0.0003 3.00322 -1.2443 
600.11 65.9529 13.5261 13.5506 -0.0569258 -0.783093 0.198978 0.0546624 0.503 2.08886 -0.431914 
600.11 59.9065 13.7535 13.7463 0.0221415 1.85056 0.169762 1.39979 0.503 1.79529 0.179089 
600.11 59.9664 13.7515 13.6941 0.136625 0.499813 0.823935 1.39979 0.503 2.79535 -1.19788 
600.11 59.698 13.7616 13.7112 0.115566 1.00374 0.722253 1.39979 0.503 3.10031 -1.22231 
600.11 50 14.1429 14.1429 -1.60181e-09 4.8163 0.0992319 1.39979 0.0003 0.234073 -3.39801 
600.11 57.736 13.8371 13.8362 0.00233988 2.43809 0.105222 1.39979 0.503 1.95309 -0.793763 
600.11 61.6767 13.6861 13.636 0.0721524 -0.711695 0.000340097 0.0546624 0.0003 2.01468 0.593 
600.11 67.9026 13.4548 13.4583 -0.00834747 -1.66471 0.135782 0.0546624 0.503 2.17671 0.475054 
600.11 60.1761 13.7435 13.6529 0.19748 0.649714 0.959769 1.39979 0.503 1.79556 -0.075351 
600.11 54.1397 13.9776 14.0076 -0.060372 3.32096 0.0211052 1.39979 0.0003 3.91499 1.22511 
600.11 58.322 13.8144 13.8151 0.00150428 1.21815 0.103895 1.39979 0.503 1.78681 -0.426162 
600.11 67.3713 13.4742 13.4784 -0.00425984 -1.63117 0.117408 0.0546624 0.503 2.05401 -0.194235 
600.11 66.0868 13.5214 13.5365 -0.0275878 -1.445 0.184617 0.0546624 0.503 2.46675 0.850826 
600.11 65.9811 13.5255 13.5384 -0.0197499 -1.6477 0.170066 0.0546624 0.503 2.93831 1.00538 
600.11 65.7286 13.5344 13.5322 -0.00487507 -0.997435 0.123711 0.0546624 0.503 2.49288 0.879344 
600.11 65.0053 13.5615 13.5773 -0.0367786 -0.191464 0.193531 0.0546624 0.503 2.95873 1.03659 
600.11 50.0838 14.1395 14.1393 0.000454184 4.77072 0.100358 1.39979 0.503 3.2022 2.47342 
600.11 66.818 13.4944 13.5059 -0.0233133 -1.4822 0.178696 0.0546624 0.503 2.17862 0.538669 
600.11 51.832 14.0693 14.0671 0.00474508 4.08021 0.11131 1.39979 0.503 2.16573 1.5622 
600.11 68.1757 13.4444 13.4568 -0.0307987 -1.5154 0.188977 0.0546624 0.503 2.26284 -0.587141 
600.11 66.1784 13.5178 13.5283 -0.0245506 -1.19436 0.180742 0.0546624 0.503 2.0699 -0.371185 
600.11 58.7988 13.7962 13.8402 -0.0641126 2.22574 0.020413 1.39979 0.0003 3.67162 -1.07138 
600.11 58.9031 13.7922 13.8244 -0.0388114 2.03138 0.0397934 1.39979 0.0003 1.96813 -0.722913 
600.11 58.9174 13.7915 13.8475 -0.10902 1.62154 0.00580884 1.39979 0.0003 1.74817 0.137808 
600.11 62.4277 13.6578 13.6525 0.00755949 0.66763 0.118467 1.39979 0.503 2.07823 -0.64116 
600.11 56.5258 13.8841 13.9127 -0.0389499 3.03437 0.0388854 1.39979 0.0003 2.19072 1.11215 
600.11 50 14.1429 14.1429 5.61309e-09 4.81473 0.099232 1.39979 0.0003 0.443134 3.85153 
600.11 65.5551 13.5412 13.5504 -0.0194622 -0.980413 0.171061 0.0546624 0.503 2.90632 1.01587 
600.11 50.4046 14.1265 14.1264 -6.21816e-05 4.63446 0.0990206 1.39979 0.0003 2.88485 2.1457 
600.11 65.5466 13.5413 13.6607 -0.252173 0.576394 0.000116762 1.39979 0.0003 2.58044 0.930407 
600.11 67.7113 13.4618 13.4627 -0.00614422 -1.5599 0.12866 0.0546624 0.503 2.08707 -0.282849 
600.11 66.5919 13.5027 13.4973 0.00264288 -1.58057 0.0896928 0.0546624 0.0003 2.02383 -0.158193 
600.11 50 14.1429 14.1429 -1.87378e-06 4.81447 0.0992275 1.39979 0.0003 1.02509 3.09826 
600.11 60.1238 13.7452 13.7493 -0.000798071 1.71574 0.0991409 1.39979 0.0003 1.79717 0.125204 
600.11 56.1878 13.8971 13.8938 0.0082806 2.7218 0.121668 1.39979 0.503 2.30384 1.2083 
600.11 66.6088 13.502 13.5065 -0.0127056 -0.906034 0.152372 0.0546624 0.503 2.05132 0.27772 
600.11 56.2822 13.8935 13.8923 0.00177368 2.77779 0.103431 1.39979 0.503 1.80199 -0.703062 
600.11 64.896 13.5658 13.5715 -0.0134825 -0.842968 0.155205 0.0546624 0.503 2.18004 0.640835 
600.11 50.0148 14.1423 14.1426 -0.000542439 4.81438 0.0979453 1.39979 0.0003 2.31649 2.71841 
600.11 60.3865 13.7351 13.7322 0.00436837 0.92156 0.110399 1.39979 0.503 1.81117 0.153666 
600.11 57.8493 13.8326 13.8326 0.00709429 2.52465 0.119504 1.39979 0.503 1.69997 0.147655 
600.11 65.172 13.5552 13.557 -0.007444 -1.24922 0.133196 0.0546624 0.503 2.88029 1.02542 
600.11 50 14.1429 14.1429 -1.29257e-08 4.816 0.0992319 1.39979 0.0003 -0.958544 3.79297 
600.11 55.694 13.9165 13.9153 0.00499891 2.34694 0.11263 1.39979 0.503 1.84024 -0.82485 
600.11 59.5774 13.7661 13.7594 0.0197841 0.801436 0.160238 1.39979 0.503 1.98982 -0.703801 
600.11 50.1078 14.1385 14.1403 -0.00335278 4.789 0.0914843 1.39979 0.0003 2.53383 2.38644 
600.11 63.536 13.616 13.6676 -0.135611 0.731475 0.00261142 1.39979 0.0003 2.74156 -1.05402 
600.11 55.1539 13.9376 13.9316 0.0116997 3.13128 0.131005 1.39979 0.503 2.66537 -1.41853 
600.11 56.597 13.8812 13.8985 -0.0366143 2.51739 0.0391664 1.39979 0.0003 1.6283 0.00805252 
600.11 63.11 13.6321 13.6371 -0.00750296 -0.537925 0.130482 0.0546624 0.503 2.47537 -0.965937 
600.11 50.6274 14.1176 14.1283 -0.01995 4.66274 0.0606422 1.39979 0.0003 2.61398 2.00936 
600.11 59.2164 13.7798 13.7752 0.00373304 1.63596 0.107713 1.39979 0.503 2.94919 -1.24575 
600.11 66.2864 13.5138 13.5334 -0.0414389 -0.614893 0.195578 0.0546624 0.503 2.23909 0.646065 
600.11 58.6365 13.8024 13.885 -0.161392 2.04326 0.00141836 1.39979 0.0003 1.83149 -0.5019 
600.11 58.768 13.7972 13.7387 0.136484 1.1199 0.822489 1.39979 0.503 1.80928 0.430503 
600.11 58.7998 13.7958 13.7625 0.0714293 1.02577 0.435044 1.39979 0.503 1.78958 0.366967 
600.11 67.126 13.483 13.5644 -0.188049 -0.592636 0.2 0.0546624 0.503 2.03444 0.121362 
600.11 56.6813 13.8778 13.8659 0.0196877 3.09927 0.15649 1.39979 0.503 1.63782 -0.114539 
600.11 50.2881 14.1312 14.1348 -0.00678704 4.73653 0.0840707 1.39979 0.0003 1.07857 1.12147 
600.11 57.796 13.8347 13.8347 0.00338652 1.8214 0.108464 1.39979 0.503 2.4163 1.17372 
600.11 64.7625 13.5706 13.6526 -0.161974 0.235083 0.00138984 1.39979 0.0003 1.99461 0.285124 
600.11 55.2719 13.933 13.9296 0.00546882 2.52028 0.11278 1.39979 0.503 2.91063 -1.44688 
600.11 55.7446 13.9145 13.918 -0.00138391 3.39157 0.0971822 1.39979 0.0003 1.59469 -0.205226 
600.11 68.4406 13.4352 13.523 -0.19031 -0.710907 0.2 0.0546624 0.503 2.0657 0.0306605 
600.11 59.7507 13.7596 13.7503 0.0210281 1.72966 0.163541 1.39979 0.503 1.84335 -0.400638 
600.11 51.5439 14.0808 14.0886 -0.016106 4.26108 0.0665021 1.39979 0.0003 1.23586 0.438814 
600.11 60.4178 13.7341 13.7333 0.00104256 0.799177 0.102107 1.39979 0.503 4.15514 -0.314742 
600.11 66.0035 13.5243 13.5329 -0.0208237 -0.732416 0.174678 0.0546624 0.503 2.34363 -0.763332 
600.11 60.1951 13.7426 13.7353 0.0243401 1.63102 0.178853 1.39979 0.503 2.23608 -0.933322 
600.11 50 14.1429 14.1429 -3.78929e-09 4.8135 0.0992319 1.39979 0.0003 0.570698 -3.70104 
600.11 61.3216 13.6998 13.7927 -0.17731 2.14355 0.000933093 1.39979 0.0003 1.94584 -0.490689 
600.11 67.3292 13.4759 13.506 -0.0673125 -1.53633 0.199608 0.0546624 0.503 2.30677 -0.673962 
600.11 63.8867 13.603 13.5179 0.151813 -1.07231 1.97617e-07 0.0546624 0.0003 1.92649 0.0116717 
600.11 59.8968 13.7538 13.7345 0.0373884 1.7684 0.231735 1.39979 0.503 1.78225 0.0362715 
600.11 55.5898 13.9206 13.9798 -0.114826 3.08452 0.00497548 1.39979 0.0003 1.62023 -0.374 
600.11 57.0097 13.8652 13.8617 0.00724738 2.29956 0.118467 1.39979 0.503 1.85956 -0.721883 
600.11 58.3963 13.8114 13.8065 0.00778024 1.55253 0.119486 1.39979 0.503 1.748 -0.279329 
600.11 66.4127 13.5095 13.6439 -0.256377 0.374661 0.00011041 1.39979 0.0003 2.00994 0.0889655 
600.11 58.7809 13.7968 13.8213 -0.0458597 2.1465 0.0312177 1.39979 0.0003 1.84235 0.511 
600.11 67.9294 13.4539 13.6191 -0.311256 0.369022 2.52003e-05 1.39979 0.0003 2.10137 -0.306487 
600.11 58.9052 13.7919 13.7771 0.028514 1.83023 0.192369 1.39979 0.503 2.60903 -1.19759 
600.11 58.604 13.8036 13.8031 0.0039439 1.71798 0.109975 1.39979 0.503 1.73343 0.129157 
600.11 66.4148 13.5092 13.5093 -0.00572802 -1.26083 0.127006 0.0546624 0.503 2.03699 -0.247258 
600.11 50.0001 14.1429 14.1429 2.87673e-06 4.81229 0.0992388 1.39979 0.0003 0.204123 2.34454 
600.11 66.2973 13.5138 13.553 -0.0830346 -1.41739 0.199907 0.0546624 0.503 2.01299 0.144483 
600.11 68.6404 13.4279 13.5223 -0.211412 -0.714987 0.2 0.0546624 0.503 2.08319 -0.151035 
600.11 65.577 13.5402 13.5549 -0.0306003 -1.25226 0.18863 0.0546624 0.503 2.09961 0.47891 
600.11 50.0382 14.1413 14.1413 8.64685e-05 4.80121 0.0994347 1.39979 0.503 1.13506 1.8578 
600.11 60.6039 13.727 13.7243 0.00988603 1.17798 0.126964 1.39979 0.503 1.85158 0.312637 
600.11 67.9145 13.4539 13.5444 -0.200501 -0.576014 0.2 0.0546624 0.503 2.21175 0.530383 
600.11 60.9156 13.7152 13.7087 0.0186334 1.22073 0.156079 1.39979 0.503 1.83156 -0.150264 
600.11 63.3074 13.6248 13.6352 -0.024041 -0.214456 0.180549 0.0546624 0.503 2.33153 -0.864208 
600.11 66.8949 13.4916 13.6074 -0.257542 -0.715298 0.2 0.0546624 0.503 2.0299 0.139003 
600.11 64.2027 13.5916 13.7174 -0.228861 1.11881 0.000239702 1.39979 0.0003 2.8423 1.05112 
600.11 60.6819 13.7242 13.6951 0.0675075 0.857331 0.410156 1.39979 0.503 1.8816 -0.397513 
600.11 58.9742 13.7895 13.7544 0.0799751 1.33807 0.494856 1.39979 0.503 2.62197 -1.19861 
600.11 57.4151 13.8496 13.8529 -0.000283063 1.99637 0.100055 1.39979 0.503 1.79463 0.560171 
600.11 63.6232 13.6131 13.6794 -0.132982 0.31635 0.00302049 1.39979 0.0003 1.97494 -0.346558 
600.11 66.2058 13.517 13.5161 -0.00341686 -1.1087 0.117001 0.0546624 0.503 2.0952 -0.426572 
600.11 65.7071 13.5354 13.534 -0.00076043 -1.82836 0.103665 0.0546624 0.503 2.07795 0.425991 
600.11 62.2086 13.666 13.6627 0.00105684 0.323819 0.100523 1.39979 0.503 1.86997 -0.0334534 
600.11 69.0829 13.4117 13.4346 -0.0504713 -2.15916 0.198132 0.0546624 0.503 2.18066 0.411165 
600.11 59.9068 13.7537 13.7816 -0.0324424 1.20851 0.0466128 1.39979 0.0003 1.79467 -0.173043 
600.11 63.5333 13.6164 13.6786 -0.125063 0.245531 0.00373602 1.39979 0.0003 1.91515 0.0215323 
600.11 56.8506 13.8715 13.8717 0.00350282 2.3472 0.10865 1.39979 0.503 1.76475 0.564724 
600.11 50.0021 14.1428 14.1428 -7.95241e-05 4.81205 0.0990427 1.39979 0.0003 0.900984 2.31891 
600.11 61.9468 13.6761 13.6731 0.00388701 0.197239 0.108497 1.39979 0.503 1.88498 -0.238511 
600.11 59.6148 13.7648 13.7568 0.0209512 1.38733 0.163704 1.39979 0.503 1.78689 0.200798 
600.11 50 14.1429 14.1429 7.78607e-07 4.81662 0.0992338 1.39979 0.0003 1.43069 -3.8421 
600.11 63.2962 13.6254 13.5989 0.061662 0.217192 0.372981 1.39979 0.503 1.93493 0.244921 
600.11 60.4119 13.7343 13.6426 0.17719 0.00630396 0.319572 1.39979 0.503 3.12959 -1.19045 
600.11 50 14.1429 14.1429 -1.19851e-06 4.81404 0.0992291 1.39979 0.0003 0.60279 2.86148 
600.11 68.3584 13.4379 13.4948 -0.131588 -1.105 0.199999 0.0546624 0.503 2.34311 -0.668717 
600.11 60.7699 13.7205 13.6242 0.181804 -0.638756 1.14853e-08 0.0546624 0.0003 2.06462 -0.725764 
600.11 49.9991 14.1429 14.1429 -2.45565e-05 4.81701 0.0991747 1.39979 0.0003 -2.82717 3.12995 
600.11 58.5292 13.8063 13.6912 0.249932 0.419076 0.990112 1.39979 0.503 3.25466 -1.25116 
600.11 66.7252 13.498 13.5388 -0.102987 -1.3141 0.199987 0.0546624 0.503 2.07606 0.340442 
600.11 63.6361 13.6124 13.5395 0.137476 -0.703115 6.69972e-07 0.0546624 0.0003 2.60521 -1.0072 
600.11 60.1902 13.7428 13.7982 -0.113223 1.02696 0.00511446 1.39979 0.0003 3.53529 -1.08114 
600.11 64.1821 13.5919 13.5315 0.0924951 -1.24797 5.25923e-05 0.0546624 0.0003 2.61828 0.993101 
600.11 58.3652 13.8127 13.7641 0.114056 1.17349 0.714646 1.39979 0.503 2.01096 -0.819215 
600.11 61.8525 13.6795 13.6853 -0.0111771 -0.0338032 0.145775 0.0546624 0.503 2.0045 0.562693 
600.11 51.6002 14.0785 14.0972 -0.0359413 4.42488 0.0402166 1.39979 0.0003 1.49007 -0.994725 
600.11 50 14.1429 14.1429 2.46758e-07 4.81265 0.0992325 1.39979 0.0003 -1.34687 -3.45025 
600.11 61.9399 13.6764 13.6754 0.00455852 0.215388 0.111162 1.39979 0.503 2.566 1.05466 
600.11 64.9937 13.5621 13.5684 -0.0135431 -1.38973 0.155056 0.0546624 0.503 3.11832 -1.03083 
600.11 60.8424 13.7179 13.7215 -0.0124168 1.09945 0.0721107 1.39979 0.0003 1.83837 0.213094 
600.11 61.8036 13.6816 13.6802 0.00183015 0.829211 0.103226 1.39979 0.503 2.50861 -1.03467 
600.11 68.4321 13.4355 13.4384 -0.00873124 -1.86874 0.13873 0.0546624 0.503 2.15246 -0.395002 
600.11 61.4502 13.6947 13.5801 0.21485 -0.315854 5.59442e-10 0.0546624 0.0003 2.68753 1.11537 
600.11 58.8372 13.7945 13.7657 0.0722295 1.67198 0.446557 1.39979 0.503 1.73693 0.00881705 
600.11 58.9379 13.7905 13.7821 0.0176678 1.78936 0.151783 1.39979 0.503 2.03653 0.810086 
600.11 65.8933 13.5284 13.605 -0.171121 -0.560736 0.2 0.0546624 0.503 2.13103 0.514673 
600.11 60.6464 13.7252 13.6282 0.172626 -0.511394 2.98452e-08 0.0546624 0.0003 2.29167 0.95465 
600.11 57.8406 13.8331 13.8585 -0.0285928 2.69782 0.0512979 1.39979 0.0003 2.04712 -0.896624 
600.11 63.7207 13.6094 13.5963 0.0362262 -0.0420125 0.00614446 0.0546624 0.0003 1.96941 0.319123 
600.11 55.0781 13.9406 13.9737 -0.0670045 2.93715 0.0176807 1.39979 0.0003 1.55021 0.189812 
600.11 59.6378 13.7638 13.773 -0.0204055 1.30599 0.0593931 1.39979 0.0003 2.39033 1.06699 
600.11 66.6003 13.5023 13.5532 -0.117081 -0.958123 0.199996 0.0546624 0.503 2.17705 0.548135 
600.11 58.783 13.7968 13.7995 0.000534111 1.86367 0.102268 1.39979 0.503 2.23077 -1.00445 
600.11 58.227 13.8181 13.8058 0.022449 2.14804 0.167288 1.39979 0.503 1.71251 0.0868095 
600.11 63.4112 13.6207 13.649 -0.110488 0.376305 0.00484168 1.39979 0.0003 2.00351 0.440278 
600.11 59.1244 13.7836 13.7845 0.00166626 2.1614 0.103954 1.39979 0.503 1.74991 0.0301272 
600.11 58.4388 13.8099 13.8226 -0.0219277 2.0958 0.0579738 1.39979 0.0003 1.76865 0.352192 
600.11 58.8232 13.7952 13.7112 0.193489 0.526262 0.956379 1.39979 0.503 2.0853 0.871489 
600.11 64.8936 13.5655 13.4993 0.122024 -1.30629 2.83836e-06 0.0546624 0.0003 2.16386 0.620253 
600.11 66.5345 13.5051 13.5099 -0.00762589 -1.28949 0.132539 0.0546624 0.503 2.64242 0.92391 
600.11 50 14.1429 14.1429 1.22081e-10 4.81613 0.099232 1.39979 0.0003 0.238362 -4.11834 
600.11 50 14.1429 14.1429 1.88843e-11 4.81533 0.099232 1.39979 0.0003 0.306713 4.07242 
600.11 60.6977 13.7236 13.7112 0.0230333 1.40765 0.169792 1.39979 0.503 3.27286 1.15491 
600.11 55.9187 13.9077 13.9086 0.000951221 2.7473 0.101877 1.39979 0.503 1.60402 0.197319 
600.11 58.799 13.7958 13.6844 0.213602 0.0311018 0.840732 1.39979 0.503 1.98803 0.758634 
600.11 54.9794 13.9445 13.9919 -0.0913984 3.1535 0.00932683 1.39979 0.0003 2.90839 1.4658 
600.11 58.0883 13.8233 13.8186 0.00610903 2.55154 0.113885 1.39979 0.503 1.73034 0.263482 
600.11 54.7432 13.9538 14.0046 -0.098671 3.33983 0.0076668 1.39979 0.0003 3.25861 -1.46209 
600.11 60.2353 13.741 13.7303 0.0201224 1.27283 0.158566 1.39979 0.503 1.81166 0.198813 
600.11 66.9678 13.4888 13.4758 0.0142233 -1.35241 0.0453367 0.0546624 0.0003 2.10499 0.393617 
600.11 60.4116 13.7344 13.7155 0.0475096 1.24437 0.28942 1.39979 0.503 1.89251 0.456574 
600.11 67.5838 13.4664 13.4747 -0.0157796 -1.48067 0.161023 0.0546624 0.503 2.19515 0.522642 
600.11 59.1912 13.7809 13.7721 0.0212865 2.0849 0.164847 1.39979 0.503 1.78395 -0.279958 
600.11 67.0921 13.4845 13.5216 -0.0848636 -0.792924 0.199925 0.0546624 0.503 2.55586 -0.86683 
600.11 64.0022 13.5986 13.5129 0.136298 -0.896845 1.00552e-06 0.0546624 0.0003 2.51067 0.951381 
600.11 58.9815 13.789 13.7856 0.00951329 1.955 0.125288 1.39979 0.503 1.74316 0.0111269 
600.11 60.699 13.7231 13.5821 0.264645 -0.314658 5.7515e-12 0.0546624 0.0003 2.59437 -1.11524 
600.11 61.1375 13.7069 13.6993 0.0229754 1.18649 0.172233 1.39979 0.503 2.12646 0.777735 
600.11 58.8278 13.7951 13.792 0.0122701 1.78246 0.134407 1.39979 0.503 1.74966 -0.179905 
600.11 61.0467 13.7104 13.7667 -0.0820653 1.18969 0.0129023 1.39979 0.0003 1.83834 0.162699 
600.11 67.0345 13.4864 13.492 -0.0213009 -1.61932 0.176587 0.0546624 0.503 2.0275 0.0766152 
600.11 62.7877 13.6443 13.6537 -0.017629 -0.510694 0.165659 0.0546624 0.503 3.51241 0.985149 
600.11 63.5967 13.6139 13.553 0.102363 -1.52329 1.93369e-05 0.0546624 0.0003 2.37709 0.886069 
600.11 59.1885 13.781 13.6787 0.228446 0.508431 0.982592 1.39979 0.503 2.27095 1.01267 
600.11 50.0012 14.1428 14.1428 -1.24315e-05 4.81438 0.0992022 1.39979 0.0003 0.243444 1.63677 
600.11 68.2075 13.4437 13.5615 -0.237552 -0.144561 0.199988 0.0546624 0.503 2.07432 0.171624 
600.11 59.2028 13.7806 13.7654 0.029666 1.75975 0.196549 1.39979 0.503 2.40015 -1.09332 
600.11 60.375 13.7356 13.6799 0.123968 0.493668 0.765068 1.39979 0.503 2.18071 0.875372 
600.11 58.724 13.7989 13.7714 0.0542354 1.09844 0.322777 1.39979 0.503 3.53338 1.1501 
600.11 66.8121 13.4948 13.6109 -0.217156 0.476799 0.00032259 1.39979 0.0003 2.01935 0.0539183 
600.11 65.4404 13.5452 13.5181 0.0474633 -1.02992 0.00259431 0.0546624 0.0003 2.76331 -0.996182 
600.11 50 14.1429 14.1429 1.31465e-06 4.81515 0.0992351 1.39979 0.0003 -2.01109 3.45432 
600.11 65.6538 13.5375 13.5379 0.00102564 -1.82457 0.0934061 0.0546624 0.0003 1.99346 -0.14698 
600.11 65.492 13.5431 13.5548 -0.0176659 -0.754591 0.164231 0.0546624 0.503 2.69502 0.975731 
600.11 62.6838 13.6482 13.6511 -0.0120744 0.278202 0.0725012 1.39979 0.0003 3.60233 -0.937159 
600.11 64.3981 13.5841 13.5944 -0.0178393 -0.556483 0.165951 0.0546624 0.503 2.10042 0.554485 
600.11 67.0344 13.4865 13.4909 -0.00779676 -0.970994 0.132843 0.0546624 0.503 2.30685 0.68661 
600.11 66.0217 13.5236 13.5283 -0.0120476 -0.672073 0.149388 0.0546624 0.503 2.28 0.702695 
600.11 59.7591 13.7592 13.7518 0.0141866 1.28265 0.139261 1.39979 0.503 3.15259 1.21418 
600.11 68.6206 13.4285 13.4739 -0.0985563 -1.44585 0.199978 0.0546624 0.503 2.07335 -0.0753101 
600.11 59.8547 13.7555 13.7723 -0.0388907 0.816341 0.03661 1.39979 0.0003 1.82372 -0.323622 
600.11 57.2238 13.8569 13.8863 -0.0554031 2.65242 0.0243006 1.39979 0.0003 2.12593 1.01417 
600.11 66.9146 13.4909 13.5022 -0.0192915 -1.4424 0.169335 0.0546624 0.503 2.04276 -0.206155 
600.11 57.3929 13.8502 13.8465 0.0035776 2.04583 0.107408 1.39979 0.503 1.73343 0.407398 
600.11 60.1877 13.7429 13.737 0.0118474 1.54985 0.131828 1.39979 0.503 1.80007 -0.127471 
600.11 59.6224 13.7645 13.7576 0.0142523 1.4991 0.139466 1.39979 0.503 1.84365 0.417408 
600.11 66.2567 13.5151 13.523 -0.0102465 -1.09835 0.140028 0.0546624 0.503 2.26617 -0.677427 
600.11 50.0001 14.1429 14.1429 -4.29256e-06 4.81569 0.0992217 1.39979 0.0003 0.200039 2.20835 
600.11 66.5138 13.5057 13.519 -0.0285657 -0.804571 0.186187 0.0546624 0.503 2.23888 0.634847 
600.11 59.2661 13.7782 13.7702 0.0170274 1.13137 0.148541 1.39979 0.503 1.76176 -0.122144 
600.11 64.2211 13.5906 13.5904 -0.00162943 -0.748993 0.107549 0.0546624 0.503 1.93879 -0.0479427 
600.11 60.8632 13.7171 13.6922 0.0526536 0.706255 0.314667 1.39979 0.503 1.94927 -0.537862 
600.11 65.0091 13.5613 13.564 -0.00635895 -0.965566 0.126865 0.0546624 0.503 2.00488 -0.292346 
600.11 59.6887 13.7618 13.7624 0.00267466 1.51316 0.106974 1.39979 0.503 1.81432 -0.314674 
600.11 64.7685 13.5705 13.5764 -0.0109725 -0.511754 0.145833 0.0546624 0.503 2.09991 -0.530965 
600.11 59.6012 13.7652 13.7606 0.012412 1.82637 0.134181 1.39979 0.503 1.93165 -0.610593 
600.11 50 14.1429 14.1429 2.74908e-07 4.81499 0.0992326 1.39979 0.0003 0.345451 3.11606 
600.11 67.2616 13.4781 13.5188 -0.0948232 -1.33193 0.199971 0.0546624 0.503 3.07992 -0.965506 
600.11 61.05 13.7102 13.8189 -0.210484 1.31415 0.000378499 1.39979 0.0003 1.87844 0.343375 
600.11 59.8353 13.7562 13.7531 0.00756474 1.77394 0.119596 1.39979 0.503 1.78214 0.0873499 
600.11 61.7227 13.6844 13.6737 0.0185958 0.645649 0.153005 1.39979 0.503 1.93612 0.431742 
600.11 60.8215 13.7188 13.7663 -0.0900464 1.63173 0.00972149 1.39979 0.0003 1.92021 -0.480111 
600.11 61.3732 13.6977 13.6558 0.0925719 0.616147 0.579124 1.39979 0.503 2.24093 0.878495 
600.11 50.2074 14.1345 14.1356 -0.00209262 4.76906 0.0943427 1.39979 0.0003 0.922026 0.976651 
600.11 67.4936 13.4697 13.5317 -0.140779 -0.857997 0.2 0.0546624 0.503 2.21672 0.558549 
600.11 50 14.1429 14.1429 2.94289e-10 4.81659 0.099232 1.39979 0.0003 0.0545809 -3.79136 
600.11 60.2305 13.7413 13.6998 0.0886752 0.72137 0.550896 1.39979 0.503 1.80573 -0.160936 
600.11 63.0348 13.6353 13.687 -0.0675419 1.05493 0.0192704 1.39979 0.0003 1.89862 -0.0272699 
600.11 59.4343 13.7716 13.7712 0.00430492 1.9605 0.111231 1.39979 0.503 1.76528 0.0831969 
600.11 52.2448 14.0528 14.0694 -0.0238006 4.04299 0.0561114 1.39979 0.0003 1.3431 -0.438216 
600.11 59.8781 13.7549 13.8022 -0.0668018 1.59435 0.0192016 1.39979 0.0003 2.04367 -0.755589 
600.11 63.8308 13.6052 13.5822 0.0400972 -0.503553 0.00499838 0.0546624 0.0003 2.18303 0.699175 
600.11 59.7021 13.7614 13.7581 0.0123625 1.69523 0.135391 1.39979 0.503 1.85276 -0.43352 
600.11 67.9567 13.4526 13.458 -0.0121515 -1.59175 0.149497 0.0546624 0.503 2.59531 0.858246 
600.11 68.6449 13.4274 13.4299 -0.00551021 -1.76476 0.12288 0.0546624 0.503 2.07814 0.118374 
600.11 53.076 14.0196 14.0186 0.00382158 3.55717 0.109359 1.39979 0.503 1.97549 -1.25701 
600.11 58.3781 13.8121 13.8096 0.00617652 1.90192 0.115728 1.39979 0.503 2.06143 -0.875681 
600.11 50.0341 14.1415 14.1415 -6.93827e-05 4.80109 0.0990655 1.39979 0.0003 2.74663 2.64158 
600.11 64.0675 13.5966 13.5978 0.000635401 -0.572334 0.0962187 0.0546624 0.0003 3.26619 1.03354 
600.11 59.6606 13.763 13.6689 0.206461 0.341462 0.968393 1.39979 0.503 2.37583 1.05763 
600.11 64.0714 13.5964 13.699 -0.202511 0.701721 0.000464791 1.39979 0.0003 1.94296 -0.147331 
600.11 60.7385 13.722 13.6218 0.207272 0.071615 0.96028 1.39979 0.503 1.88548 0.401874 
600.11 67.7402 13.4605 13.4642 -0.00959836 -1.42175 0.140342 0.0546624 0.503 3.13892 0.944971 
600.11 59.8896 13.7543 13.7492 0.0126747 1.67055 0.135205 1.39979 0.503 1.88789 0.497563 
600.11 65.481 13.5438 13.5877 -0.103722 -1.35697 0.199987 0.0546624 0.503 2.06969 -0.424502 
600.11 58.875 13.7931 13.7469 0.0977799 0.788158 0.609975 1.39979 0.503 2.28986 -1.04246 
600.11 50.0003 14.1428 14.1429 -1.10321e-05 4.80794 0.0992057 1.39979 0.0003 1.29414 2.95891 
600.11 59.3492 13.7748 13.7676 0.0139415 1.85381 0.138336 1.39979 0.503 2.48393 1.12879 
600.11 60.3868 13.7353 13.7857 -0.101892 1.45388 0.00696009 1.39979 0.0003 1.84885 -0.333969 
600.11 64.7977 13.5692 13.5688 0.00105239 -1.0184 0.0943856 0.0546624 0.0003 2.60234 0.965242 
600.11 69.0044 13.4147 13.5631 -0.297141 -0.160114 0.199956 0.0546624 0.503 2.2324 -0.505148 
600.11 65.3638 13.5483 13.558 -0.0229428 -0.356618 0.178723 0.0546624 0.503 2.74725 0.994533 
600.11 67.0367 13.4866 13.5376 -0.111139 -1.36008 0.199993 0.0546624 0.503 2.11364 0.407328 
600.11 50 14.1429 14.1429 -1.0165e-08 4.81109 0.0992319 1.39979 0.0003 0.903902 -3.75191 
600.11 64.9633 13.5629 13.567 -0.00781055 -0.820871 0.13291 0.0546624 0.503 3.4795 0.921558 
600.11 60.2572 13.7402 13.7358 0.0131206 1.46827 0.137435 1.39979 0.503 2.26847 -0.955849 
600.11 50.0737 14.1399 14.1398 0.000158727 4.78262 0.0996299 1.39979 0.503 0.514298 0.32591 
600.11 60.5479 13.7291 13.7273 0.00726311 1.51154 0.119706 1.39979 0.503 2.12901 0.814389 
600.11 57.0017 13.8656 13.9045 -0.0589932 2.47683 0.0230448 1.39979 0.0003 1.73041 0.459304 
600.11 65.6131 13.5387 13.5511 -0.0393423 -0.813987 0.195198 0.0546624 0.503 2.31563 0.754559 
600.11 59.8036 13.7576 13.8043 -0.0913247 1.60019 0.00931943 1.39979 0.0003 1.9294 0.589141 
600.11 60.0943 13.7464 13.7398 0.0094884 1.32442 0.123561 1.39979 0.503 2.02207 0.712689 
600.11 66.3025 13.5132 13.4852 0.02571 -1.45879 0.0218423 0.0546624 0.0003 2.05646 -0.324234 
600.11 69.3128 13.4034 13.409 -0.00607878 -1.97551 0.123772 0.0546624 0.503 2.3666 0.654358 
600.11 55.3081 13.9317 13.9781 -0.0762233 3.06627 0.0145053 1.39979 0.0003 1.70424 -0.644238 
600.11 68.3251 13.4395 13.4492 -0.015755 -1.85596 0.160092 0.0546624 0.503 2.10275 0.273772 
600.11 65.5304 13.5418 13.5495 -0.0190147 -0.97654 0.170599 0.0546624 0.503 2.52129 0.902144 
600.11 67.1145 13.4833 13.4883 -0.0102545 -1.26755 0.142041 0.0546624 0.503 3.58876 0.775257 
600.11 65.0418 13.5603 13.6874 -0.243702 0.325222 0.000155053 1.39979 0.0003 3.43099 0.942258 
600.11 61.4047 13.6965 13.7142 -0.0454887 1.06109 0.0304301 1.39979 0.0003 1.86314 0.229794 
600.11 59.5326 13.768 13.6719 0.211177 0.25043 0.972133 1.39979 0.503 1.9838 0.698654 
600.11 58.1544 13.8209 13.8094 0.0278932 1.69384 0.191825 1.39979 0.503 1.98545 0.802961 
600.11 66.5905 13.5028 13.5157 -0.0280902 -1.11624 0.186075 0.0546624 0.503 2.65264 -0.925631 
600.11 61.3752 13.6978 13.6946 0.0101789 0.210856 0.127509 1.39979 0.503 2.86452 -1.15276 
600.11 59.0408 13.7867 13.7719 0.0320049 1.59253 0.208527 1.39979 0.503 1.78512 -0.312153 
600.11 50 14.1429 14.1429 -2.98535e-06 4.81393 0.0992247 1.39979 0.0003 -0.975115 3.1793 
600.11 57.7575 13.8363 13.8344 0.00302845 1.3497 0.106367 1.39979 0.503 1.72524 0.312089 
600.11 57.6399 13.8408 13.8436 -0.00148086 2.03805 0.0966083 1.39979 0.0003 1.76025 0.448007 
600.11 61.4516 13.6948 13.6884 0.0121826 0.812694 0.132118 1.39979 0.503 3.24607 1.13162 
600.11 57.6257 13.8411 13.8389 0.00696787 2.41786 0.118456 1.39979 0.503 2.17471 -1.0291 
600.11 59.736 13.7601 13.7436 0.0333589 1.40734 0.213429 1.39979 0.503 2.76411 -1.20183 
600.11 65.6281 13.5384 13.5485 -0.0267233 -1.72406 0.184523 0.0546624 0.503 2.42769 0.841884 
600.11 60.1652 13.7437 13.7233 0.0505706 1.35564 0.306898 1.39979 0.503 2.15664 -0.864077 
600.11 66.9671 13.4891 13.4986 -0.0136967 -0.917421 0.15312 0.0546624 0.503 2.03212 -0.136882 
600.11 57.9388 13.8291 13.8261 0.00511454 2.55538 0.11205 1.39979 0.503 1.91267 0.719733 
600.11 58.8803 13.793 13.7897 0.00369182 2.10529 0.10805 1.39979 0.503 2.26831 -1.02696 
600.11 67.0547 13.4857 13.488 -0.00629133 -1.09045 0.128224 0.0546624 0.503 2.14471 0.468452 
600.11 56.9058 13.8692 13.8733 -0.00426763 2.81568 0.0904003 1.39979 0.0003 1.86012 0.733148 
600.11 63.5648 13.6154 13.6429 -0.0269622 0.682446 0.0542794 1.39979 0.0003 1.91677 0.0376617 
600.11 60.3749 13.7359 13.8252 -0.161881 2.61051 0.00144948 1.39979 0.0003 2.2077 -0.899856 
600.11 50 14.1429 14.1429 -1.09487e-07 4.80739 0.0992317 1.39979 0.0003 -0.352402 3.07316 
600.11 68.2997 13.4404 13.4418 -0.00760975 -1.75667 0.13483 0.0546624 0.503 2.20655 -0.501858 
600.11 49.9997 14.1429 14.1429 4.79038e-06 4.81707 0.0992435 1.39979 0.0003 -0.940246 2.55522 
600.11 65.6426 13.5377 13.5184 0.0260924 -1.47851 0.018071 0.0546624 0.0003 2.28455 0.723746 
600.11 58.719 13.7993 13.9123 -0.212811 2.44486 0.000361187 1.39979 0.0003 1.98309 0.757416 
600.11 61.3787 13.6975 13.7048 -0.0136758 1.41681 0.0709108 1.39979 0.0003 2.12013 0.757117 
600.11 67.1839 13.4811 13.5135 -0.0706544 -1.48733 0.199704 0.0546624 0.503 2.04109 -0.154172 
600.11 58.6397 13.8022 13.7966 0.010932 1.57389 0.129006 1.39979 0.503 1.75924 -0.278715 
600.11 58.2022 13.819 13.8021 0.0376539 1.73508 0.23548 1.39979 0.503 1.70979 -0.0595396 
600.11 62.3771 13.6596 13.5417 0.21296 -1.05676 7.28075e-10 0.0546624 0.0003 2.21792 -0.808589 
600.11 57.8747 13.8317 13.8459 -0.0323787 2.21911 0.0434989 1.39979 0.0003 2.0103 0.853607 
600.11 50 14.1429 14.1429 -4.28674e-07 4.81528 0.0992309 1.39979 0.0003 -0.688439 -3.32143 
600.11 52.6641 14.0361 14.0627 -0.0520807 3.96902 0.0263629 1.39979 0.0003 2.32972 1.52337 
600.11 67.984 13.4519 13.5155 -0.132834 -0.991612 0.199999 0.0546624 0.503 2.05491 -0.0730649 
600.11 57.7568 13.8361 13.8331 0.00840794 2.4947 0.121828 1.39979 0.503 1.69916 0.176665 
600.11 50 14.1429 14.1429 -6.44722e-07 4.81535 0.0992304 1.39979 0.0003 -0.495501 2.98844 
600.11 67.405 13.4729 13.4812 -0.0194913 -1.34844 0.171326 0.0546624 0.503 2.04381 0.130506 
600.11 62.3894 13.6593 13.6142 0.0834003 -0.676041 9.59915e-05 0.0546624 0.0003 1.88723 0.161101 
600.11 62.6325 13.65 13.6439 0.0155424 0.503923 0.145098 1.39979 0.503 1.90413 0.210906 
600.11 64.4046 13.5838 13.586 -0.00801292 -0.169686 0.135446 0.0546624 0.503 2.40556 0.873742 
600.11 65.3908 13.5473 13.5545 -0.0131943 -0.594733 0.152562 0.0546624 0.503 1.97473 0.000996523 
600.11 65.7001 13.5355 13.5036 0.0350209 -1.06265 0.00985155 0.0546624 0.0003 2.16267 -0.575457 
600.11 60.965 13.7132 13.695 0.0395404 0.696255 0.24491 1.39979 0.503 1.85682 -0.276507 
600.11 49.9998 14.1429 14.1429 -3.62877e-06 4.8161 0.0992231 1.39979 0.0003 -0.477577 2.19805 
600.11 60.8051 13.7195 13.7148 0.0085934 1.40644 0.121494 1.39979 0.503 1.89274 0.414266 
600.11 60.4473 13.733 13.7361 0.000205075 1.47579 0.101042 1.39979 0.503 1.82619 -0.230517 
600.11 57.3407 13.8524 13.8477 0.00762177 1.67182 0.118356 1.39979 0.503 1.69798 -0.285111 
600.11 64.1841 13.5918 13.5264 0.0976757 -0.77075 3.42381e-05 0.0546624 0.0003 1.962 -0.233395 
600.11 58.4919 13.8079 13.8013 0.017485 2.06213 0.151494 1.39979 0.503 1.84805 0.554308 
600.11 56.3878 13.8894 13.8955 -0.00644929 3.22803 0.0859123 1.39979 0.0003 1.68261 0.421394 
600.11 63.418 13.6208 13.6363 -0.0288409 -0.337728 0.186416 0.0546624 0.503 2.10748 0.623549 
600.11 60.3411 13.7372 13.6834 0.118753 0.59287 0.737398 1.39979 0.503 1.99039 -0.64908 
600.11 65.5312 13.542 13.5412 -0.00394793 -0.729436 0.119008 0.0546624 0.503 1.98009 0.0439988 
600.11 59.9751 13.7508 13.6778 0.140145 -0.0288626 5.12119e-07 0.0546624 0.0003 1.78681 -0.0699435 
600.11 50 14.1429 14.1429 8.97646e-07 4.81655 0.0992341 1.39979 0.0003 -0.954099 2.99613 
600.11 68.246 13.4423 13.5724 -0.274171 -0.205085 0.199998 0.0546624 0.503 2.06638 0.112961 
600.11 58.746 13.7982 13.7932 0.0123994 1.58068 0.133456 1.39979 0.503 1.8117 0.440113 
600.11 59.5942 13.7655 13.7636 0.00889519 1.74732 0.124725 1.39979 0.503 3.62607 1.05947 
600.11 68.0112 13.4507 13.4588 -0.0134444 -1.60257 0.152897 0.0546624 0.503 2.06431 -0.148414 
600.11 63.3744 13.6221 13.5463 0.117029 -0.975683 5.91873e-06 0.0546624 0.0003 2.72108 1.05439 
600.11 59.5425 13.7676 13.817 -0.0800041 2.07069 0.013198 1.39979 0.0003 2.65477 1.18335 
600.11 62.2334 13.6652 13.6559 0.0201064 0.520562 0.15972 1.39979 0.503 1.93261 -0.369839 
600.11 67.2277 13.4794 13.4865 -0.0172411 -1.2152 0.165921 0.0546624 0.503 2.05224 0.205887 
600.11 58.5789 13.8045 13.704 0.220883 0.33869 0.978459 1.39979 0.503 2.8796 1.26892 
600.11 67.8483 13.4565 13.4685 -0.0243954 -1.38649 0.180421 0.0546624 0.503 2.47682 -0.795468 
600.11 63.9184 13.6021 13.6076 -0.00829239 -0.321188 0.134455 0.0546624 0.503 2.08632 0.561039 
600.11 67.1495 13.4822 13.5089 -0.0555717 -1.00711 0.198767 0.0546624 0.503 2.07936 0.312747 
600.11 61.1914 13.7048 13.7521 -0.0815993 1.85174 0.0124526 1.39979 0.0003 1.83341 -0.0498939 
600.11 60.4215 13.734 13.7683 -0.0696508 1.11011 0.016481 1.39979 0.0003 2.18884 0.880608 
600.11 51.0438 14.1008 14.1167 -0.0285168 4.54903 0.048937 1.39979 0.0003 1.26718 0.827676 
600.11 58.1107 13.8226 13.8126 0.0129189 2.1118 0.133143 1.39979 0.503 2.95509 1.29514 
600.11 56.7 13.8772 13.871 0.0135922 2.12644 0.13775 1.39979 0.503 1.75412 0.56012 
600.11 57.9667 13.8279 13.8211 0.0100184 2.21672 0.125422 1.39979 0.503 1.69733 0.0185516 
600.11 68.3782 13.4374 13.5551 -0.254722 -0.484344 0.2 0.0546624 0.503 2.12157 -0.325237 
600.11 65.721 13.5348 13.5397 -0.0113833 -0.939538 0.147449 0.0546624 0.503 2.04082 -0.333026 
600.11 66.4739 13.5073 13.4976 0.0707855 -1.28897 0.000194442 0.0546624 0.0003 2.32714 0.729138 
600.11 61.6732 13.6864 13.7305 -0.0898598 1.07021 0.00959506 1.39979 0.0003 2.94818 1.14874 
600.11 58.5558 13.8055 13.8021 0.00936025 2.27667 0.124902 1.39979 0.503 1.91113 -0.664079 
600.11 58.3017 13.8153 13.833 -0.019237 2.30737 0.0640757 1.39979 0.0003 3.2285 -1.26643 
600.11 60.8389 13.718 13.6829 0.0814885 0.690363 0.506474 1.39979 0.503 1.84097 -0.22703 
600.11 63.5547 13.6156 13.5487 0.152325 -1.02631 1.36723e-07 0.0546624 0.0003 2.75772 1.05691 
600.11 60.7383 13.722 13.7674 -0.0795295 1.986 0.0130933 1.39979 0.0003 1.92875 0.506338 
600.11 59.5942 13.7655 13.7324 0.0702156 0.761393 0.425422 1.39979 0.503 2.31631 1.02306 
600.11 67.6973 13.4623 13.5017 -0.0899186 -1.31782 0.199953 0.0546624 0.503 2.13323 0.403763 
600.11 60.0131 13.7494 13.7233 0.0607004 1.43532 0.367533 1.39979 0.503 1.806 -0.217975 
600.11 67.0062 13.4876 13.4915 -0.0118695 -1.6586 0.150449 0.0546624 0.503 3.52282 -0.824538 
600.11 58.9579 13.79 13.7726 0.0356306 1.59564 0.223953 1.39979 0.503 2.08763 0.865568 
600.11 61.1472 13.7063 13.6968 0.0222243 0.594617 0.168055 1.39979 0.503 2.22409 -0.874655 
600.11 50.9572 14.1043 14.106 -0.00265965 4.40637 0.0931571 1.39979 0.0003 1.7524 1.48888 
600.11 57.6575 13.8402 13.8711 -0.0392257 2.01409 0.0390534 1.39979 0.0003 2.03762 0.899371 
600.11 67.9889 13.4515 13.4515 -0.0106162 -1.62518 0.147394 0.0546624 0.503 2.07423 -0.202811 
600.11 59.8853 13.7543 13.7457 0.0154438 1.65508 0.143652 1.39979 0.503 2.00669 0.706241 
600.11 55.4288 13.9269 13.9232 0.00849088 3.36645 0.122018 1.39979 0.503 1.56042 0.00446151 
600.11 61.2853 13.7009 13.5733 0.237502 -0.890749 7.1083e-11 0.0546624 0.0003 1.93557 -0.472173 
600.11 57.9363 13.8294 13.8515 -0.0260489 1.62499 0.0541821 1.39979 0.0003 1.77821 -0.455355 
600.11 50.1066 14.1385 14.1393 -0.00254678 4.77677 0.0930193 1.39979 0.0003 0.769527 0.97483 
600.11 64.6077 13.5763 13.5801 -0.00690286 -0.524733 0.129386 0.0546624 0.503 3.49787 -0.92436 
600.11 67.3718 13.474 13.5876 -0.230327 -0.105475 0.199861 0.0546624 0.503 2.05027 -0.176563 
600.11 58.8288 13.7949 13.7076 0.196419 0.488823 0.95926 1.39979 0.503 1.89601 0.613986 
600.11 65.447 13.5449 13.5442 -0.00176425 -0.708917 0.107347 0.0546624 0.503 2.19418 0.631346 
600.11 59.9627 13.7514 13.7475 0.0081188 1.48817 0.12085 1.39979 0.503 1.79459 -0.156161 
600.11 50.2506 14.1327 14.1324 0.00066211 4.70398 0.100848 1.39979 0.503 1.02607 -1.09116 
600.11 58.8291 13.7949 13.7945 0.00397235 1.7751 0.109993 1.39979 0.503 1.87825 -0.581126 
600.11 51.9629 14.064 14.0871 -0.0444199 4.24495 0.0322885 1.39979 0.0003 1.31883 -0.492736 
600.11 57.6078 13.842 13.8406 0.0072055 2.14418 0.119209 1.39979 0.503 1.77693 -0.496524 
600.11 59.1025 13.7843 13.7746 0.0194373 1.75856 0.156713 1.39979 0.503 1.76536 0.20559 
600.11 55.1707 13.9371 13.984 -0.0866113 3.28894 0.0107176 1.39979 0.0003 1.9727 -1.0318 
600.11 67.7189 13.4614 13.4936 -0.0725249 -1.48999 0.19976 0.0546624 0.503 2.07737 0.249867 
600.11 65.8023 13.5317 13.5039 0.0233031 -1.40826 0.0268589 0.0546624 0.0003 2.59735 0.929446 
600.11 61.8898 13.6783 13.7482 -0.130253 1.62323 0.00333803 1.39979 0.0003 2.24458 0.856411 
600.11 58.2196 13.8184 13.8165 0.00279612 1.7941 0.10574 1.39979 0.503 2.0798 -0.90493 
600.11 58.4661 13.8089 13.8095 0.00330794 2.03998 0.108509 1.39979 0.503 2.19162 -0.991575 
600.11 56.7318 13.8759 13.875 -0.000545467 2.68253 0.0975799 1.39979 0.0003 1.65766 -0.245295 
600.11 60.6999 13.7234 13.752 -0.0572409 1.06111 0.0229479 1.39979 0.0003 2.81489 -1.17191 
600.11 50.0012 14.1428 14.1428 -4.16532e-05 4.81467 0.0991324 1.39979 0.0003 1.34656 2.74974 
600.11 59.9833 13.7506 13.7485 0.00150238 1.40879 0.102187 1.39979 0.503 2.06545 0.775971 
600.11 50 14.1429 14.1429 -5.85879e-10 4.81547 0.099232 1.39979 0.0003 -0.529635 -3.8216 
600.11 60.2957 13.7387 13.7394 -0.00437972 1.28512 0.0885205 1.39979 0.0003 2.39101 1.03663 
600.11 66.9979 13.4878 13.4963 -0.0172993 -1.34557 0.165706 0.0546624 0.503 2.32743 0.708503 
600.11 57.9794 13.8275 13.8223 0.00535179 2.06829 0.111866 1.39979 0.503 1.82528 -0.561949 
600.11 65.4884 13.5434 13.5533 -0.0221541 -0.732125 0.176676 0.0546624 0.503 2.01141 -0.260942 
600.11 50.576 14.1196 14.1197 -0.000379126 4.55766 0.0982368 1.39979 0.0003 2.16604 -1.89071 
600.11 50 14.1429 14.1429 8.95592e-09 4.79997 0.099232 1.39979 0.0003 -0.283993 3.18483 
600.11 59.4264 13.7718 13.7631 0.0137888 1.76178 0.137095 1.39979 0.503 1.7634 0.0482671 
600.11 65.9419 13.5267 13.5324 -0.0121193 -0.662177 0.149774 0.0546624 0.503 2.25142 -0.676035 
600.11 67.6927 13.4625 13.4775 -0.0201457 -1.30449 0.170306 0.0546624 0.503 2.11754 -0.368619 
600.11 62.6157 13.6507 13.5599 0.170331 -0.630828 3.3276e-08 0.0546624 0.0003 1.88362 0.0174469 
600.11 59.5292 13.7679 13.755 0.0409466 1.89822 0.257863 1.39979 0.503 1.98399 -0.69932 
600.11 68.7395 13.4242 13.4303 -0.0113462 -1.95851 0.145931 0.0546624 0.503 2.42934 0.729702 
600.11 57.6299 13.8413 13.834 0.0151434 1.87293 0.141785 1.39979 0.503 2.02667 0.889512 
600.11 68.7253 13.4246 13.443 -0.0337955 -2.00781 0.19094 0.0546624 0.503 2.07325 -0.0214166 
600.11 66.6818 13.4995 13.5072 -0.0122979 -1.33486 0.149277 0.0546624 0.503 2.01873 -0.0999512 
600.11 50.0402 14.1412 14.1417 -0.000836533 4.80328 0.0972386 1.39979 0.0003 0.973046 1.66452 
600.11 61.1227 13.7071 13.6387 0.126284 -0.255451 1.92015e-06 0.0546624 0.0003 2.97576 -1.17022 
600.11 50 14.1429 14.1429 8.99358e-08 4.81292 0.0992322 1.39979 0.0003 -0.341086 2.89474 
600.11 52.3653 14.048 14.0608 -0.0208507 3.93372 0.0597802 1.39979 0.0003 1.36409 0.458542 
600.11 59.4006 13.7728 13.6682 0.200869 -0.381131 1.92512e-09 0.0546624 0.0003 2.44549 1.10792 
600.11 62.6052 13.6514 13.7085 -0.0932743 1.41296 0.00931251 1.39979 0.0003 2.0938 -0.652359 
600.11 50 14.1429 14.1429 2.34833e-06 4.81468 0.0992377 1.39979 0.0003 1.14786 3.43683 
600.11 66.4251 13.5092 13.607 -0.164419 0.171781 0.00140675 1.39979 0.0003 2.02402 0.186344 
600.11 61.2843 13.7011 13.7097 -0.0233277 1.1264 0.0545881 1.39979 0.0003 1.84898 -0.175483 
600.11 60.9366 13.7142 13.6189 0.177218 -0.248025 1.79766e-08 0.0546624 0.0003 1.82586 -0.0897057 
600.11 60.3401 13.7368 13.7324 0.00481426 1.47262 0.110962 1.39979 0.503 2.4417 1.06271 
600.11 58.2992 13.8153 13.7827 0.0703532 1.56422 0.427776 1.39979 0.503 1.99603 -0.805543 
600.11 61.0954 13.7082 13.6617 0.108701 0.229755 0.684227 1.39979 0.503 3.53993 1.03961 
600.11 50 14.1429 14.1429 2.31469e-06 4.81519 0.0992376 1.39979 0.0003 1.01887 3.39003 
600.11 66.0204 13.524 13.5238 -0.00932848 -1.19775 0.142685 0.0546624 0.503 2.01023 -0.179128 
600.11 64.8785 13.5661 13.5294 0.0661433 -1.05226 0.000471759 0.0546624 0.0003 2.09785 0.520453 
600.11 56.7246 13.8762 13.8735 0.0075704 2.31564 0.119272 1.39979 0.503 2.32378 -1.18577 
600.11 58.4293 13.8104 13.8728 -0.118245 2.4409 0.00457832 1.39979 0.0003 2.0378 0.845766 
600.11 64.4858 13.5808 13.5808 -0.00346695 -0.89729 0.115933 0.0546624 0.503 1.95528 -0.13775 
600.11 66.3325 13.5126 13.5271 -0.0289034 -1.55399 0.186656 0.0546624 0.503 2.26853 -0.676569 
600.11 64.5557 13.5784 13.6512 -0.114512 0.53319 0.00541672 1.39979 0.0003 2.96772 -1.05103 
600.11 65.9884 13.525 13.5306 -0.0105455 -0.895491 0.143602 0.0546624 0.503 2.12336 -0.495877 
600.11 50.5133 14.1221 14.1217 -0.00304055 4.5782 0.0912557 1.39979 0.0003 1.32273 1.25365 
600.11 65.2026 13.554 13.5628 -0.0148019 -1.0771 0.157661 0.0546624 0.503 1.96889 -0.0251676 
600.11 60.5554 13.7288 13.7248 0.00960683 1.51297 0.125645 1.39979 0.503 2.62371 1.13093 
600.11 59.2128 13.7801 13.7864 -0.0165492 1.53057 0.0651731 1.39979 0.0003 3.03093 -1.24637 
600.11 50.0095 14.1425 14.1427 -0.000346415 4.81332 0.0984085 1.39979 0.0003 1.5636 2.49594 
600.11 60.0274 13.7492 13.7681 -0.0146046 1.81594 0.0731523 1.39979 0.0003 2.19235 -0.904724 
600.11 62.4499 13.6568 13.5797 0.133795 -0.692322 1.04942e-06 0.0546624 0.0003 3.99179 -0.52545 
600.11 58.8158 13.7954 13.7938 0.00754169 1.65903 0.120519 1.39979 0.503 1.99274 0.763147 
600.11 49.9998 14.1429 14.1429 7.56086e-06 4.81536 0.09925 1.39979 0.0003 -1.16986 -2.81302 
600.11 50 14.1429 14.1429 3.9361e-08 4.81592 0.099232 1.39979 0.0003 -0.84087 3.38967 
600.11 59.1162 13.784 13.7791 0.00984621 1.85189 0.125384 1.39979 0.503 1.86155 0.517778 
600.11 65.5436 13.5416 13.5469 -0.0108655 -1.66684 0.145466 0.0546624 0.503 2.17033 0.594241 
600.11 58.6483 13.8019 13.7993 0.00578528 1.83757 0.114108 1.39979 0.503 1.83619 0.512235 
600.11 63.0019 13.636 13.5395 0.161995 -1.0249 8.93121e-08 0.0546624 0.0003 2.91979 1.10036 
600.11 58.8472 13.794 13.7827 -0.0140548 1.32724 0.0641413 1.39979 0.0003 2.03491 0.814367 
600.11 66.9804 13.4886 13.4889 -0.00808626 -1.24634 0.137628 0.0546624 0.503 2.31165 -0.693437 
600.11 58.2516 13.8172 13.8388 -0.038292 1.54737 0.0382094 1.39979 0.0003 3.55239 -1.16493 
600.11 59.0326 13.787 13.7417 0.102677 1.26202 0.645923 1.39979 0.503 2.40662 -1.10536 
600.11 65.9074 13.5281 13.5338 -0.0110824 -1.88349 0.145236 0.0546624 0.503 2.30016 0.727826 
600.11 66.8409 13.4934 13.5302 -0.0910525 -1.39144 0.199959 0.0546624 0.503 2.1134 0.421205 
600.11 61.0779 13.7091 13.7094 0.00391696 1.17965 0.109973 1.39979 0.503 1.82825 0.0151794 
600.11 66.914 13.4911 13.6254 -0.257055 0.318673 0.000108154 1.39979 0.0003 2.12903 0.447299 
600.11 61.9872 13.6744 13.6557 0.0400447 0.632658 0.247283 1.39979 0.503 1.93647 -0.405931 
600.11 66.0821 13.5213 13.5373 -0.0412522 -1.57875 0.19578 0.0546624 0.503 2.04116 0.29908 
600.11 65.0436 13.5599 13.5457 0.00905354 -0.966223 0.0667998 0.0546624 0.0003 1.99027 0.233465 
600.11 49.9996 14.1429 14.1429 -1.38409e-05 4.81484 0.0991991 1.39979 0.0003 -2.5265 -3.22469 
600.11 62.8298 13.643 13.6353 0.0240275 0.373277 0.177179 1.39979 0.503 1.97653 0.426625 
600.11 62.1083 13.6698 13.6035 0.124968 -0.147934 2.10889e-06 0.0546624 0.0003 1.8926 0.245799 
600.11 49.9997 14.1429 14.1429 -1.19691e-05 4.81397 0.0992032 1.39979 0.0003 -1.516 2.95946 
600.11 51.5033 14.0824 14.0806 0.00292081 4.2256 0.106245 1.39979 0.503 1.24836 -0.513318 
600.11 59.2002 13.7807 13.8567 -0.147661 1.87376 0.00205809 1.39979 0.0003 2.79075 -1.22948 
600.11 59.2321 13.7793 13.7725 0.013212 1.90138 0.136168 1.39979 0.503 1.77889 -0.24785 
600.11 49.9991 14.1429 14.1429 -3.42862e-06 4.81204 0.0992258 1.39979 0.0003 -1.26764 2.60111 
600.11 59.5181 13.7683 13.7571 0.0247926 1.84824 0.178586 1.39979 0.503 1.88481 -0.527493 
600.11 60.0605 13.7476 13.7424 -0.00586656 1.58037 0.0825898 1.39979 0.0003 2.07473 0.782405 
600.11 61.3659 13.698 13.7131 -0.0311088 0.968184 0.045298 1.39979 0.0003 1.89825 -0.366946 
600.11 49.9996 14.1429 14.1429 -1.04535e-05 4.81273 0.0992068 1.39979 0.0003 -0.33098 -1.87662 
600.11 58.55 13.8054 13.8008 0.00871216 2.33535 0.122516 1.39979 0.503 2.06889 0.872412 
600.11 66.1047 13.5209 13.5354 -0.0273997 -1.30688 0.184815 0.0546624 0.503 2.16858 -0.561526 
600.11 60.7755 13.7204 13.7435 -0.0504882 1.02996 0.0270989 1.39979 0.0003 1.84227 -0.245846 
600.11 61.5591 13.6908 13.6859 0.0164695 1.25995 0.148752 1.39979 0.503 1.87141 -0.240723 
600.11 58.4528 13.8094 13.8069 0.0100913 1.48262 0.127591 1.39979 0.503 2.67606 1.23844 
600.11 60.3342 13.7374 13.7363 0.00931135 1.31381 0.126182 1.39979 0.503 2.39327 1.03597 
