600.11 30.7749 14.9649 14.9671 -0.00334369 7.3211 0.113638 0.0546624 0.503 -3.18714 -0.0612553 
600.11 30.3391 14.9846 14.9874 -0.00378133 7.21195 0.11516 0.0546624 0.503 -2.88833 0.065853 
600.11 30.3286 14.9851 14.9816 0.01574 7.2237 0.0348615 0.0546624 0.0003 -3.01459 0.126775 
600.11 30.1888 14.9914 14.9937 -0.00510595 7.52044 0.122033 0.0546624 0.503 -3.0078 0.0960551 
600.11 30.3411 14.9845 14.9887 -0.00221555 6.98501 0.105719 0.0546624 0.503 -3.05978 -0.115378 
600.11 30.2242 14.9898 14.9907 -0.00237752 7.25252 0.109717 0.0546624 0.503 -3.09102 0.0521366 
600.11 30.5609 14.9746 14.9778 -0.00339508 6.85931 0.112549 0.0546624 0.503 -2.83346 -0.0132098 
600.11 30.3301 14.985 14.9862 -0.00307595 7.95553 0.113027 0.0546624 0.503 -3.07708 0.102025 
600.11 30.6682 14.9696 14.9729 -0.00612147 8.16676 0.125716 0.0546624 0.503 -3.11677 0.140045 
600.11 50 14.1429 14.1429 -3.15938e-06 5.36766e-05 0.0985678 0.0546624 0.0003 -0.560358 -2.92198 
600.11 38.1856 14.6369 14.6092 0.0501192 5.01383 0.00201036 0.0546624 0.0003 -2.7514 -0.673785 
600.11 30.8095 14.9633 14.9643 -0.00303571 6.26103 0.113084 0.0546624 0.503 -3.101 0.173816 
600.11 30.4435 14.9799 14.9822 -0.00562057 7.14014 0.124114 0.0546624 0.503 -3.12058 -0.0865587 
600.11 30.6899 14.9686 14.9709 -0.00396082 8.16515 0.116124 0.0546624 0.503 -2.88388 -0.144348 
600.11 31.1224 14.9492 14.9353 0.0378958 7.75545 0.00529832 0.0546624 0.0003 -2.96633 0.235597 
600.11 50.0053 14.1426 14.1427 -0.000167742 -0.00179235 0.0993275 0.0546624 0.503 1.02237 -2.22655 
600.11 32.1159 14.9045 14.9113 -0.013353 7.66393 0.153531 0.0546624 0.503 -2.84155 -0.290817 
600.11 31.1831 14.9464 14.9513 -0.00374581 7.35578 0.112602 0.0546624 0.503 -3.24152 -0.0364457 
600.11 30.4604 14.9791 14.9803 -0.00370063 6.13702 0.115844 0.0546624 0.503 -3.02056 -0.149661 
600.11 30.8656 14.9607 14.9628 -0.00661844 7.06693 0.12906 0.0546624 0.503 -3.19498 -0.0731228 
600.11 30.6958 14.9684 14.9678 0.000870795 7.74731 0.094798 0.0546624 0.0003 -2.82174 0.054119 
600.11 30.2402 14.9891 14.9891 -0.000545585 6.4711 0.101314 0.0546624 0.503 -3.07826 0.0758859 
600.11 30.6386 14.971 14.973 -0.00283225 6.38157 0.111066 0.0546624 0.503 -2.82802 -0.0471475 
600.11 30.0939 14.9958 14.9947 0.00402993 6.86428 0.0794943 0.0546624 0.0003 -3.03648 0.0574153 
600.11 30.0493 14.9978 14.9867 0.0234637 7.42318 0.0200547 0.0546624 0.0003 -2.95795 0.0258908 
600.11 31.4011 14.9365 14.9141 0.0367747 6.72358 0.00688782 0.0546624 0.0003 -3.19369 -0.183299 
600.11 31.2755 14.9423 14.941 0.000509135 7.11078 0.0974671 0.0546624 0.0003 -3.25411 -0.00691058 
600.11 34.4102 14.8022 14.7876 0.0363737 5.79418 0.00621383 0.0546624 0.0003 -2.58898 -0.27427 
600.11 30.497 14.9775 14.9728 0.0214447 7.14206 0.0216688 0.0546624 0.0003 -3.15002 0.047113 
600.11 30.2985 14.9865 14.9881 -0.00316824 6.67752 0.112967 0.0546624 0.503 -3.12031 -0.0156225 
600.11 30.6469 14.9707 14.9715 -0.00292506 7.35891 0.11255 0.0546624 0.503 -3.1712 -0.0535982 
600.11 30.4862 14.9779 14.9776 -9.73889e-05 8.24053 0.0993353 0.0546624 0.503 -3.10462 -0.114485 
600.11 50 14.1429 14.1429 2.51774e-11 0.000127161 0.0985532 0.0546624 0.0003 -0.37599 4.13478 
600.11 45.7182 14.318 14.3191 -0.00293431 1.80729 0.112326 0.0546624 0.503 -2.36876 1.05461 
600.11 38.1581 14.6381 14.6473 -0.0169146 4.88119 0.163949 0.0546624 0.503 -2.95594 0.715453 
600.11 30.5459 14.9752 14.9763 -0.00236897 7.93958 0.109548 0.0546624 0.503 -3.16455 0.00146748 
600.11 30.9339 14.9576 14.9636 -0.00206667 7.86463 0.103227 0.0546624 0.503 -3.21336 0.0352964 
600.11 33.7598 14.8309 14.8326 -0.0050641 5.56178 0.121886 0.0546624 0.503 -3.08975 -0.442525 
600.11 33.0896 14.8609 14.8662 -0.0102306 7.29459 0.142331 0.0546624 0.503 -3.38033 -0.140065 
600.11 30.6573 14.9702 14.9672 0.00217184 7.55079 0.0902676 0.0546624 0.0003 -3.04653 0.174784 
600.11 49.9989 14.1429 14.1429 -3.12107e-05 0.000728192 0.0986967 0.0546624 0.0003 -1.67541 2.80078 
600.11 30.5308 14.9759 14.9775 -0.00266989 6.72836 0.110789 0.0546624 0.503 -2.83855 0.0148868 
600.11 31.882 14.915 14.9187 -0.00953399 7.40343 0.140776 0.0546624 0.503 -3.09206 0.297339 
600.11 33.7887 14.8296 14.7577 0.132101 6.25252 1.1389e-06 0.0546624 0.0003 -2.58616 0.185436 
600.11 30.3602 14.9836 14.9851 -0.00446798 6.49664 0.119494 0.0546624 0.503 -2.92313 0.108832 
600.11 30.1537 14.993 14.9866 0.0136659 7.58305 0.0430673 0.0546624 0.0003 -2.98707 0.0860024 
600.11 30.5922 14.9732 14.9737 -0.00188925 7.0579 0.107923 0.0546624 0.503 -2.91177 0.147171 
600.11 30.6253 14.9716 14.9667 0.00380458 6.37178 0.083806 0.0546624 0.0003 -3.11787 0.131073 
600.11 50.0008 14.1428 14.1428 7.24431e-05 -0.000219604 0.098217 0.0546624 0.0003 0.547131 -2.15942 
600.11 30.4273 14.9806 14.9823 -0.00445855 7.08169 0.119191 0.0546624 0.503 -3.14217 -0.0314875 
600.11 30.9207 14.9582 14.9597 -0.00440042 8.39444 0.119253 0.0546624 0.503 -2.78604 -0.0176587 
600.11 30.4499 14.9796 14.9807 -0.00274057 7.87463 0.111315 0.0546624 0.503 -2.9107 -0.11995 
600.11 30.5691 14.9742 14.9759 -0.00280392 6.52793 0.111401 0.0546624 0.503 -3.08121 -0.147449 
600.11 50.0084 14.1425 14.1425 -9.98211e-05 -0.00301276 0.0990443 0.0546624 0.0003 3.05606 -2.8995 
600.11 30.2678 14.9878 14.99 -0.00380481 7.01326 0.115631 0.0546624 0.503 -3.00389 -0.115088 
600.11 30.0364 14.9983 14.97 0.0589828 7.20507 0.000833975 0.0546624 0.0003 -3.02854 -0.0309235 
600.11 32.4129 14.8912 14.8936 -0.00049815 7.04558 0.0993467 0.0546624 0.503 -3.33711 -0.111575 
600.11 34.6128 14.7931 14.6933 0.18894 4.97272 5.93202e-09 0.0546624 0.0003 -2.86876 -0.489393 
600.11 30.3411 14.9845 14.9877 -0.0069307 6.38163 0.129642 0.0546624 0.503 -2.8882 0.0664659 
600.11 30.8305 14.9624 14.9656 -0.00381714 6.87166 0.114799 0.0546624 0.503 -3.1534 0.134618 
600.11 31.379 14.9376 14.9379 -0.00139721 6.62174 0.105109 0.0546624 0.503 -2.86229 -0.225705 
600.11 31.2923 14.9415 14.9437 -0.00667253 6.28673 0.129316 0.0546624 0.503 -3.09996 -0.235285 
600.11 30.2301 14.9895 14.9909 -0.00199951 7.29603 0.107299 0.0546624 0.503 -2.99627 -0.106584 
600.11 32.3626 14.8933 14.8952 -0.00789965 8.20014 0.135036 0.0546624 0.503 -3.25434 -0.24192 
600.11 40.9593 14.5178 14.5214 -0.00642184 4.0293 0.126846 0.0546624 0.503 -2.3756 -0.622878 
600.11 31.0479 14.9525 14.9412 0.014526 7.01454 0.0432119 0.0546624 0.0003 -2.94034 0.221644 
600.11 50 14.1429 14.1429 3.15657e-09 2.72514e-05 0.0985531 0.0546624 0.0003 -0.359334 3.43335 
600.11 31.6295 14.9263 14.9283 -0.00408984 7.40385 0.117423 0.0546624 0.503 -2.91421 0.275332 
600.11 30.4545 14.9793 14.9765 0.00136466 6.18589 0.094007 0.0546624 0.0003 -3.01001 -0.149577 
600.11 49.9999 14.1429 14.1429 3.02518e-06 3.90089e-05 0.0985393 0.0546624 0.0003 -2.25059 -3.38915 
600.11 30.3255 14.9852 14.9576 0.0650323 7.96453 0.000448556 0.0546624 0.0003 -3.09192 -0.0874766 
600.11 30.4463 14.9798 14.9836 -0.00696041 7.11488 0.129351 0.0546624 0.503 -2.91259 0.120559 
600.11 30.2725 14.9876 14.9895 -0.00280196 7.53696 0.110851 0.0546624 0.503 -3.11454 -0.0167422 
600.11 30.5109 14.9768 14.9776 -0.0011696 6.66548 0.103664 0.0546624 0.503 -2.85242 0.0598208 
600.11 31.1017 14.95 14.9536 -0.00617398 6.42846 0.125833 0.0546624 0.503 -3.2348 -0.0174451 
600.11 30.2341 14.9894 14.9907 -0.00320051 7.0245 0.113408 0.0546624 0.503 -3.08053 0.0713422 
600.11 30.2527 14.9885 14.9669 0.0414611 7.53989 0.00426635 0.0546624 0.0003 -3.00095 -0.111499 
600.11 30.8557 14.9612 14.9634 -0.00500413 6.76891 0.121574 0.0546624 0.503 -3.12258 0.167064 
600.11 31.4638 14.9338 14.9377 -0.00961122 7.0461 0.140986 0.0546624 0.503 -2.82494 0.209407 
600.11 30.7154 14.9676 14.9704 -0.00557283 7.14262 0.123483 0.0546624 0.503 -3.18144 0.0527847 
600.11 30.2212 14.9899 14.9903 -0.00100122 6.71459 0.103188 0.0546624 0.503 -3.01573 0.103027 
600.11 32.1028 14.905 14.9087 -0.00732307 7.69686 0.131149 0.0546624 0.503 -2.82262 0.278472 
600.11 30.8481 14.9616 14.962 -0.000545673 7.19344 0.101178 0.0546624 0.503 -3.03577 -0.203035 
600.11 30.2867 14.987 14.9912 -0.00575532 6.55043 0.123278 0.0546624 0.503 -2.9171 0.0849995 
600.11 41.8253 14.481 14.4834 -0.00761426 3.7558 0.133214 0.0546624 0.503 -2.51818 0.802707 
600.11 30.8129 14.9631 14.9659 -0.00482979 7.8886 0.120085 0.0546624 0.503 -2.79917 0.0155331 
600.11 30.5707 14.9741 14.9652 0.0130775 6.6608 0.0467374 0.0546624 0.0003 -2.9407 -0.157566 
600.11 30.3032 14.9862 14.9702 0.0256333 8.19705 0.0178037 0.0546624 0.0003 -3.06045 0.106173 
600.11 50 14.1429 14.1429 -1.79631e-10 0.000256375 0.0985532 0.0546624 0.0003 0.34099 -3.81407 
600.11 50.0045 14.1427 14.1428 -0.000172922 -0.000747955 0.099346 0.0546624 0.503 2.28455 -2.91708 
600.11 48.4038 14.2076 14.2086 -0.00259224 0.740231 0.110628 0.0546624 0.503 -1.52266 0.54345 
600.11 33.0983 14.8605 14.8649 -0.00667894 6.79547 0.12768 0.0546624 0.503 -3.21592 -0.343944 
600.11 30.4681 14.9787 14.9784 -0.00117871 7.07061 0.104817 0.0546624 0.503 -3.02841 -0.149458 
600.11 31.2457 14.9435 14.9263 0.0220811 6.96579 0.0250948 0.0546624 0.0003 -2.90036 0.230227 
600.11 50 14.1429 14.1429 3.34107e-08 0.000385819 0.098553 0.0546624 0.0003 0.902314 -4.03743 
600.11 31.3659 14.9381 14.9213 0.0290879 7.3834 0.0130613 0.0546624 0.0003 -2.99303 0.263132 
600.11 31.9258 14.913 14.9169 -0.00528306 7.44853 0.12123 0.0546624 0.503 -2.75367 -0.196408 
600.11 31.2957 14.9414 14.9478 -0.0114385 6.06471 0.146668 0.0546624 0.503 -3.00693 0.256251 
600.11 30.2604 14.9882 14.9894 0.00284072 6.44202 0.0832555 0.0546624 0.0003 -3.11143 0.0215357 
600.11 33.6226 14.8372 14.8393 -0.00540696 6.30106 0.123528 0.0546624 0.503 -3.35479 -0.264797 
600.11 30.6199 14.9718 14.9742 -0.00729118 6.90364 0.131867 0.0546624 0.503 -3.05706 0.165911 
600.11 30.5654 14.9744 14.9764 -0.00397388 6.36638 0.116727 0.0546624 0.503 -3.16739 0.00961466 
600.11 30.3745 14.983 14.9774 0.0111371 6.63736 0.0517764 0.0546624 0.0003 -2.95228 -0.127477 
600.11 30.6064 14.9724 14.9746 -0.00467123 8.08465 0.119959 0.0546624 0.503 -2.85082 0.089389 
600.11 30.2879 14.9869 14.9802 0.015447 6.43577 0.0374592 0.0546624 0.0003 -2.95272 -0.109483 
600.11 50 14.1429 14.1429 3.07524e-08 -8.7897e-05 0.098553 0.0546624 0.0003 -0.812639 -3.37367 
600.11 30.3502 14.9841 14.9874 -0.00498919 8.04395 0.120175 0.0546624 0.503 -3.07496 0.108379 
600.11 30.3458 14.9843 14.9861 -0.00287853 6.79441 0.111726 0.0546624 0.503 -2.91019 0.0952589 
600.11 30.7024 14.9681 14.9681 -0.00110087 7.66443 0.104211 0.0546624 0.503 -2.83858 0.0945341 
600.11 30.6764 14.9693 14.974 -0.00980111 6.20895 0.141113 0.0546624 0.503 -3.17146 -0.0663472 
600.11 30.8159 14.9631 14.9643 -0.00367711 6.93731 0.115886 0.0546624 0.503 -2.81694 -0.0858969 
600.11 30.2417 14.989 14.9883 0.0027118 6.55976 0.0856303 0.0546624 0.0003 -3.08513 0.0684321 
600.11 30.4608 14.9791 14.9807 -0.00430194 7.67419 0.118523 0.0546624 0.503 -2.84872 -0.00370348 
600.11 30.7731 14.965 14.9684 -0.0070562 8.05145 0.130118 0.0546624 0.503 -3.16202 -0.111068 
600.11 50 14.1429 14.1429 -1.07499e-07 -9.04374e-05 0.0985537 0.0546624 0.0003 1.71184 3.67655 
600.11 47.0165 14.2645 14.2607 0.00918526 1.1526 0.0582509 0.0546624 0.0003 -2.92688 -1.36355 
600.11 40.8746 14.5216 14.5255 -0.0107148 3.66923 0.145844 0.0546624 0.503 -2.17816 0.306415 
600.11 30.2248 14.9898 14.9827 0.0116778 7.52747 0.0507228 0.0546624 0.0003 -3.04073 -0.0969815 
600.11 30.6549 14.9702 14.9665 0.00189689 7.48258 0.0921516 0.0546624 0.0003 -3.02248 -0.179047 
600.11 30.6882 14.9687 14.9692 -0.00152869 7.50499 0.105586 0.0546624 0.503 -3.17699 -0.0546254 
600.11 30.5094 14.9769 14.9789 -0.00346778 6.7481 0.114254 0.0546624 0.503 -2.86108 0.0777717 
600.11 32.2935 14.8965 14.8991 -0.00762771 6.23769 0.133413 0.0546624 0.503 -3.15366 0.309573 
600.11 50 14.1429 14.1429 1.74275e-08 0.000107115 0.0985531 0.0546624 0.0003 -1.25129 3.76636 
600.11 30.315 14.9857 14.9844 0.000801295 6.55919 0.0955091 0.0546624 0.0003 -3.1092 0.0600709 
600.11 31.1832 14.9464 14.9477 -0.00326265 6.94496 0.113434 0.0546624 0.503 -2.75909 0.0428291 
600.11 31.2658 14.9426 14.9453 -0.00580156 7.68866 0.124667 0.0546624 0.503 -3.07567 0.241418 
600.11 30.3725 14.9831 14.9847 -0.0028943 6.29406 0.111666 0.0546624 0.503 -3.02339 -0.133566 
600.11 31.1069 14.9499 14.9531 -0.00719374 8.33449 0.130936 0.0546624 0.503 -3.00249 -0.235991 
600.11 30.4494 14.9797 14.9811 -0.00188241 7.83387 0.10699 0.0546624 0.503 -3.07574 -0.128739 
600.11 49.9983 14.1429 14.143 -9.80979e-05 0.00122471 0.099001 0.0546624 0.0003 -1.66041 -2.72341 
600.11 31.2891 14.9416 14.9438 -0.00643059 6.79806 0.128094 0.0546624 0.503 -3.25509 -0.0151419 
600.11 30.5874 14.9734 14.9769 -0.00441186 7.53462 0.117651 0.0546624 0.503 -3.03477 -0.167193 
600.11 30.3545 14.9839 14.9839 0.000973111 6.87974 0.093678 0.0546624 0.0003 -3.07547 -0.10883 
600.11 49.9998 14.1429 14.1429 -2.03282e-05 0.000121983 0.0986469 0.0546624 0.0003 -1.36764 2.9101 
600.11 36.6253 14.7046 14.6557 0.0747455 5.06053 0.000253068 0.0546624 0.0003 -2.47204 -0.33956 
600.11 37.7301 14.6566 14.5936 0.12606 4.13336 1.7747e-06 0.0546624 0.0003 -3.17552 -0.669239 
600.11 30.7503 14.9659 14.9678 -0.00457878 7.5343 0.119574 0.0546624 0.503 -2.83514 -0.101621 
600.11 30.6082 14.9724 14.9748 -0.00541353 6.34353 0.123164 0.0546624 0.503 -2.9136 -0.150763 
600.11 50.0132 14.1423 14.1423 -2.79207e-05 -0.00512369 0.0986825 0.0546624 0.0003 2.54268 -2.78565 
600.11 31.3081 14.9407 14.9452 -0.0115467 7.46496 0.148124 0.0546624 0.503 -2.74428 0.0289373 
600.11 30.3765 14.983 14.9844 -0.00307654 7.17621 0.113039 0.0546624 0.503 -2.86706 0.0316786 
600.11 50.0032 14.1427 14.1427 -3.57248e-05 -0.00129538 0.098718 0.0546624 0.0003 1.46749 -2.64649 
600.11 30.2085 14.9905 14.9622 0.0581005 7.61746 0.000910435 0.0546624 0.0003 -3.01253 -0.100457 
600.11 30.1834 14.9917 14.9796 0.0300401 8.48456 0.0109835 0.0546624 0.0003 -3.09325 -0.0187811 
600.11 32.6064 14.8824 14.8813 -0.000230224 6.84628 0.100189 0.0546624 0.503 -2.63506 0.0611275 
600.11 47.9234 14.2272 14.2098 0.0319776 0.715853 0.00999871 0.0546624 0.0003 -1.53054 0.244962 
600.11 31.0798 14.9511 14.9454 0.0101097 7.49038 0.0559257 0.0546624 0.0003 -3.12052 -0.199646 
600.11 30.6202 14.9718 14.9653 0.00474268 6.30279 0.0805856 0.0546624 0.0003 -3.17506 0.0122278 
600.11 31.3571 14.9386 14.9049 0.0775458 7.16601 0.000141451 0.0546624 0.0003 -2.74358 0.0559439 
600.11 30.8784 14.9602 14.9609 -0.00083329 6.26748 0.102333 0.0546624 0.503 -3.20804 -0.02817 
600.11 50.0001 14.1429 14.1428 1.12349e-05 -5.88496e-05 0.0985016 0.0546624 0.0003 2.29329 3.46567 
600.11 50.0038 14.1427 14.1427 -8.32049e-05 -0.00133601 0.0989468 0.0546624 0.0003 0.971998 2.25463 
600.11 33.1968 14.8561 14.8569 -0.0036364 7.14763 0.116557 0.0546624 0.503 -2.83766 -0.379708 
600.11 30.568 14.9742 14.9761 -0.00221791 6.9887 0.1078 0.0546624 0.503 -2.88647 -0.123579 
600.11 31.7665 14.9202 14.9207 -0.00285724 6.48426 0.112476 0.0546624 0.503 -2.71611 0.0996186 
600.11 46.9612 14.2667 14.2556 0.0230487 1.12761 0.0207486 0.0546624 0.0003 -1.7993 -0.636262 
600.11 30.3902 14.9823 14.9827 -0.00168557 7.87299 0.106634 0.0546624 0.503 -3.08672 -0.108843 
600.11 49.9913 14.1432 14.143 0.000302582 0.00215029 0.0971756 0.0546624 0.0003 -1.83236 -2.49325 
600.11 30.3076 14.9861 14.9874 -0.00266864 7.54052 0.110883 0.0546624 0.503 -2.89359 0.062507 
600.11 44.4086 14.3724 14.3572 0.0226502 2.24998 0.0230462 0.0546624 0.0003 -1.88403 -0.0583989 
600.11 30.7535 14.9659 14.9712 -0.0126175 6.83527 0.151867 0.0546624 0.503 -2.85469 -0.128843 
600.11 31.0534 14.9523 14.9541 -0.00418921 7.14668 0.117797 0.0546624 0.503 -2.84079 0.166204 
600.11 40.6013 14.5331 14.5382 -0.0117742 3.83949 0.149317 0.0546624 0.503 -3.53901 -0.670208 
600.11 30.3944 14.9821 14.9832 -0.00344781 7.83478 0.114953 0.0546624 0.503 -2.89608 0.0931282 
600.11 30.8341 14.9622 14.9664 -0.00796937 6.69687 0.133773 0.0546624 0.503 -3.18182 -0.0930923 
600.11 30.5519 14.9749 14.9719 0.0105945 7.4231 0.0520221 0.0546624 0.0003 -3.15094 0.067618 
600.11 30.4086 14.9814 14.984 -0.00456519 8.05931 0.119021 0.0546624 0.503 -3.10991 -0.0902684 
600.11 39.0006 14.6017 14.6077 -0.00851067 4.1255 0.134163 0.0546624 0.503 -2.50328 -0.582218 
600.11 32.3601 14.8934 14.8972 -0.00658053 7.11474 0.127458 0.0546624 0.503 -2.83102 0.307564 
600.11 33.6286 14.8367 14.7106 0.248756 6.03444 2.20421e-11 0.0546624 0.0003 -2.68504 -0.311138 
600.11 30.4795 14.9782 14.9801 -0.00368567 7.45958 0.115325 0.0546624 0.503 -2.94687 -0.144541 
600.11 32.8236 14.8726 14.8405 0.0451348 6.85537 0.00363541 0.0546624 0.0003 -2.83394 0.348448 
600.11 30.3388 14.9846 14.9768 0.0214382 7.65642 0.0227694 0.0546624 0.0003 -2.88201 -0.0534019 
600.11 44.8534 14.3539 14.3587 -0.0113586 1.98862 0.147353 0.0546624 0.503 -2.24417 -0.871462 
600.11 30.7042 14.9681 14.9702 -0.00213264 6.66571 0.107397 0.0546624 0.503 -2.98887 -0.187228 
600.11 30.1541 14.993 14.9669 0.06329 8.42728 0.000520217 0.0546624 0.0003 -3.07091 0.0508039 
600.11 32.5115 14.8866 14.8263 0.109497 6.39233 9.0881e-06 0.0546624 0.0003 -2.73981 -0.252316 
600.11 30.3311 14.9849 14.9554 0.0609184 6.87505 0.000701726 0.0546624 0.0003 -2.89053 -0.0659891 
600.11 30.478 14.9783 14.98 -0.00335948 7.43907 0.11403 0.0546624 0.503 -3.00365 0.153717 
600.11 34.082 14.8168 14.8195 -0.00356865 6.04049 0.11402 0.0546624 0.503 -3.30077 -0.365117 
600.11 31.0997 14.9501 14.9531 -0.00703413 6.00431 0.130501 0.0546624 0.503 -2.86443 -0.192703 
600.11 30.2879 14.987 14.988 -0.00146283 8.06843 0.1051 0.0546624 0.503 -2.99853 0.119183 
600.11 30.0768 14.9965 14.9897 0.0186214 7.571 0.0286955 0.0546624 0.0003 -3.01027 0.0607368 
600.11 30.912 14.9587 14.9169 0.0950303 8.42789 2.79772e-05 0.0546624 0.0003 -2.97595 0.212533 
600.11 32.9167 14.8685 14.8703 -0.00679229 6.19403 0.13015 0.0546624 0.503 -2.61001 0.0470928 
600.11 35.6181 14.749 14.7538 -0.0119706 6.46914 0.149563 0.0546624 0.503 -2.60261 -0.406754 
600.11 30.5924 14.9731 14.9731 -0.00196011 6.5336 0.108264 0.0546624 0.503 -2.96392 -0.167679 
600.11 50.0003 14.1428 14.1428 4.90659e-05 -0.000300437 0.0983261 0.0546624 0.0003 1.90508 3.24237 
600.11 36.2603 14.7207 14.6625 0.114743 4.65128 5.11701e-06 0.0546624 0.0003 -3.59984 0.0894988 
600.11 50.0043 14.1427 14.1426 8.61987e-05 -0.00246144 0.0981591 0.0546624 0.0003 2.09853 2.8743 
600.11 30.2994 14.9864 14.9878 -0.00163206 7.19602 0.105318 0.0546624 0.503 -3.0621 -0.104674 
600.11 30.722 14.9673 14.9695 0.00353807 6.50552 0.0790112 0.0546624 0.0003 -3.15852 -0.104663 
600.11 30.646 14.9707 14.9717 -0.00249794 7.05356 0.11028 0.0546624 0.503 -2.8268 -0.0474565 
600.11 43.7946 14.398 14.3258 0.139478 1.99557 5.3918e-07 0.0546624 0.0003 -2.01477 0.419318 
600.11 30.4184 14.981 14.982 -0.00239199 6.36311 0.109572 0.0546624 0.503 -3.14356 -0.00877848 
600.11 32.9248 14.8682 14.8699 -0.00331332 6.03129 0.11376 0.0546624 0.503 -2.77116 0.320248 
600.11 30.2996 14.9864 14.9846 0.00457283 7.68058 0.0775475 0.0546624 0.0003 -3.09732 -0.0730298 
600.11 32.7098 14.8777 14.8801 -0.00831499 6.53393 0.136142 0.0546624 0.503 -3.31625 -0.206356 
600.11 30.3055 14.9861 14.987 -0.00197393 6.80973 0.107645 0.0546624 0.503 -3.05199 -0.111522 
600.11 30.1403 14.9937 14.972 0.0546345 7.36028 0.00114707 0.0546624 0.0003 -2.92815 -0.0420855 
600.11 30.2689 14.9878 14.9907 -0.00579221 6.93762 0.12438 0.0546624 0.503 -3.11497 -0.00174825 
600.11 30.4517 14.9794 14.9837 -0.00883279 6.59888 0.137283 0.0546624 0.503 -3.1342 -0.0657108 
600.11 38.7887 14.6108 14.5225 0.171802 3.50325 2.72728e-08 0.0546624 0.0003 -2.26701 -0.172388 
600.11 32.6305 14.8813 14.8053 0.141793 7.25478 4.58357e-07 0.0546624 0.0003 -2.75055 0.275329 
600.11 35.4889 14.7544 14.7588 -0.0138053 5.65116 0.156346 0.0546624 0.503 -2.46619 -0.170915 
600.11 31.0947 14.9504 14.9532 -0.00580779 6.54778 0.124544 0.0546624 0.503 -3.00338 -0.234857 
600.11 30.2003 14.9909 14.9919 -0.00159069 6.61432 0.105826 0.0546624 0.503 -3.04531 -0.0885985 
600.11 30.7088 14.9678 14.9673 -0.000892796 7.27175 0.103517 0.0546624 0.503 -3.1413 -0.12428 
600.11 31.0973 14.9502 14.9552 -0.00965074 7.24296 0.140173 0.0546624 0.503 -3.10883 0.208214 
600.11 50 14.1429 14.1429 -1.59557e-06 -9.84935e-05 0.0985606 0.0546624 0.0003 -1.1632 -3.39085 
600.11 30.3042 14.9862 14.9883 -0.00412962 6.42471 0.117516 0.0546624 0.503 -3.11859 0.0300473 
600.11 30.3808 14.9827 14.9827 -0.00112147 7.43598 0.104183 0.0546624 0.503 -3.13661 0.0132613 
600.11 37.4858 14.6672 14.6003 0.134011 4.56785 8.52413e-07 0.0546624 0.0003 -2.6826 0.598847 
600.11 50 14.1429 14.1429 8.13028e-10 8.39818e-05 0.0985532 0.0546624 0.0003 0.266212 3.88583 
600.11 30.7834 14.9644 14.9675 -0.00492199 6.93462 0.120307 0.0546624 0.503 -2.85946 -0.139144 
600.11 37.8543 14.6513 14.6463 0.017144 4.8804 0.0316758 0.0546624 0.0003 -2.72083 -0.64102 
600.11 31.4651 14.9337 14.9329 -0.000849641 7.02372 0.103959 0.0546624 0.503 -2.80023 -0.186107 
600.11 40.1159 14.5539 14.5567 -0.00904891 4.27462 0.139254 0.0546624 0.503 -2.7387 -0.789038 
600.11 32.013 14.9091 14.9115 -0.00564197 7.15952 0.124202 0.0546624 0.503 -3.0736 0.314113 
600.11 30.6802 14.9692 14.9708 -0.00190273 6.22389 0.106477 0.0546624 0.503 -3.04319 -0.17923 
600.11 31.7925 14.919 14.9238 -0.0102994 6.48981 0.143098 0.0546624 0.503 -2.78384 0.212919 
600.11 30.3489 14.9842 14.9854 -0.00180093 7.14142 0.106685 0.0546624 0.503 -2.8971 -0.0813658 
600.11 50.0009 14.1428 14.1427 0.000199635 -0.00135956 0.0976301 0.0546624 0.0003 1.94878 3.07399 
600.11 30.9709 14.956 14.9571 -0.00141571 5.88866 0.104563 0.0546624 0.503 -3.16717 0.1442 
600.11 30.4771 14.9783 14.9801 -0.00395669 6.82779 0.116644 0.0546624 0.503 -3.07213 0.135674 
600.11 30.7156 14.9675 14.9697 -0.00327026 6.75684 0.11273 0.0546624 0.503 -2.86088 -0.128192 
600.11 30.4252 14.9807 14.983 -0.00379453 6.91902 0.115346 0.0546624 0.503 -2.88429 -0.0873886 
600.11 30.317 14.9857 14.9857 -0.000331636 7.46908 0.100297 0.0546624 0.503 -2.91763 -0.0944623 
600.11 31.6854 14.9238 14.9256 -0.00501471 6.90875 0.122088 0.0546624 0.503 -2.71265 0.0608013 
600.11 30.9043 14.959 14.9609 -0.00533821 5.84648 0.123338 0.0546624 0.503 -3.01557 0.212397 
600.11 30.5244 14.9762 14.9774 -0.0038323 6.42268 0.11678 0.0546624 0.503 -2.91595 0.137848 
600.11 30.5403 14.9755 14.9797 -0.00909987 7.31706 0.138391 0.0546624 0.503 -2.89226 -0.123129 
600.11 30.481 14.9782 14.9814 -0.00629917 6.85074 0.127082 0.0546624 0.503 -3.01334 -0.154085 
600.11 30.4397 14.98 14.9817 -0.00266768 6.9841 0.110383 0.0546624 0.503 -2.85401 0.0203768 
600.11 30.4618 14.979 14.9815 -0.00460993 6.42153 0.11922 0.0546624 0.503 -3.08103 -0.127984 
600.11 39.0731 14.5986 14.5728 0.0455948 4.13002 0.0030533 0.0546624 0.0003 -2.31297 0.346843 
600.11 31.5855 14.9283 14.9306 -0.00045358 6.65934 0.0990477 0.0546624 0.0003 -3.0673 -0.276535 
600.11 34.8866 14.781 14.7834 -0.00595912 6.52885 0.125334 0.0546624 0.503 -2.49547 -0.140605 
600.11 33.3168 14.8508 14.8293 0.0524639 6.56044 0.00142005 0.0546624 0.0003 -2.63622 0.213077 
600.11 30.93 14.9579 14.9609 -0.00677056 5.78351 0.129296 0.0546624 0.503 -3.21259 -0.0389702 
600.11 33.3803 14.8478 14.8501 -0.00626773 7.10288 0.127537 0.0546624 0.503 -3.40406 -0.134247 
600.11 36.3172 14.7184 14.7265 -0.0164846 5.64518 0.163394 0.0546624 0.503 -2.3933 0.063902 
600.11 32.4584 14.8891 14.8922 -0.00619424 6.82139 0.126407 0.0546624 0.503 -2.83228 0.316917 
600.11 30.9069 14.9589 14.9583 -0.000332368 5.83674 0.100575 0.0546624 0.503 -2.79442 0.0565493 
600.11 32.3424 14.8942 14.8973 -0.00479236 7.67712 0.119699 0.0546624 0.503 -3.2754 -0.214654 
600.11 31.2002 14.9456 14.9111 0.0576783 7.146 0.00107023 0.0546624 0.0003 -2.82255 0.170467 
600.11 32.6921 14.8785 14.8154 0.112088 6.2548 7.37908e-06 0.0546624 0.0003 -2.63944 0.107267 
600.11 30.5751 14.9739 14.9745 -0.0017264 8.41761 0.106731 0.0546624 0.503 -3.16439 0.0405222 
600.11 30.3089 14.986 14.9879 -0.00344316 7.10449 0.114053 0.0546624 0.503 -3.09285 -0.0817469 
600.11 30.652 14.9704 14.9725 -0.00321926 8.18993 0.112928 0.0546624 0.503 -3.12327 0.131464 
600.11 30.7592 14.9656 14.9668 -0.00163194 6.90923 0.106094 0.0546624 0.503 -2.99091 0.194344 
600.11 30.0717 14.9967 14.9852 0.0212229 7.74546 0.0246439 0.0546624 0.0003 -2.95347 0.0365966 
600.11 30.625 14.9716 14.9725 -0.00212218 7.51002 0.108442 0.0546624 0.503 -3.16607 -0.0589653 
600.11 31.3466 14.9391 14.9405 -0.00260025 7.01825 0.110534 0.0546624 0.503 -2.90848 0.244839 
600.11 31.3701 14.938 14.9284 0.0176859 7.50385 0.0324875 0.0546624 0.0003 -2.95917 -0.26051 
600.11 30.7255 14.9671 14.9691 -0.00352477 7.11557 0.114191 0.0546624 0.503 -2.90573 0.165538 
600.11 30.9476 14.957 14.9555 -0.00122452 7.02786 0.105779 0.0546624 0.503 -2.95517 -0.213248 
600.11 48.1145 14.2194 14.2042 0.0297712 0.63259 0.0118877 0.0546624 0.0003 -3.09657 -1.51813 
600.11 31.5424 14.9302 14.8741 0.116394 7.14248 4.16473e-06 0.0546624 0.0003 -3.0211 -0.279577 
600.11 49.9995 14.1429 14.1429 1.91579e-05 0.000214473 0.0984657 0.0546624 0.0003 -0.440397 1.97241 
600.11 31.169 14.9471 14.9474 -0.00169158 6.66937 0.106765 0.0546624 0.503 -3.1977 0.141161 
600.11 30.7889 14.9642 14.9638 -0.00110423 6.72874 0.104677 0.0546624 0.503 -2.91765 -0.18088 
600.11 30.6059 14.9725 14.9746 -0.00332021 8.39042 0.113158 0.0546624 0.503 -3.12128 -0.124315 
600.11 32.2011 14.9005 14.9016 -0.00588636 7.80456 0.126381 0.0546624 0.503 -2.71252 -0.177418 
600.11 50.0005 14.1428 14.1428 9.95571e-05 -0.000714249 0.0980932 0.0546624 0.0003 1.14078 2.77157 
600.11 30.3492 14.9842 14.9685 0.0410551 8.75911 0.00400079 0.0546624 0.0003 -2.89269 -0.0760499 
600.11 40.3277 14.5448 14.5291 0.0255599 3.83487 0.0177988 0.0546624 0.0003 -2.31695 0.495264 
600.11 30.4248 14.9807 14.983 -0.00452233 7.50058 0.119059 0.0546624 0.503 -2.85522 0.00451419 
600.11 30.4648 14.9789 14.9799 -0.00276955 7.06503 0.111489 0.0546624 0.503 -3.08832 -0.123731 
600.11 30.3052 14.9862 14.9863 -0.000648744 6.53088 0.101712 0.0546624 0.503 -2.94823 -0.11145 
600.11 30.3061 14.9861 14.9875 -0.0035888 7.62981 0.11541 0.0546624 0.503 -3.01693 -0.121675 
600.11 30.5925 14.9732 14.9755 0.00730489 7.69876 0.0616882 0.0546624 0.0003 -2.87825 -0.12134 
600.11 41.1415 14.5102 14.5136 -0.00355128 3.74489 0.113828 0.0546624 0.503 -2.14543 -0.259862 
600.11 30.162 14.9927 14.9868 0.0173587 8.01043 0.0315052 0.0546624 0.0003 -2.9605 0.0802612 
600.11 30.5365 14.9757 14.9808 -0.00287221 7.84319 0.108194 0.0546624 0.503 -2.86163 0.0868367 
600.11 32.9868 14.8655 14.8658 -0.00452847 6.80116 0.120983 0.0546624 0.503 -2.61682 0.107383 
600.11 30.3978 14.9819 14.9814 -0.000813177 6.98985 0.103 0.0546624 0.503 -3.1113 0.0851373 
600.11 30.1731 14.9921 14.9387 0.116002 8.52438 4.14182e-06 0.0546624 0.0003 -2.91745 0.041115 
600.11 30.6972 14.9684 14.9695 -0.00229882 7.91501 0.108999 0.0546624 0.503 -2.81433 0.0183088 
600.11 32.7145 14.8775 14.8774 -0.000939715 6.05711 0.103423 0.0546624 0.503 -2.68068 -0.202033 
600.11 33.931 14.8235 14.8305 -0.0160404 6.75088 0.162276 0.0546624 0.503 -3.05814 -0.459653 
600.11 30.2197 14.99 14.9905 -0.000336558 6.62649 0.0997587 0.0546624 0.503 -3.10415 -0.00317974 
600.11 31.1463 14.9481 14.9502 -0.00356574 6.92268 0.114509 0.0546624 0.503 -2.83535 0.175194 
600.11 30.3345 14.9848 14.9846 0.000502278 6.41314 0.0962615 0.0546624 0.0003 -2.96201 0.12287 
600.11 50.0002 14.1428 14.1428 7.18456e-05 -0.000102608 0.0982199 0.0546624 0.0003 0.445837 2.37376 
600.11 30.4156 14.9811 14.9813 0.000959518 7.50788 0.0936418 0.0546624 0.0003 -3.14349 0.00261068 
600.11 30.9543 14.9568 14.9621 -0.0103549 7.79663 0.1433 0.0546624 0.503 -2.83457 -0.143643 
600.11 30.5809 14.9736 14.9758 -0.00298808 7.04873 0.111558 0.0546624 0.503 -2.84025 -0.0576241 
600.11 30.5531 14.9749 14.9779 -0.00625574 6.60375 0.126661 0.0546624 0.503 -2.86414 0.0947973 
600.11 30.3415 14.9845 14.9893 -0.00658415 7.35872 0.126639 0.0546624 0.503 -3.06101 -0.114466 
600.11 35.4214 14.7576 14.7394 0.046065 6.59618 0.00254092 0.0546624 0.0003 -2.71987 0.481065 
600.11 38.1541 14.6383 14.6407 -0.00206139 4.19745 0.107115 0.0546624 0.503 -2.28732 -0.0750522 
600.11 30.331 14.985 14.9858 -0.00197178 6.45558 0.107714 0.0546624 0.503 -2.8945 -0.0726601 
600.11 30.5848 14.9734 14.9751 -0.00479309 7.28667 0.120935 0.0546624 0.503 -3.17017 0.00775681 
600.11 30.6207 14.9719 14.9763 -0.00209205 7.52275 0.105019 0.0546624 0.503 -2.83355 0.0571311 
600.11 31.2228 14.9446 14.9483 -0.00630031 7.65946 0.126613 0.0546624 0.503 -3.18388 0.167171 
600.11 30.7725 14.965 14.9675 -0.00485753 6.56487 0.12017 0.0546624 0.503 -3.06405 -0.185706 
600.11 30.401 14.9818 14.9794 0.00461345 7.01303 0.0778961 0.0546624 0.0003 -3.0397 0.135189 
600.11 31.5727 14.9289 14.8752 0.118574 6.69003 3.21085e-06 0.0546624 0.0003 -3.28296 0.0136848 
600.11 30.5305 14.9759 14.9683 0.0153929 7.40825 0.0379106 0.0546624 0.0003 -3.03245 0.158906 
600.11 30.5624 14.9745 14.978 -0.0051818 7.92449 0.120984 0.0546624 0.503 -2.84524 -0.0626784 
600.11 30.9416 14.9574 14.9592 -0.00648665 6.1722 0.129014 0.0546624 0.503 -3.11286 0.185935 
600.11 31.6603 14.925 14.926 -0.00210275 6.93891 0.108186 0.0546624 0.503 -3.06255 0.284837 
600.11 30.9729 14.9558 14.9185 0.0641068 7.29959 0.000589047 0.0546624 0.0003 -2.89192 0.192599 
600.11 30.289 14.9868 14.9782 0.0117883 6.69953 0.0513911 0.0546624 0.0003 -2.88714 -0.0386814 
600.11 30.4272 14.9806 14.9833 -0.00573697 6.92076 0.124512 0.0546624 0.503 -2.8651 -0.0539757 
600.11 37.3419 14.6734 14.5566 0.22525 4.07044 2.02287e-10 0.0546624 0.0003 -2.49054 0.434111 
600.11 30.7182 14.9674 14.9688 -0.00443833 6.2619 0.119417 0.0546624 0.503 -2.84795 0.112937 
600.11 50 14.1429 14.1429 1.86426e-07 2.08921e-05 0.0985523 0.0546624 0.0003 0.267945 3.20054 
600.11 39.1516 14.5953 14.5982 -0.00471507 3.89924 0.119442 0.0546624 0.503 -2.97088 -0.773685 
600.11 30.3107 14.9859 14.9872 -0.00284146 7.49921 0.11156 0.0546624 0.503 -3.10473 -0.065837 
600.11 49.9689 14.1441 14.1442 -0.000175642 0.015279 0.0993528 0.0546624 0.503 -1.41948 -1.95941 
600.11 30.5816 14.9736 14.9747 -0.0013093 7.51427 0.104143 0.0546624 0.503 -3.15156 -0.0775458 
600.11 48.8457 14.1896 14.1722 0.0328266 0.316046 0.00920643 0.0546624 0.0003 -2.35932 1.54404 
600.11 30.6068 14.9725 14.9753 -0.00568059 7.14824 0.124333 0.0546624 0.503 -2.84633 0.0808013 
600.11 30.1273 14.9942 14.984 0.0189604 6.64944 0.0292749 0.0546624 0.0003 -2.92757 -0.0312428 
600.11 30.8522 14.9613 14.9633 -0.00454216 7.44836 0.119448 0.0546624 0.503 -3.19628 -0.0636734 
600.11 49.5236 14.1621 14.1627 -0.00141598 0.222096 0.105191 0.0546624 0.503 -1.72063 -1.42321 
600.11 50.0049 14.1427 14.1427 -0.000117057 -0.00157294 0.0990931 0.0546624 0.0003 0.116964 0.724255 
600.11 30.6591 14.9702 14.9724 -0.00390526 6.06953 0.116365 0.0546624 0.503 -3.1807 -0.0162019 
600.11 30.668 14.9697 14.9714 -0.00588407 6.29502 0.126003 0.0546624 0.503 -2.87 -0.128304 
600.11 32.0707 14.9065 14.9075 -0.00189163 6.28437 0.107575 0.0546624 0.503 -2.67603 0.0477527 
600.11 31.0157 14.954 14.9527 0.00792437 7.37132 0.0617961 0.0546624 0.0003 -3.12046 -0.191308 
600.11 50.0035 14.1427 14.1427 6.77593e-06 -0.00180644 0.0985252 0.0546624 0.0003 1.60009 2.70298 
600.11 30.3115 14.9858 14.9873 -0.00233426 7.95195 0.109016 0.0546624 0.503 -2.88057 0.0331218 
600.11 31.7111 14.9226 14.9271 -0.00830543 7.24774 0.134591 0.0546624 0.503 -3.06929 -0.288022 
600.11 49.9995 14.1429 14.1429 -3.69341e-05 0.000753281 0.098723 0.0546624 0.0003 -0.496243 2.00896 
600.11 40.1822 14.5509 14.5128 0.0536708 3.0377 0.00173433 0.0546624 0.0003 -2.18992 0.201798 
600.11 30.7143 14.9675 14.9689 -0.00295143 6.60037 0.111825 0.0546624 0.503 -3.05375 0.181138 
600.11 30.5781 14.9737 14.9766 -0.00519727 6.99244 0.121913 0.0546624 0.503 -2.96333 -0.165637 
600.11 30.3159 14.9857 14.9861 0.00779016 6.56855 0.0609965 0.0546624 0.0003 -2.93293 -0.105621 
600.11 30.5816 14.9736 14.9086 0.136681 7.41582 6.29201e-07 0.0546624 0.0003 -3.16992 0.00259953 
600.11 31.2364 14.944 14.9423 0.00111757 7.80623 0.0944865 0.0546624 0.0003 -3.10645 -0.22625 
600.11 31.6719 14.9244 14.9262 -0.0021878 7.39761 0.107942 0.0546624 0.503 -3.19717 -0.216229 
600.11 31.9991 14.9097 14.9124 -0.00735222 7.62586 0.13207 0.0546624 0.503 -3.28141 0.155087 
600.11 30.6368 14.9712 14.9764 -0.000836111 7.64635 0.0980277 0.0546624 0.0003 -2.96108 -0.173958 
600.11 41.504 14.4947 14.4833 0.028634 3.75183 0.0124059 0.0546624 0.0003 -2.81447 0.897013 
600.11 30.2657 14.9879 14.99 -0.00373212 6.36082 0.115282 0.0546624 0.503 -3.01017 0.114244 
600.11 30.3482 14.9842 14.9864 -0.00411736 7.15965 0.117245 0.0546624 0.503 -2.86991 0.0153322 
600.11 39.919 14.5623 14.5446 0.038864 3.80583 0.00513362 0.0546624 0.0003 -2.22107 0.25424 
600.11 30.4238 14.9808 14.98 -0.000235219 6.29234 0.100453 0.0546624 0.503 -3.13766 -0.045232 
600.11 49.9994 14.1429 14.1429 2.19158e-05 0.000330738 0.0984537 0.0546624 0.0003 -0.690749 2.22059 
600.11 30.4736 14.9785 14.9805 -0.00397087 6.91237 0.116691 0.0546624 0.503 -3.15069 0.0289331 
600.11 30.2247 14.9898 14.9918 -0.00392907 6.22833 0.116619 0.0546624 0.503 -2.93287 0.081258 
600.11 33.677 14.8346 14.839 -0.00868277 6.00259 0.136404 0.0546624 0.503 -3.03415 -0.444676 
600.11 30.6879 14.9688 14.9706 -0.00231329 7.14431 0.108693 0.0546624 0.503 -2.93759 0.174134 
600.11 30.5644 14.9743 14.9748 -0.000845804 8.11153 0.102232 0.0546624 0.503 -2.97887 0.165935 
600.11 38.8779 14.6071 14.6104 -0.0066547 3.99393 0.128315 0.0546624 0.503 -3.66468 -0.364638 
600.11 31.407 14.9363 14.9393 -0.00584701 6.66208 0.125137 0.0546624 0.503 -2.73285 0.0108782 
600.11 30.4092 14.9814 14.9843 -0.00581114 6.44539 0.124712 0.0546624 0.503 -3.09761 -0.103654 
600.11 30.6336 14.9713 14.9717 -0.00307591 7.60703 0.113414 0.0546624 0.503 -3.14841 -0.0974984 
600.11 31.0851 14.9508 14.9554 -0.00865881 7.32049 0.136363 0.0546624 0.503 -3.23346 0.00965218 
600.11 30.6149 14.9721 14.9393 0.0737908 7.02596 0.000203222 0.0546624 0.0003 -3.16503 0.0580886 
600.11 30.6024 14.9727 14.9739 -0.00203804 8.28695 0.107785 0.0546624 0.503 -2.99369 -0.173134 
600.11 47.8076 14.232 14.2268 0.00474218 0.797889 0.0795058 0.0546624 0.0003 -1.82559 -0.88702 
600.11 30.8863 14.9599 14.9626 -0.00434356 7.17875 0.117903 0.0546624 0.503 -2.79038 -0.0232129 
600.11 30.4859 14.978 14.9765 0.0114239 7.17021 0.0479552 0.0546624 0.0003 -2.8998 -0.11882 
600.11 38.6259 14.6177 14.5703 0.0716956 4.10084 0.000335173 0.0546624 0.0003 -2.32362 -0.308693 
600.11 50 14.1429 14.1429 -2.68657e-07 6.34174e-05 0.0985544 0.0546624 0.0003 -1.41318 3.59432 
600.11 30.5414 14.9754 14.9773 -0.00225839 6.50017 0.108311 0.0546624 0.503 -3.15424 0.0550816 
600.11 30.0798 14.9964 14.9782 0.03474 6.65363 0.0077682 0.0546624 0.0003 -3.00578 0.0621407 
600.11 30.7252 14.967 14.9691 -0.00477005 7.40999 0.120371 0.0546624 0.503 -3.09578 -0.164131 
600.11 32.9532 14.867 14.8761 -0.0187974 5.99551 0.169091 0.0546624 0.503 -3.39226 -0.0502896 
600.11 31.1112 14.9496 14.9569 -0.014906 7.60101 0.158404 0.0546624 0.503 -3.15412 -0.179386 
600.11 30.8591 14.961 14.9611 -0.0016144 6.20106 0.106581 0.0546624 0.503 -3.06067 -0.198289 
600.11 32.7244 14.8772 14.8834 -0.0108671 6.26617 0.144324 0.0546624 0.503 -3.04965 0.375563 
600.11 50 14.1429 14.1429 1.19246e-06 0.000120666 0.0985476 0.0546624 0.0003 0.555767 -3.09192 
600.11 33.4179 14.8463 14.854 -0.0116596 7.52086 0.146764 0.0546624 0.503 -2.69757 -0.303873 
600.11 31.6455 14.9256 14.9039 0.0474542 8.07885 0.00235037 0.0546624 0.0003 -2.71207 -0.0351129 
600.11 31.4025 14.9365 14.9311 0.0110921 6.12514 0.0518303 0.0546624 0.0003 -3.14557 -0.223746 
600.11 30.7711 14.965 14.8664 0.202319 7.5142 1.49766e-09 0.0546624 0.0003 -2.82949 0.0968168 
600.11 30.7879 14.9643 14.9661 -0.00155347 6.72714 0.104898 0.0546624 0.503 -2.8445 -0.123559 
600.11 30.6793 14.9691 14.9659 0.00119715 6.12212 0.0950604 0.0546624 0.0003 -3.12954 0.130409 
600.11 30.9344 14.9576 14.9541 0.00603272 5.7046 0.0721376 0.0546624 0.0003 -3.01085 0.21626 
600.11 30.8218 14.9628 14.9665 -0.00491481 7.31662 0.119863 0.0546624 0.503 -2.97728 0.201706 
600.11 30.9811 14.9556 14.9566 -0.00292788 7.85349 0.112847 0.0546624 0.503 -2.95095 0.216678 
600.11 31.1306 14.9488 14.9568 -0.0164575 7.36456 0.163252 0.0546624 0.503 -3.06704 0.229156 
600.11 30.2779 14.9873 14.9827 0.00412466 6.87603 0.0820832 0.0546624 0.0003 -2.99564 0.116861 
600.11 37.222 14.6788 14.6803 -0.00311533 5.47556 0.11291 0.0546624 0.503 -2.73811 -0.608798 
600.11 31.9027 14.9139 14.9185 -0.00661974 6.65704 0.126755 0.0546624 0.503 -2.89207 -0.294001 
600.11 30.7222 14.9672 14.969 -0.00121888 6.82602 0.103133 0.0546624 0.503 -2.96464 -0.186323 
600.11 49.9982 14.1429 14.143 -8.63481e-05 0.000932132 0.0989512 0.0546624 0.0003 -2.49953 2.97829 
600.11 30.5985 14.9729 14.9743 -0.0034292 6.89714 0.11454 0.0546624 0.503 -2.96196 -0.168383 
600.11 30.3028 14.9863 14.9873 -0.000226179 7.78196 0.0991156 0.0546624 0.0003 -2.89852 -0.0685809 
600.11 34.387 14.8031 14.7356 0.130581 5.32031 1.21948e-06 0.0546624 0.0003 -2.93153 -0.48771 
600.11 30.2747 14.9875 14.9912 -0.00202606 6.45925 0.105124 0.0546624 0.503 -2.88857 0.0335583 
600.11 30.0078 14.9996 14.9915 0.0167572 6.88043 0.0343039 0.0546624 0.0003 -2.98416 -0.0113681 
600.11 38.3055 14.6316 14.5452 0.157878 4.04104 1.08988e-07 0.0546624 0.0003 -3.46586 -0.555463 
600.11 31.7299 14.9218 14.926 -0.00707032 7.42151 0.129592 0.0546624 0.503 -2.81842 -0.236246 
600.11 35.2644 14.7646 14.7667 -0.00332588 5.72562 0.113754 0.0546624 0.503 -2.53152 -0.282361 
600.11 30.8721 14.9604 14.965 -0.00863742 7.29862 0.136252 0.0546624 0.503 -3.19044 -0.0856772 
600.11 31.6278 14.9263 14.9263 -0.00123661 7.06432 0.104365 0.0546624 0.503 -2.74382 0.132238 
600.11 30.3137 14.9858 14.9837 0.00224327 7.5038 0.0891648 0.0546624 0.0003 -2.88023 0.0337787 
600.11 30.8278 14.9625 14.9654 -0.00424077 6.94215 0.117194 0.0546624 0.503 -3.07965 -0.187063 
600.11 30.3007 14.9863 14.9868 -0.00164824 6.96424 0.106521 0.0546624 0.503 -2.87836 -0.00317874 
600.11 34.3611 14.8044 14.806 -0.00518903 6.7792 0.123414 0.0546624 0.503 -2.79816 0.4478 
600.11 36.1624 14.7251 14.7283 -0.00367694 5.64776 0.114183 0.0546624 0.503 -3.48998 0.347793 
600.11 39.4965 14.5804 14.5605 0.0454252 4.50525 0.00279026 0.0546624 0.0003 -2.21938 0.147618 
600.11 50.0006 14.1428 14.1428 6.45424e-05 0.000573017 0.0982547 0.0546624 0.0003 1.5797 3.00452 
600.11 31.9675 14.9111 14.9122 -0.00104521 7.07115 0.102964 0.0546624 0.503 -2.9639 0.316541 
600.11 35.7818 14.7416 14.7437 -0.00480949 5.61724 0.1202 0.0546624 0.503 -2.43689 -0.130544 
600.11 32.5906 14.883 14.8432 0.0621792 6.04399 0.000755672 0.0546624 0.0003 -3.27453 -0.245817 
600.11 30.569 14.9742 14.9766 -0.00167485 6.79003 0.104454 0.0546624 0.503 -2.85087 -0.0773009 
600.11 31.5454 14.93 14.9324 -0.00654174 6.74703 0.128391 0.0546624 0.503 -2.72591 0.0607932 
600.11 47.451 14.2466 14.2477 -0.00323489 1.01993 0.113736 0.0546624 0.503 -1.6833 -0.533763 
600.11 33.933 14.8233 14.8151 0.0199522 6.60185 0.0261337 0.0546624 0.0003 -2.73715 -0.381455 
600.11 30.8618 14.9609 14.9612 -0.00105047 8.08122 0.103628 0.0546624 0.503 -3.12662 -0.164681 
600.11 30.2558 14.9883 14.9901 -0.00353221 7.01342 0.114674 0.0546624 0.503 -3.02592 0.109512 
600.11 30.818 14.9629 14.9639 -0.000665637 6.30962 0.100986 0.0546624 0.503 -3.18417 -0.0837725 
600.11 31.2287 14.9443 14.9457 -0.00514073 6.59411 0.122539 0.0546624 0.503 -3.17928 0.172952 
600.11 30.859 14.9611 14.966 0.000296478 7.96404 0.092626 0.0546624 0.0003 -2.79263 0.00935122 
600.11 34.6829 14.7901 14.7897 -0.00171561 5.49869 0.10745 0.0546624 0.503 -3.46597 0.209968 
600.11 30.6106 14.9723 14.9784 -0.00832687 8.37655 0.133561 0.0546624 0.503 -2.93272 -0.160886 
600.11 30.2599 14.9882 14.9847 0.0041835 6.6552 0.0808318 0.0546624 0.0003 -2.96721 0.108311 
600.11 30.4786 14.9783 14.9805 -0.00413725 6.28498 0.117484 0.0546624 0.503 -3.1375 0.0695523 
600.11 30.9375 14.9575 14.9578 -0.000997809 6.40462 0.103539 0.0546624 0.503 -3.14095 -0.165159 
600.11 30.3304 14.985 14.9858 -0.00262775 6.81204 0.110875 0.0546624 0.503 -2.96883 0.123937 
600.11 30.5508 14.975 14.9773 -0.0033951 6.66664 0.113629 0.0546624 0.503 -2.94785 -0.157231 
600.11 50 14.1429 14.1429 -3.08771e-08 5.54544e-06 0.0985533 0.0546624 0.0003 -0.0631867 -2.97485 
600.11 36.0515 14.7299 14.7295 -0.000792161 5.97744 0.102885 0.0546624 0.503 -2.44852 -0.221944 
600.11 31.4762 14.9332 14.9349 -0.00290214 6.78664 0.111822 0.0546624 0.503 -3.26972 0.0483936 
600.11 30.0196 14.9991 14.991 0.0191829 7.53254 0.0279224 0.0546624 0.0003 -3.03115 0.00145572 
600.11 31.3736 14.9378 14.9395 -0.00390103 8.50424 0.116652 0.0546624 0.503 -2.73817 0.0345015 
600.11 50 14.1429 14.1429 9.93468e-07 0.000300991 0.0985485 0.0546624 0.0003 1.64871 3.87281 
600.11 30.072 14.9967 14.9851 0.0193311 7.12075 0.0291107 0.0546624 0.0003 -2.94427 -0.0201319 
600.11 30.614 14.9721 14.9757 -0.00711739 7.56958 0.13019 0.0546624 0.503 -3.07033 -0.159991 
600.11 30.3542 14.9839 14.9863 -0.00468457 8.39389 0.119791 0.0546624 0.503 -2.9835 0.131109 
600.11 30.789 14.9643 14.9662 -0.00474686 6.00055 0.120602 0.0546624 0.503 -2.97719 -0.19733 
600.11 30.6446 14.9708 14.9716 -0.00178426 6.83977 0.106907 0.0546624 0.503 -2.82255 -0.0254704 
600.11 50 14.1429 14.1429 -3.53012e-09 8.70898e-05 0.0985532 0.0546624 0.0003 1.24074 -3.98526 
600.11 31.6048 14.9275 14.9279 -0.00222642 7.02957 0.109669 0.0546624 0.503 -2.71842 0.0528501 
600.11 30.3796 14.9828 14.9822 -0.00163021 6.09354 0.107228 0.0546624 0.503 -2.92593 0.115425 
600.11 30.3846 14.9825 14.979 0.00471194 5.99812 0.0783373 0.0546624 0.0003 -3.12802 0.0512879 
600.11 40.4244 14.5408 14.545 -0.00416592 3.95378 0.11586 0.0546624 0.503 -2.45539 0.652194 
600.11 50 14.1429 14.1429 1.96e-08 -0.000191739 0.0985531 0.0546624 0.0003 0.0286688 -3.70642 
600.11 30.3708 14.9831 14.9278 0.119587 7.43917 2.98378e-06 0.0546624 0.0003 -2.98918 0.134933 
600.11 31.0073 14.9543 14.9582 -0.00705364 6.04477 0.129682 0.0546624 0.503 -2.8988 0.200858 
600.11 30.2651 14.9879 14.9574 0.0650168 8.03237 0.000472777 0.0546624 0.0003 -2.98893 0.113772 
600.11 31.0425 14.9527 14.9496 0.000966521 7.87845 0.0961151 0.0546624 0.0003 -2.80451 -0.119012 
600.11 30.2042 14.9907 14.9874 0.0054504 7.1277 0.0746526 0.0546624 0.0003 -2.905 0.0321023 
600.11 44.7122 14.3598 14.3624 -0.00544116 2.38138 0.123466 0.0546624 0.503 -3.18242 -1.12717 
600.11 31.8003 14.9185 14.8971 0.0308032 6.37872 0.0121115 0.0546624 0.0003 -3.26818 0.14299 
600.11 30.3996 14.9818 14.9834 -0.0043525 7.27205 0.118751 0.0546624 0.503 -3.09581 0.102714 
600.11 30.4048 14.9816 14.9828 -0.00302757 7.49974 0.112488 0.0546624 0.503 -2.8779 -0.0713823 
600.11 33.8775 14.8259 14.8287 -0.00704412 6.05088 0.13089 0.0546624 0.503 -3.12812 0.441534 
600.11 30.308 14.986 14.9773 0.0248501 7.97899 0.0169308 0.0546624 0.0003 -3.07462 -0.0983541 
600.11 30.4675 14.9788 14.9792 -0.0019837 7.29317 0.108056 0.0546624 0.503 -2.84919 0.0224013 
600.11 31.5929 14.9279 14.9155 0.0126836 6.29238 0.0505734 0.0546624 0.0003 -3.28051 0.0505484 
600.11 30.5857 14.9734 14.9769 -0.00426135 7.76875 0.116732 0.0546624 0.503 -3.17053 -0.00963085 
600.11 33.6108 14.8376 14.8405 -0.00797958 6.50177 0.134601 0.0546624 0.503 -3.27464 0.34581 
600.11 31.4552 14.9341 14.8749 0.116807 7.41391 4.22584e-06 0.0546624 0.0003 -3.23174 -0.142297 
600.11 30.5733 14.974 14.9744 -0.00108873 6.66752 0.103414 0.0546624 0.503 -3.00968 -0.16845 
600.11 49.9942 14.1431 14.1431 -7.13643e-06 0.00190863 0.0985887 0.0546624 0.0003 -1.32449 2.27332 
600.11 30.2491 14.9887 14.9858 0.0044176 7.02341 0.0792293 0.0546624 0.0003 -3.07469 0.0818551 
600.11 32.0005 14.9096 14.906 0.00282712 6.819 0.087581 0.0546624 0.0003 -3.24865 -0.203523 
600.11 50.0005 14.1428 14.1428 6.71489e-05 -0.000280269 0.0982425 0.0546624 0.0003 1.59914 -3.04005 
600.11 30.4731 14.9785 14.9822 -0.00695305 7.16336 0.129447 0.0546624 0.503 -2.90303 -0.118279 
600.11 30.4161 14.9811 14.9834 -0.000559865 6.24366 0.0996122 0.0546624 0.503 -2.92158 -0.120254 
600.11 30.6864 14.9689 14.9701 -0.00197516 7.14293 0.107582 0.0546624 0.503 -3.16882 0.0760695 
600.11 36.7196 14.7006 14.7044 -0.00970195 5.49912 0.140927 0.0546624 0.503 -2.37989 -0.128297 
600.11 30.1073 14.9951 14.9745 0.0398588 5.9613 0.0049134 0.0546624 0.0003 -2.9523 -0.054539 
600.11 34.9936 14.7763 14.7788 -0.00546676 6.39695 0.123643 0.0546624 0.503 -2.4969 0.167839 
600.11 31.1386 14.9485 14.951 -0.00699883 7.14431 0.130671 0.0546624 0.503 -3.18512 -0.152479 
600.11 31.0204 14.9537 14.9532 -0.00122456 7.33324 0.104972 0.0546624 0.503 -2.86106 -0.179211 
600.11 31.0799 14.9511 14.9536 -0.00360266 7.0462 0.114277 0.0546624 0.503 -3.20324 -0.114762 
600.11 30.0804 14.9963 14.9847 0.019542 7.35 0.0286214 0.0546624 0.0003 -2.93858 0.0122914 
600.11 30.5134 14.9767 14.9791 -0.00469055 7.01751 0.119654 0.0546624 0.503 -3.06849 0.144411 
600.11 32.5323 14.8858 14.8914 -0.00897914 6.25223 0.137307 0.0546624 0.503 -2.71512 -0.227325 
600.11 34.2237 14.8103 14.7539 0.106192 5.85869 1.18111e-05 0.0546624 0.0003 -3.05561 -0.478809 
600.11 31.2605 14.9429 14.946 -0.00387391 6.92323 0.115197 0.0546624 0.503 -2.79987 -0.15384 
600.11 31.5546 14.9298 14.9312 -0.00314386 6.84111 0.113489 0.0546624 0.503 -3.20753 0.190649 
600.11 31.4291 14.9353 14.9365 -0.00170554 7.05328 0.10592 0.0546624 0.503 -2.74864 -0.097945 
600.11 30.0453 14.9979 14.9913 0.0115406 7.25446 0.0509701 0.0546624 0.0003 -3.04702 -0.000178542 
600.11 44.9837 14.3485 14.3528 -0.00787521 1.9538 0.133126 0.0546624 0.503 -2.24744 0.888312 
600.11 30.1383 14.9938 14.9896 0.0149102 7.85587 0.0377111 0.0546624 0.0003 -2.9299 0.0438167 
600.11 30.9049 14.959 14.9617 -0.00413573 7.64403 0.116823 0.0546624 0.503 -2.92939 0.201007 
600.11 31.0442 14.9527 14.9572 -0.00629736 7.23715 0.125834 0.0546624 0.503 -3.12162 0.194455 
600.11 30.1068 14.9951 14.993 0.00244291 7.40672 0.088238 0.0546624 0.0003 -2.9379 0.0371864 
600.11 30.3502 14.9841 14.9736 0.0173785 6.82232 0.0337887 0.0546624 0.0003 -3.12652 0.0357608 
600.11 30.744 14.9663 14.966 0.000190509 7.28778 0.0979196 0.0546624 0.0003 -3.02174 -0.191543 
600.11 30.2906 14.9868 14.9862 0.00622651 6.4252 0.0687605 0.0546624 0.0003 -2.88306 -0.0265206 
600.11 30.3861 14.9825 14.9798 0.00773686 7.95245 0.0636506 0.0546624 0.0003 -3.01619 -0.137334 
600.11 33.646 14.8359 14.791 0.0690406 5.93836 0.000417107 0.0546624 0.0003 -3.05007 0.441058 
600.11 30.7416 14.9663 14.9679 -0.00342781 6.43074 0.114365 0.0546624 0.503 -2.86165 -0.133666 
600.11 30.1381 14.9937 14.9635 0.0596163 6.75739 0.000809425 0.0546624 0.0003 -3.0787 -0.0236823 
600.11 31.0062 14.9543 14.9343 0.026632 7.03901 0.0174224 0.0546624 0.0003 -3.08638 0.207439 
600.11 30.3366 14.9847 14.9872 -0.00518083 7.75716 0.121966 0.0546624 0.503 -3.04403 0.121002 
600.11 31.0525 14.9524 14.9541 -0.00160623 7.79196 0.105409 0.0546624 0.503 -2.8182 0.140861 
600.11 30.3706 14.9832 14.9855 -0.00472603 7.10811 0.120078 0.0546624 0.503 -3.04947 -0.125797 
600.11 37.0783 14.685 14.6833 -0.000577302 4.63009 0.102784 0.0546624 0.503 -2.35321 0.0992284 
600.11 30.5067 14.977 14.9785 -0.00441226 7.37449 0.119319 0.0546624 0.503 -3.00145 0.158419 
600.11 50.0002 14.1428 14.1429 -5.82418e-06 4.84964e-05 0.0985798 0.0546624 0.0003 1.43742 -3.11228 
600.11 30.4024 14.9817 14.9827 -0.00152674 7.29763 0.105454 0.0546624 0.503 -2.93999 -0.127808 
600.11 30.8843 14.9599 14.9604 -0.00117896 7.61595 0.103942 0.0546624 0.503 -2.90608 0.18819 
600.11 31.8463 14.9165 14.8952 0.0355451 7.37298 0.00760813 0.0546624 0.0003 -3.1569 -0.265036 
600.11 48.4178 14.207 14.2097 -0.0044834 0.744774 0.118422 0.0546624 0.503 -1.47567 -0.403788 
600.11 50.0007 14.1428 14.1428 -2.82122e-05 -0.000117123 0.098681 0.0546624 0.0003 1.42161 2.88647 
600.11 32.5514 14.885 14.8897 -0.00860927 6.34188 0.136081 0.0546624 0.503 -2.64085 0.0677897 
600.11 31.4975 14.9323 14.9179 0.0329248 7.29923 0.00865544 0.0546624 0.0003 -3.02333 -0.275201 
600.11 30.6705 14.9696 14.9719 -0.00461838 6.95324 0.119523 0.0546624 0.503 -2.93877 0.172222 
600.11 30.502 14.9772 14.9723 0.00307026 7.10004 0.0873076 0.0546624 0.0003 -3.11626 0.106431 
600.11 30.128 14.9942 14.979 0.0254159 6.05844 0.017895 0.0546624 0.0003 -3.0641 -0.046338 
600.11 30.555 14.9748 14.9745 -0.00096148 6.38264 0.103358 0.0546624 0.503 -2.8467 -0.0642035 
600.11 30.3504 14.9841 14.9844 -0.00177365 7.41219 0.107171 0.0546624 0.503 -2.87834 0.0500415 
600.11 30.5206 14.9764 14.9804 -0.00902149 7.04615 0.138445 0.0546624 0.503 -3.06907 -0.145096 
600.11 30.2707 14.9877 14.967 0.0445995 7.07231 0.0030752 0.0546624 0.0003 -3.04715 0.105501 
600.11 50 14.1429 14.1429 -3.99701e-09 -7.91218e-05 0.0985532 0.0546624 0.0003 0.000570985 -3.13998 
600.11 30.5145 14.9766 14.977 -0.00125963 6.92382 0.104477 0.0546624 0.503 -3.13046 -0.0923837 
600.11 30.3051 14.9861 14.9888 -0.00529976 6.64629 0.1224 0.0546624 0.503 -3.0954 -0.0769067 
600.11 33.4128 14.8463 14.8445 -0.00187224 6.89938 0.109248 0.0546624 0.503 -2.94283 -0.424238 
600.11 30.7481 14.9661 14.9663 -0.00204565 6.55133 0.108727 0.0546624 0.503 -2.80725 0.0111686 
600.11 32.4983 14.8872 14.8884 -0.00564306 7.21172 0.125065 0.0546624 0.503 -2.78344 0.289669 
600.11 30.0298 14.9987 14.9901 0.020622 8.00406 0.0247572 0.0546624 0.0003 -3.00284 -0.0383342 
600.11 30.377 14.9829 14.9838 -0.00236304 6.22268 0.10977 0.0546624 0.503 -2.96613 -0.132288 
600.11 30.4187 14.981 14.9841 -0.00682209 7.0574 0.129448 0.0546624 0.503 -2.93206 -0.127059 
600.11 43.3818 14.4155 14.4187 -0.00608978 2.83362 0.126166 0.0546624 0.503 -3.08723 -1.03761 
600.11 36.0204 14.7311 14.6302 0.189917 4.91623 5.48062e-09 0.0546624 0.0003 -2.87758 0.579421 
600.11 30.2558 14.9884 14.9885 -0.000983295 6.71934 0.103433 0.0546624 0.503 -2.9443 0.0977812 
600.11 33.7508 14.8315 14.8404 -0.014493 6.72183 0.15626 0.0546624 0.503 -3.08516 0.44324 
600.11 30.436 14.9802 14.9828 -0.00571942 7.90336 0.124674 0.0546624 0.503 -2.89591 0.103462 
600.11 30.4297 14.9805 14.9844 -0.00802009 7.49998 0.133977 0.0546624 0.503 -2.9955 -0.145958 
600.11 30.3098 14.9859 14.9879 -0.00298358 6.78806 0.111791 0.0546624 0.503 -2.92061 -0.0947173 
600.11 31.2732 14.9423 14.9449 -0.00341053 7.57726 0.113247 0.0546624 0.503 -3.2484 -0.051452 
600.11 30.4289 14.9806 14.9825 -0.00424935 6.61285 0.118017 0.0546624 0.503 -3.02326 0.143974 
600.11 38.7998 14.6103 14.6075 0.000425069 4.5783 0.0981262 0.0546624 0.0003 -2.25438 0.109446 
600.11 30.2348 14.9894 14.9874 0.0114157 6.89058 0.0482141 0.0546624 0.0003 -2.93612 0.086825 
600.11 30.9709 14.956 14.9603 -0.00799224 7.82286 0.133578 0.0546624 0.503 -2.77987 0.0160024 
600.11 30.0006 15 14.9921 0.0160501 7.76914 0.0362583 0.0546624 0.0003 -2.99431 -0.000438236 
600.11 34.2496 14.8092 14.816 -0.0113726 5.56 0.146202 0.0546624 0.503 -3.08817 0.475609 
600.11 31.0162 14.9539 14.9539 -0.00238243 7.03097 0.110448 0.0546624 0.503 -2.8283 -0.14678 
600.11 30.624 14.9717 14.9704 0.000921419 6.54713 0.095035 0.0546624 0.0003 -2.82514 0.0218535 
600.11 30.3648 14.9835 14.9846 -0.0034522 6.66625 0.11483 0.0546624 0.503 -3.09843 0.0911972 
600.11 30.0775 14.9965 14.9857 0.0181205 6.39578 0.0318531 0.0546624 0.0003 -2.98027 0.0582464 
600.11 30.833 14.9622 14.9519 0.0127419 7.23975 0.0489589 0.0546624 0.0003 -3.10612 -0.17428 
600.11 30.8354 14.9621 14.9634 -0.00358259 6.62385 0.115594 0.0546624 0.503 -3.17723 -0.101827 
600.11 30.8348 14.9622 14.9617 -0.00037155 7.01086 0.101137 0.0546624 0.503 -2.86933 0.157131 
600.11 30.5155 14.9766 14.9804 -0.00880443 7.04594 0.137443 0.0546624 0.503 -3.07429 -0.141717 
600.11 49.5038 14.1629 14.1559 0.0132978 0.141145 0.0446714 0.0546624 0.0003 -2.49071 1.83377 
600.11 30.9137 14.9586 14.9593 -0.00267387 7.39843 0.111388 0.0546624 0.503 -3.2127 0.0234484 
600.11 31.0077 14.9543 14.9545 -0.00160825 6.20608 0.106502 0.0546624 0.503 -3.20355 0.0960462 
600.11 30.4696 14.9787 14.9812 -0.00517505 5.97349 0.121865 0.0546624 0.503 -2.92993 -0.135305 
600.11 30.6268 14.9715 14.9732 -0.00391195 6.83684 0.116484 0.0546624 0.503 -3.1545 -0.0852406 
600.11 30.6868 14.9689 14.9737 -0.0105844 7.1043 0.144336 0.0546624 0.503 -2.81698 -0.0259537 
600.11 31.1858 14.9463 14.9502 -0.00499577 7.04158 0.120054 0.0546624 0.503 -2.81239 0.156961 
600.11 35.8996 14.7366 14.6771 0.135476 5.32403 6.51163e-07 0.0546624 0.0003 -2.83889 -0.56272 
600.11 30.2021 14.9908 14.9718 0.0324814 7.11443 0.00981823 0.0546624 0.0003 -2.9322 -0.0729323 
600.11 32.4073 14.8913 14.8627 0.0516295 6.7407 0.00175839 0.0546624 0.0003 -2.68156 -0.155608 
600.11 30.2736 14.9876 14.9866 6.12387e-05 7.49425 0.0992382 0.0546624 0.0003 -3.04909 -0.105539 
600.11 30.4784 14.9783 14.979 -0.00240315 8.506 0.110155 0.0546624 0.503 -2.85627 0.0554038 
600.11 49.9994 14.1429 14.1429 -3.07416e-05 0.000290635 0.0986988 0.0546624 0.0003 -1.42652 -2.79032 
600.11 30.6513 14.9705 14.9732 -0.00552616 6.59148 0.123537 0.0546624 0.503 -3.08792 0.157216 
600.11 32.7387 14.8766 14.8787 -0.00610954 6.87606 0.12678 0.0546624 0.503 -2.6326 0.0962458 
600.11 31.0591 14.952 14.9542 -0.00152211 5.99268 0.103755 0.0546624 0.503 -2.87793 0.196112 
600.11 30.363 14.9835 14.9856 -0.00323115 6.41691 0.113129 0.0546624 0.503 -3.00531 -0.13397 
600.11 30.5173 14.9765 14.9775 -0.00373267 6.12242 0.116428 0.0546624 0.503 -2.87712 -0.102601 
600.11 30.6207 14.9718 14.9742 -0.00140861 8.23643 0.103549 0.0546624 0.503 -2.85878 0.104695 
600.11 50 14.1429 14.1429 9.00797e-10 -3.54947e-05 0.0985532 0.0546624 0.0003 0.564639 -4.08833 
600.11 30.6258 14.9716 14.9733 -0.00244042 8.3385 0.109236 0.0546624 0.503 -3.17575 -0.0180358 
600.11 30.7551 14.9658 14.9646 -0.000438988 8.56888 0.101844 0.0546624 0.503 -3.05528 0.186377 
600.11 38.7291 14.6135 14.6146 -0.00417185 4.41303 0.118283 0.0546624 0.503 -2.47649 0.536873 
600.11 30.2864 14.987 14.9887 -0.00239198 7.29973 0.10902 0.0546624 0.503 -2.98915 0.118446 
600.11 31.0932 14.9505 14.9521 -0.00223389 6.39317 0.10873 0.0546624 0.503 -3.2232 -0.072202 
600.11 30.2584 14.9883 14.9906 -0.00451521 6.75806 0.118985 0.0546624 0.503 -2.89973 -0.0522927 
600.11 32.4445 14.8897 14.8936 -0.00753536 7.30815 0.13184 0.0546624 0.503 -2.67504 0.148962 
600.11 30.7963 14.9639 14.9129 0.108813 7.96899 8.19033e-06 0.0546624 0.0003 -2.8006 0.00559204 
600.11 30.0818 14.9963 14.9907 0.00874911 7.77253 0.0615446 0.0546624 0.0003 -3.00769 -0.0628105 
600.11 31.1371 14.9485 14.9498 -0.00427471 6.60718 0.118988 0.0546624 0.503 -2.76199 0.0254673 
600.11 30.5191 14.9764 14.9762 -0.00110335 6.63007 0.104047 0.0546624 0.503 -3.01741 0.159414 
600.11 30.8991 14.9593 14.9625 -0.00580475 6.85166 0.124395 0.0546624 0.503 -3.20951 -0.0353055 
600.11 30.4694 14.9787 14.9807 -0.00466667 7.96575 0.119968 0.0546624 0.503 -2.86787 -0.0766458 
600.11 30.5216 14.9764 14.9768 -0.000169909 6.75404 0.0992908 0.0546624 0.0003 -2.92999 0.145098 
600.11 31.0034 14.9545 14.9574 -0.0060691 8.58629 0.126279 0.0546624 0.503 -3.1339 0.180173 
600.11 33.9446 14.8227 14.7645 0.0975464 5.45028 2.9599e-05 0.0546624 0.0003 -2.80332 -0.420009 
600.11 30.0351 14.9984 14.9886 0.0241647 6.53919 0.0183701 0.0546624 0.0003 -3.02859 0.0303835 
600.11 32.183 14.9013 14.8038 0.196865 6.85503 2.54772e-09 0.0546624 0.0003 -2.76667 0.242313 
600.11 30.868 14.9606 14.9096 0.106386 7.53601 1.04578e-05 0.0546624 0.0003 -2.94706 0.201609 
600.11 37.1685 14.6811 14.6852 -0.0088862 5.08889 0.137596 0.0546624 0.503 -2.43376 -0.338159 
600.11 50.0048 14.1427 14.1427 -0.000123374 -0.00138828 0.099118 0.0546624 0.0003 1.23389 2.41859 
600.11 31.3904 14.937 14.9427 -0.00720415 8.0691 0.128419 0.0546624 0.503 -2.99438 -0.265512 
600.11 50.0029 14.1427 14.1427 -9.13269e-06 -0.00123867 0.0985967 0.0546624 0.0003 0.0463639 -0.666648 
600.11 30.3218 14.9854 14.9859 -0.00210341 8.22408 0.10871 0.0546624 0.503 -3.0694 0.105322 
600.11 49.8786 14.1478 14.1458 0.00360176 0.0320794 0.0822823 0.0546624 0.0003 -1.45843 1.62029 
600.11 31.065 14.9518 14.9558 -0.00644083 6.66735 0.126602 0.0546624 0.503 -3.04226 -0.227708 
600.11 30.2743 14.9875 14.9778 0.0125615 6.49991 0.0492387 0.0546624 0.0003 -2.97362 -0.113109 
600.11 30.5932 14.9731 14.9758 -0.00590254 7.08265 0.125451 0.0546624 0.503 -2.95451 -0.165856 
600.11 30.9542 14.9568 14.9563 -0.00114962 6.51501 0.105051 0.0546624 0.503 -3.10324 -0.19309 
600.11 30.3115 14.9859 14.9888 -0.00595368 7.32521 0.125232 0.0546624 0.503 -2.93901 -0.108127 
600.11 30.8906 14.9596 14.9609 -0.00177675 7.30928 0.105873 0.0546624 0.503 -2.8199 -0.110851 
600.11 30.8176 14.9629 14.9659 -0.0064156 7.27042 0.127389 0.0546624 0.503 -3.04502 0.197158 
600.11 30.239 14.9892 14.9891 -5.06275e-05 6.75702 0.0989294 0.0546624 0.0003 -3.00073 0.10859 
600.11 30.2579 14.9882 14.985 0.00183782 7.33126 0.0921216 0.0546624 0.0003 -2.99983 0.112566 
600.11 31.3329 14.9397 14.9403 -0.00171908 7.16479 0.106499 0.0546624 0.503 -3.0043 0.260126 
600.11 30.7317 14.9668 14.9304 0.0807437 8.05929 0.000107403 0.0546624 0.0003 -2.85983 -0.129925 
600.11 30.9659 14.9563 14.9615 -0.0102876 7.95683 0.142735 0.0546624 0.503 -3.19041 -0.111135 
600.11 49.9503 14.1449 14.1446 0.000606627 0.0191778 0.0957582 0.0546624 0.0003 -1.61523 1.98997 
600.11 30.4658 14.9788 14.9796 -0.00256639 7.72635 0.11078 0.0546624 0.503 -2.99543 0.151695 
600.11 30.8481 14.9616 14.9624 -0.00162532 6.71769 0.106232 0.0546624 0.503 -3.09229 0.184001 
600.11 33.0886 14.8608 14.8599 -0.00134889 6.90889 0.105609 0.0546624 0.503 -2.6482 -0.20118 
600.11 30.519 14.9764 14.9792 -0.0041255 6.85989 0.116657 0.0546624 0.503 -2.93278 0.145824 
600.11 31.0656 14.9517 14.9496 0.000792594 7.51149 0.096281 0.0546624 0.0003 -3.20551 0.106663 
