600.11 86.2415 12.8156 12.8043 0.0231524 2.9166 0.170985 1.39979 0.503 2.5847 0.198809 
600.11 87.9424 12.7596 12.7999 -0.0935862 2.99775 0.00843292 1.39979 0.0003 2.6145 0.136355 
600.11 72.3294 13.2948 13.3158 -0.0277763 8.08655 0.0513589 1.39979 0.0003 3.27373 -0.782115 
600.11 93.5483 12.5778 12.5726 0.0117617 2.72569 0.131944 1.39979 0.503 3.0746 0.163061 
600.11 87.8638 12.7622 12.7553 0.00999229 5.58718 0.124916 1.39979 0.503 2.74741 -0.324945 
600.11 91.4463 12.6455 12.6909 -0.0886129 2.59602 0.0100303 1.39979 0.0003 2.95537 0.28034 
600.11 88.2549 12.7493 12.7952 -0.104431 3.88703 0.00630807 1.39979 0.0003 2.6316 0.153089 
600.11 91.7713 12.635 12.631 0.00411371 3.19598 0.108591 1.39979 0.503 3.19546 -0.186617 
600.11 90.6751 12.6703 12.666 0.00510836 1.41591 0.111184 1.39979 0.503 2.97663 0.313924 
600.11 49.999 14.1429 14.1429 -1.66986e-05 16.7499 0.0991931 1.39979 0.0003 -1.62874 -2.79091 
600.11 92.2896 12.6182 12.6122 0.0142982 1.9185 0.140407 1.39979 0.503 2.94019 -0.239154 
600.11 92.9027 12.5985 12.5967 0.00467828 2.47906 0.111377 1.39979 0.503 2.78482 0.0194223 
600.11 94.2306 12.5561 12.5573 -0.000221338 3.20554 0.0994578 1.39979 0.503 2.8699 -0.00398638 
600.11 91.2925 12.6504 12.691 -0.0850478 3.40684 0.0108543 1.39979 0.0003 3.24758 0.151508 
600.11 93.3075 12.5856 12.5793 0.0142092 2.57154 0.139846 1.39979 0.503 3.19326 0.0172978 
600.11 72.1452 13.3011 13.297 -0.000220314 8.44114 0.0973585 1.39979 0.0003 2.71648 0.784022 
600.11 79.3062 13.0502 13.0495 0.00578103 5.16572 0.115276 1.39979 0.503 2.91143 0.642211 
600.11 94.7701 12.5389 12.5586 -0.051646 1.22596 0.0257649 1.39979 0.0003 2.93665 0.0322225 
600.11 70.5453 13.3587 13.3577 0.000106206 9.27227 0.0991242 1.39979 0.0003 2.17965 0.308879 
600.11 92.3736 12.6154 12.614 0.00226406 2.95139 0.104583 1.39979 0.503 3.00669 0.242851 
600.11 50.0031 14.1427 14.1428 -0.000117689 16.7484 0.098941 1.39979 0.0003 1.22134 -2.49625 
600.11 94.1707 12.558 12.5719 -0.0224921 1.69568 0.0574221 1.39979 0.0003 3.09945 -0.0912001 
600.11 92.5341 12.6104 12.6019 0.0156676 2.02658 0.143533 1.39979 0.503 3.08774 -0.218098 
600.11 63.1268 13.6316 13.6602 -0.0494737 11.6969 0.0287751 1.39979 0.0003 2.20791 0.761495 
600.11 93.2833 12.5862 12.5853 -0.000418735 2.63156 0.0981257 1.39979 0.0003 2.81854 0.072541 
600.11 52.8725 14.0277 14.0289 -0.00402727 15.5353 0.0895431 1.39979 0.0003 1.44175 0.518039 
600.11 91.7435 12.6358 12.6312 0.00696305 2.27777 0.116806 1.39979 0.503 3.22922 -0.145222 
600.11 77.0804 13.1274 13.1247 0.0116412 6.90008 0.132614 1.39979 0.503 2.74442 0.657324 
600.11 52.7692 14.0319 14.0298 0.00541613 15.7793 0.113263 1.39979 0.503 2.15795 -1.42232 
600.11 94.3047 12.5538 12.5555 -0.00041769 3.42749 0.0987837 1.39979 0.0003 3.00388 -0.123342 
600.11 93.167 12.5901 12.5901 0.00396283 3.13195 0.11003 1.39979 0.503 2.83235 -0.112187 
600.11 50.0605 14.1404 14.1403 0.000238751 16.724 0.099823 1.39979 0.503 3.40448 -2.51317 
600.11 55.0807 13.9405 13.9641 -0.0455824 15.1428 0.0313037 1.39979 0.0003 1.53823 -0.025235 
600.11 85.104 12.8538 12.9893 -0.274276 4.589 6.52806e-05 1.39979 0.0003 2.96566 -0.49205 
600.11 92.2078 12.6208 12.6105 0.00487761 3.72641 0.10717 1.39979 0.503 3.21836 0.123248 
600.11 73.9876 13.2356 13.2378 0.00163016 8.16671 0.104818 1.39979 0.503 3.16634 0.767279 
600.11 71.8387 13.3123 13.3725 -0.124845 8.79113 0.00372145 1.39979 0.0003 2.40843 -0.598753 
600.11 94.1074 12.5601 12.5775 -0.0288869 1.85944 0.0488559 1.39979 0.0003 2.9459 0.129162 
600.11 86.3519 12.8124 12.9116 -0.174589 5.06102 0.0010486 1.39979 0.0003 3.45638 0.0263381 
600.11 62.8116 13.6433 13.6359 0.00803545 11.6444 0.118631 1.39979 0.503 3.92391 -0.614072 
600.11 66.1278 13.52 13.6488 -0.250091 11.7345 0.000129304 1.39979 0.0003 3.04635 -1.00159 
600.11 86.1211 12.8196 12.8027 0.0297393 4.56834 0.196317 1.39979 0.503 2.539 0.0553375 
600.11 87.663 12.7688 12.7997 -0.0613695 3.62111 0.0206048 1.39979 0.0003 2.77691 0.353038 
600.11 87.4648 12.7755 12.7959 -0.0217971 4.3997 0.0605163 1.39979 0.0003 3.06593 -0.418512 
600.11 93.6781 12.5737 12.5728 0.00185143 2.77784 0.103637 1.39979 0.503 3.13994 -0.0980363 
600.11 94.5158 12.5471 12.5859 -0.0756707 2.91129 0.0141562 1.39979 0.0003 3.03346 -0.097238 
600.11 55.7715 13.9134 13.9236 -0.0234885 14.3816 0.0547682 1.39979 0.0003 1.59403 -0.189519 
600.11 93.5482 12.5779 12.6603 -0.169564 2.38881 0.00111196 1.39979 0.0003 2.94189 -0.169474 
600.11 92.6467 12.6069 12.5959 0.0193873 3.87143 0.155851 1.39979 0.503 2.80546 -0.121211 
600.11 94.6939 12.5414 12.5531 -0.0216064 3.3994 0.0582129 1.39979 0.0003 3.08137 -0.00781767 
600.11 87.5568 12.7724 12.7609 0.02025 4.28795 0.158148 1.39979 0.503 2.81519 -0.37804 
600.11 94.3588 12.5519 12.5569 -0.0249045 0.712453 0.0512689 1.39979 0.0003 3.08719 -0.0807024 
600.11 94.1128 12.5598 12.5595 0.000129986 2.81068 0.0996176 1.39979 0.503 3.13517 -0.0360824 
600.11 87.9021 12.7608 12.7527 0.0114442 3.37323 0.129552 1.39979 0.503 3.10995 0.39533 
600.11 93.647 12.5748 12.5712 0.00960749 2.77939 0.125356 1.39979 0.503 3.17277 -4.36728e-05 
600.11 80.5325 13.0081 13.0592 -0.110508 5.68275 0.00542032 1.39979 0.0003 2.58289 -0.454005 
600.11 69.5645 13.3943 13.3919 0.00202235 8.92828 0.103066 1.39979 0.503 2.32281 0.59838 
600.11 94.1612 12.5582 12.5803 -0.0487597 2.45356 0.0284717 1.39979 0.0003 3.11627 0.0705557 
600.11 65.9491 13.5267 13.6909 -0.306209 12.2622 2.91372e-05 1.39979 0.0003 2.16097 0.558671 
600.11 75.445 13.1842 13.2335 -0.150945 8.64501 0.00163437 1.39979 0.0003 2.28317 0.212421 
600.11 94.8741 12.5357 12.5481 -0.0212903 2.30522 0.0589603 1.39979 0.0003 3.00898 -0.0515018 
600.11 90.6011 12.6729 12.669 0.00612496 3.29263 0.11448 1.39979 0.503 2.68665 -0.049833 
600.11 94.7015 12.5412 12.5856 -0.0859858 3.33676 0.010779 1.39979 0.0003 2.92086 -0.0149799 
600.11 94.6925 12.5414 12.5474 -0.0215663 3.81947 0.05664 1.39979 0.0003 2.99283 0.0818573 
600.11 93.933 12.5655 12.5604 0.00617366 1.84768 0.114207 1.39979 0.503 2.85679 -0.055415 
600.11 86.9749 12.7915 12.7867 0.00491847 5.75193 0.110576 1.39979 0.503 2.82678 -0.403186 
600.11 93.3718 12.5836 12.5841 0.00442609 3.40258 0.111777 1.39979 0.503 2.99543 0.190204 
600.11 93.9797 12.5641 12.5619 0.0082519 1.88873 0.12225 1.39979 0.503 2.89176 -0.10395 
600.11 94.3181 12.5533 12.5638 -0.0148631 3.0025 0.0697707 1.39979 0.0003 2.88701 0.0466196 
600.11 78.3037 13.0848 13.0707 0.0238804 6.64647 0.171339 1.39979 0.503 2.74617 -0.62431 
600.11 57.9896 13.8271 13.8308 -0.000705397 13.4169 0.0994541 1.39979 0.503 2.99012 -1.30169 
600.11 93.6673 12.5741 12.5743 0.00180275 3.58437 0.104268 1.39979 0.503 3.0902 0.145914 
600.11 88.2205 12.7505 12.7464 0.00396258 4.66245 0.108176 1.39979 0.503 2.60159 0.0353063 
600.11 77.7949 13.1026 13.1008 0.00853677 7.5446 0.122633 1.39979 0.503 2.4155 0.361222 
600.11 91.9301 12.6298 12.6274 0.0014603 2.6486 0.102175 1.39979 0.503 2.81211 0.184055 
600.11 88.5118 12.741 12.7539 -0.0107024 4.32703 0.0790486 1.39979 0.0003 2.71942 0.271601 
600.11 65.7268 13.5349 13.5318 0.00749185 10.5269 0.118802 1.39979 0.503 2.85744 1.00474 
600.11 89.9501 12.694 12.6898 0.00554786 3.7931 0.112578 1.39979 0.503 2.78859 0.268069 
600.11 81.102 12.9886 12.9816 0.0173574 4.60975 0.151126 1.39979 0.503 2.41724 0.14894 
600.11 84.9777 12.858 12.8472 0.0199819 5.27814 0.158688 1.39979 0.503 3.14624 0.475054 
600.11 93.9654 12.5645 12.5599 0.00758091 2.85282 0.118881 1.39979 0.503 3.11446 -0.0986231 
600.11 82.2401 12.9498 12.9367 0.0205069 4.9438 0.158949 1.39979 0.503 3.57144 0.0201883 
600.11 88.3269 12.7468 12.7436 0.00525153 2.91886 0.112413 1.39979 0.503 3.17743 0.354466 
600.11 91.5617 12.6416 12.6287 0.013077 2.37469 0.131299 1.39979 0.503 3.10341 -0.259343 
600.11 93.2154 12.5885 12.5827 0.0156247 2.76982 0.145232 1.39979 0.503 3.04665 -0.193679 
600.11 93.2726 12.5866 12.5849 0.0026898 2.96874 0.105745 1.39979 0.503 2.80544 -0.0233713 
600.11 93.4372 12.5814 12.5779 0.00738017 3.97422 0.118734 1.39979 0.503 3.16458 -0.0873192 
600.11 92.9904 12.5957 12.5943 0.00316064 3.30933 0.107113 1.39979 0.503 3.03166 0.209242 
600.11 90.4754 12.6769 12.6718 0.00573487 5.08759 0.112943 1.39979 0.503 3.13632 -0.291781 
600.11 94.4097 12.5505 12.5507 0.000737514 2.04515 0.101257 1.39979 0.503 3.10703 0.0379344 
600.11 92.5303 12.6105 12.6081 0.00166294 3.92218 0.102636 1.39979 0.503 2.89641 0.211181 
600.11 55.6523 13.9181 13.9319 -0.0292029 14.5877 0.047505 1.39979 0.0003 1.57555 0.0634287 
600.11 61.6113 13.6886 13.6865 0.00525812 12.2704 0.113486 1.39979 0.503 1.99517 0.56406 
600.11 82.1825 12.9522 13.1714 -0.411694 7.60099 1.6422e-06 1.39979 0.0003 2.47489 -0.229254 
600.11 92.2086 12.6208 12.6437 -0.0494178 1.60956 0.0279427 1.39979 0.0003 2.78722 0.132235 
600.11 85.8327 12.8292 12.8158 -0.0213635 2.63607 0.0518138 1.39979 0.0003 2.54066 0.111579 
600.11 92.1298 12.6234 12.6771 -0.109384 3.7972 0.00569295 1.39979 0.0003 2.75733 0.0754711 
600.11 82.8828 12.9285 13.1048 -0.337347 6.5194 1.2253e-05 1.39979 0.0003 2.45316 -0.0906651 
600.11 93.6697 12.574 12.5704 0.00716639 2.39369 0.117651 1.39979 0.503 3.15194 -0.079629 
600.11 78.0302 13.0942 13.089 0.0108801 7.17725 0.128153 1.39979 0.503 2.72696 0.624184 
600.11 93.842 12.5684 12.5603 0.0122349 3.96773 0.131506 1.39979 0.503 3.14865 0.0591355 
600.11 91.2055 12.6534 12.7691 -0.220285 4.63294 0.000293558 1.39979 0.0003 3.20979 -0.205423 
600.11 82.9979 12.9246 13.0616 -0.246221 5.9567 0.000151595 1.39979 0.0003 2.73237 -0.481834 
600.11 91.7603 12.6353 12.6288 0.0138497 4.0084 0.138036 1.39979 0.503 2.91255 -0.256276 
600.11 94.0284 12.5626 12.5629 0.00130295 3.66362 0.102911 1.39979 0.503 3.04927 -0.137532 
600.11 93.641 12.5749 12.6287 -0.124088 1.28147 0.00368203 1.39979 0.0003 3.03197 0.170435 
600.11 94.8906 12.5351 12.5572 -0.0459408 2.8275 0.0307515 1.39979 0.0003 3.04837 -0.00660609 
600.11 79.5217 13.043 13.2489 -0.385674 7.83379 3.34829e-06 1.39979 0.0003 2.69177 0.563779 
600.11 85.6876 12.8345 12.9933 -0.295106 5.2674 3.95027e-05 1.39979 0.0003 2.52355 0.00357074 
600.11 78.9039 13.0641 13.1617 -0.197194 7.43539 0.000530171 1.39979 0.0003 2.57193 0.500503 
600.11 94.4455 12.5493 12.5998 -0.0971492 3.79719 0.0080128 1.39979 0.0003 3.1047 -0.0338457 
600.11 93.6772 12.5738 12.5742 0.00180303 4.03234 0.104375 1.39979 0.503 3.00519 -0.170743 
600.11 78.4725 13.0787 13.0859 -0.0602899 5.68178 0.0188504 1.39979 0.0003 2.36156 0.20289 
600.11 82.2164 12.9508 12.9487 0.00207006 4.22915 0.103935 1.39979 0.503 2.85301 -0.552877 
600.11 81.4221 12.9777 12.9686 0.0100069 5.14156 0.123598 1.39979 0.503 3.36915 -0.464716 
600.11 94.171 12.558 12.5551 0.00523805 2.8098 0.112612 1.39979 0.503 3.12527 -0.0501332 
600.11 72.6271 13.2841 13.2785 0.0093174 8.324 0.123363 1.39979 0.503 3.27284 -0.774225 
600.11 94.5841 12.5448 12.5586 -0.0372886 3.2471 0.0377648 1.39979 0.0003 3.06716 -0.0679435 
600.11 92.7191 12.6046 12.6523 -0.0775182 4.20255 0.0140786 1.39979 0.0003 2.88303 0.192879 
600.11 74.5124 13.2174 13.2808 -0.0880321 7.60459 0.0112648 1.39979 0.0003 3.62258 -0.455458 
600.11 93.4707 12.5803 12.5785 0.00413725 2.93492 0.109662 1.39979 0.503 3.14303 -0.116155 
600.11 87.3685 12.7786 12.8872 -0.234504 3.93566 0.000185633 1.39979 0.0003 2.82463 -0.389033 
600.11 92.2881 12.6183 12.6099 0.0160241 2.62542 0.144679 1.39979 0.503 2.87326 0.211973 
600.11 93.0511 12.5937 12.5898 0.00666306 1.83727 0.116266 1.39979 0.503 2.94444 0.200924 
600.11 94.9122 12.5344 12.5779 -0.0949749 1.35611 0.00823134 1.39979 0.0003 2.97977 0.0387861 
600.11 93.332 12.5848 12.5813 0.00948253 1.65875 0.125309 1.39979 0.503 3.17024 -0.0895135 
600.11 93.0317 12.5944 12.5921 0.00588708 2.06867 0.114668 1.39979 0.503 3.18821 -0.0915116 
600.11 78.727 13.0701 13.1086 -0.0820211 6.62436 0.0117296 1.39979 0.0003 2.33719 -0.0227275 
600.11 93.6435 12.5748 12.5734 0.00252869 3.7398 0.105469 1.39979 0.503 2.84101 -0.0692358 
600.11 92.0603 12.6255 12.6136 0.0039237 2.17204 0.104088 1.39979 0.503 3.22463 -0.125818 
600.11 89.9878 12.6927 12.6992 -0.021516 3.48548 0.0568311 1.39979 0.0003 3.06411 -0.33414 
600.11 71.784 13.3145 13.4933 -0.329889 10.6856 1.54806e-05 1.39979 0.0003 2.21458 -0.306155 
600.11 79.7536 13.035 13.0269 0.0226381 5.33892 0.17031 1.39979 0.503 2.41516 -0.251247 
600.11 85.0817 12.8544 12.8832 -0.0745182 4.31083 0.0138927 1.39979 0.0003 2.59139 -0.277638 
600.11 94.978 12.5323 12.5662 -0.0767428 2.5727 0.0133654 1.39979 0.0003 2.98372 0.0149214 
600.11 88.0396 12.7566 12.9186 -0.322765 4.35672 1.76351e-05 1.39979 0.0003 2.61872 0.138521 
600.11 79.1118 13.0566 13.0591 0.000678903 5.90077 0.10241 1.39979 0.503 2.45849 -0.365094 
600.11 87.8359 12.7633 12.782 -0.0123904 4.4032 0.0775322 1.39979 0.0003 3.36253 0.195803 
600.11 94.3367 12.5527 12.5509 0.00317789 4.0002 0.107157 1.39979 0.503 3.00604 0.120608 
600.11 89.9988 12.6925 12.7791 -0.165707 2.79993 0.00127536 1.39979 0.0003 2.72522 0.199665 
600.11 91.5903 12.6408 12.6571 -0.0321199 2.79444 0.0443224 1.39979 0.0003 3.16591 0.222908 
600.11 83.2399 12.9163 12.9112 0.0071903 5.94861 0.117227 1.39979 0.503 2.79686 -0.50543 
600.11 58.7902 13.7963 13.7905 0.0142975 13.3106 0.140234 1.39979 0.503 1.89171 -0.610363 
600.11 89.9751 12.6933 12.6881 0.0101755 2.53794 0.126459 1.39979 0.503 3.25721 -0.223266 
600.11 93.5519 12.5777 12.5762 0.00172746 2.53104 0.103303 1.39979 0.503 3.04696 0.172709 
600.11 94.0216 12.5627 12.5581 0.00605785 1.14081 0.113979 1.39979 0.503 3.14318 -0.0321849 
600.11 51.6613 14.076 14.0744 0.00326395 15.9936 0.107448 1.39979 0.503 1.90581 1.42692 
600.11 81.2454 12.9835 13.0117 -0.1091 5.9384 0.00503998 1.39979 0.0003 2.46844 0.274157 
600.11 94.5547 12.5458 12.5454 0.000627798 3.78397 0.100871 1.39979 0.503 2.92045 -0.0587545 
600.11 94.0076 12.5633 12.5584 0.00831418 3.07219 0.12059 1.39979 0.503 3.02861 0.144815 
600.11 65.5493 13.5413 13.6225 -0.163419 11.2932 0.00132562 1.39979 0.0003 2.86942 -1.01203 
600.11 91.6092 12.6401 12.6393 0.00294996 2.18172 0.107189 1.39979 0.503 3.16747 -0.220546 
600.11 93.1032 12.5921 12.5896 0.00593993 4.76097 0.114706 1.39979 0.503 3.17911 -0.10076 
600.11 52.5477 14.0406 14.0384 0.00525707 15.821 0.112945 1.39979 0.503 1.33529 -0.208404 
600.11 56.4316 13.8877 13.9323 -0.0853004 14.8709 0.0110008 1.39979 0.0003 3.72799 -1.17315 
600.11 88.5072 12.7409 12.7285 0.0233411 3.85593 0.171182 1.39979 0.503 2.64865 -0.171512 
600.11 82.3017 12.948 12.9433 0.00416282 4.82519 0.108103 1.39979 0.503 2.73529 0.504966 
600.11 76.882 13.1339 13.1937 -0.169999 6.68897 0.000980688 1.39979 0.0003 2.30344 -0.141034 
600.11 84.5611 12.8717 12.8689 0.0112447 4.00763 0.131774 1.39979 0.503 3.17108 -0.478743 
600.11 93.5233 12.5786 12.575 0.00651248 2.51891 0.115849 1.39979 0.503 2.88107 -0.136269 
600.11 94.3011 12.5539 12.5526 0.00228627 1.69325 0.104666 1.39979 0.503 2.93435 -0.104845 
600.11 92.6686 12.6061 12.5975 0.0149473 2.90531 0.140615 1.39979 0.503 3.12766 0.189298 
600.11 69.0915 13.4113 13.4436 -0.0736815 10.1218 0.0144948 1.39979 0.0003 3.12638 -0.907916 
600.11 88.9477 12.7268 12.7937 -0.121869 3.57104 0.00421745 1.39979 0.0003 3.29877 -0.228472 
600.11 93.5861 12.5766 12.5679 0.00504417 1.02349 0.108642 1.39979 0.503 2.85953 -0.107798 
600.11 84.1155 12.8865 13.075 -0.386405 5.68712 3.07485e-06 1.39979 0.0003 2.71028 0.433189 
600.11 92.7211 12.6043 12.6035 0.000379978 2.99024 0.100079 1.39979 0.503 2.82817 -0.146515 
600.11 93.7589 12.5711 12.5716 -0.0136563 3.09446 0.0686223 1.39979 0.0003 3.16545 -0.00907522 
600.11 75.6496 13.1772 13.2389 -0.134302 7.1582 0.00283659 1.39979 0.0003 2.57304 -0.607109 
600.11 61.8981 13.6778 13.6778 0.0035433 11.8713 0.109144 1.39979 0.503 2.99768 1.14179 
600.11 87.1519 12.7858 12.783 0.00892699 3.26253 0.123679 1.39979 0.503 2.76436 0.363767 
600.11 93.6883 12.5734 12.573 0.00221249 4.48335 0.104849 1.39979 0.503 2.94279 0.160151 
600.11 91.8582 12.6322 12.6289 0.00654151 4.28302 0.116212 1.39979 0.503 2.73415 0.0165403 
600.11 90.0807 12.6898 12.6845 0.0117417 3.55849 0.131644 1.39979 0.503 2.94315 -0.33178 
600.11 92.399 12.6148 12.6108 0.00937416 1.74667 0.124503 1.39979 0.503 3.16737 -0.173892 
600.11 88.1963 12.7512 12.7388 0.0215081 3.71065 0.163026 1.39979 0.503 2.91192 -0.390795 
600.11 94.4503 12.5492 12.6468 -0.20027 2.02489 0.00048417 1.39979 0.0003 2.93924 0.0911325 
600.11 75.6376 13.1777 13.264 -0.179645 8.0887 0.00084181 1.39979 0.0003 2.49216 -0.541657 
600.11 87.371 12.7787 12.9409 -0.307245 5.09925 2.79967e-05 1.39979 0.0003 2.5834 0.0912434 
600.11 50.8685 14.1078 14.1179 -0.0238873 16.4784 0.0541314 1.39979 0.0003 3.17823 1.95887 
600.11 91.7512 12.6356 12.6955 -0.124186 2.61593 0.00379015 1.39979 0.0003 2.76985 0.142963 
600.11 66.8141 13.4948 13.6653 -0.320677 11.6911 1.9542e-05 1.39979 0.0003 2.71382 0.939398 
600.11 61.7996 13.6816 13.6805 0.00358883 12.2408 0.108658 1.39979 0.503 2.12273 -0.736368 
600.11 62.6692 13.6487 13.635 0.0226529 11.4072 0.167019 1.39979 0.503 1.92854 -0.307584 
600.11 69.0383 13.4132 13.4043 0.0255609 9.7672 0.183183 1.39979 0.503 3.5207 0.755978 
600.11 92.9619 12.5966 12.599 -0.00543618 4.1802 0.0867489 1.39979 0.0003 2.99341 -0.213043 
600.11 92.9735 12.5963 12.5936 0.00388163 2.57888 0.108683 1.39979 0.503 2.89013 0.182115 
600.11 80.649 13.0042 13.0224 -0.0254993 5.38923 0.0539668 1.39979 0.0003 3.36091 -0.496046 
600.11 91.8886 12.631 12.7026 -0.161639 2.05341 0.00133781 1.39979 0.0003 3.13586 0.227698 
600.11 88.6601 12.7362 12.854 -0.227435 3.36327 0.000239843 1.39979 0.0003 2.62806 0.1018 
600.11 65.7481 13.534 13.5788 -0.0762053 10.9703 0.0143867 1.39979 0.0003 2.27434 -0.708649 
600.11 93.8417 12.5685 12.5641 0.00721992 1.71655 0.117615 1.39979 0.503 3.14144 -0.0744913 
600.11 91.521 12.6431 12.633 0.0208258 2.46096 0.161871 1.39979 0.503 2.76544 0.154277 
600.11 92.291 12.6182 12.6143 0.00878641 3.52114 0.122944 1.39979 0.503 2.86611 -0.207022 
600.11 93.3895 12.5829 12.5828 0.00139309 0.767367 0.102989 1.39979 0.503 3.08536 -0.168375 
600.11 93.7285 12.5722 12.5714 0.00401934 4.02032 0.110086 1.39979 0.503 2.98739 0.167006 
600.11 59.7078 13.7614 13.8641 -0.189326 14.0103 0.000688071 1.39979 0.0003 1.78075 -0.126472 
600.11 94.0361 12.5623 12.5536 0.0142964 1.42457 0.138466 1.39979 0.503 2.92463 0.124896 
600.11 90.8349 12.6653 12.6639 0.00702362 2.13829 0.118582 1.39979 0.503 3.10704 0.289439 
600.11 93.3804 12.5832 12.5801 0.00316554 1.04756 0.106281 1.39979 0.503 3.16393 -0.0953927 
600.11 91.527 12.6428 12.7126 -0.151093 4.30555 0.00180044 1.39979 0.0003 2.85976 -0.242968 
600.11 50 14.1429 14.1429 -1.79008e-09 16.7493 0.0992319 1.39979 0.0003 -0.89148 -4.01736 
600.11 86.0611 12.822 12.9311 -0.191469 5.29469 0.000668894 1.39979 0.0003 3.21298 0.41409 
600.11 94.7203 12.5405 12.5565 -0.0335081 3.81726 0.0425411 1.39979 0.0003 3.04674 0.0626689 
600.11 93.7672 12.5709 12.5702 0.00417914 3.99097 0.110538 1.39979 0.503 3.11931 -0.114004 
600.11 87.0397 12.7892 12.7793 0.0149283 4.14988 0.140702 1.39979 0.503 2.70417 -0.321641 
600.11 64.6831 13.5734 13.5733 0.00283161 11.1107 0.107239 1.39979 0.503 2.42414 -0.875169 
600.11 93.4425 12.5813 12.5753 0.0110713 4.00864 0.128951 1.39979 0.503 3.02694 -0.183639 
600.11 93.4187 12.582 12.5791 0.0046403 1.8392 0.110748 1.39979 0.503 3.09175 0.163109 
600.11 94.1698 12.5581 12.5564 0.00358489 3.62642 0.108201 1.39979 0.503 2.89822 0.0885047 
600.11 82.0506 12.9565 12.9476 0.0139259 5.01855 0.13705 1.39979 0.503 3.12505 -0.562782 
600.11 93.6958 12.5731 12.57 0.00321087 2.51488 0.106657 1.39979 0.503 2.94116 -0.159366 
600.11 80.6648 13.0036 13.0296 -0.0422358 6.4969 0.0349297 1.39979 0.0003 2.4727 -0.312689 
600.11 89.975 12.6931 12.6889 0.0102825 2.7275 0.127721 1.39979 0.503 2.93724 0.334875 
600.11 94.6655 12.5423 12.5823 -0.0838932 0.410676 0.0111967 1.39979 0.0003 2.9462 0.0663773 
600.11 62.2528 13.6647 13.7994 -0.25315 13.2214 0.000121726 1.39979 0.0003 2.06435 0.631664 
600.11 90.8937 12.6633 12.6566 0.00900785 2.21108 0.121291 1.39979 0.503 2.86282 0.273716 
600.11 50.5283 14.1215 14.1223 -0.00127873 16.5688 0.0962436 1.39979 0.0003 1.4225 -1.3665 
600.11 76.9529 13.1315 13.1046 0.0433559 6.99838 0.257292 1.39979 0.503 2.56229 -0.557576 
600.11 61.9567 13.6755 13.6627 0.0275542 11.9394 0.188364 1.39979 0.503 1.89664 -0.285166 
600.11 93.872 12.5675 12.5658 0.00463389 2.49545 0.111246 1.39979 0.503 3.13417 0.083163 
600.11 54.7717 13.9525 13.9474 0.00942111 14.9785 0.124363 1.39979 0.503 1.52581 0.162649 
600.11 93.4159 12.5821 12.579 0.0059182 1.46872 0.114431 1.39979 0.503 2.98331 0.186499 
600.11 92.5524 12.6099 12.6021 0.0136807 2.74616 0.136902 1.39979 0.503 2.89683 -0.209956 
600.11 91.8879 12.6313 12.6305 0.00390087 3.46136 0.109374 1.39979 0.503 3.15739 0.212941 
600.11 93.9334 12.5656 12.5771 -0.0129916 2.38609 0.0738053 1.39979 0.0003 2.85387 0.0459556 
600.11 93.1733 12.5899 12.5882 0.00495993 4.1383 0.112187 1.39979 0.503 2.91384 0.182386 
600.11 93.565 12.5774 12.5755 0.00499821 2.43328 0.112212 1.39979 0.503 3.17264 0.0437703 
600.11 55.1124 13.9393 13.9474 -0.0141922 15.2781 0.070218 1.39979 0.0003 2.42294 -1.34104 
600.11 71.3349 13.3303 13.3804 -0.109989 8.40004 0.00547248 1.39979 0.0003 2.77522 -0.825142 
600.11 93.682 12.5736 12.5763 -0.000479286 2.10494 0.0992236 1.39979 0.0003 2.87537 -0.116801 
600.11 68.7819 13.4227 13.4195 0.00649514 8.96976 0.11646 1.39979 0.503 2.09795 0.205533 
600.11 58.3129 13.8147 13.8043 0.0126113 13.1422 0.131704 1.39979 0.503 1.729 0.197629 
600.11 93.4191 12.582 12.582 0.00239323 1.703 0.105774 1.39979 0.503 2.9076 0.163063 
600.11 88.5879 12.7384 12.7594 -0.0612269 2.43641 0.0196527 1.39979 0.0003 2.67089 -0.20589 
600.11 88.9735 12.7258 12.7247 0.00965027 4.5035 0.126823 1.39979 0.503 3.10329 0.360988 
600.11 91.0548 12.6581 12.6428 0.02212 0.999883 0.163175 1.39979 0.503 3.19404 -0.228751 
600.11 93.0608 12.5935 12.5906 0.0060989 3.62595 0.114876 1.39979 0.503 2.83497 -0.125865 
600.11 92.5526 12.6097 12.6109 0.000637392 3.68005 0.101605 1.39979 0.503 3.05155 -0.228194 
600.11 89.7366 12.7008 12.7053 -0.0195532 1.98541 0.0594144 1.39979 0.0003 3.34175 0.071753 
600.11 88.3683 12.7457 12.8169 -0.149242 3.90429 0.00191632 1.39979 0.0003 3.25979 -0.297866 
600.11 70.2085 13.3711 13.5109 -0.264348 10.0491 8.96027e-05 1.39979 0.0003 2.50025 0.73111 
600.11 94.3257 12.5532 12.57 -0.0211149 1.89524 0.0605911 1.39979 0.0003 2.96313 -0.115687 
600.11 57.7887 13.8351 13.9043 -0.134035 14.3127 0.00297269 1.39979 0.0003 1.92051 0.743833 
600.11 94.0799 12.561 12.5588 0.00593714 3.39048 0.114961 1.39979 0.503 3.12502 -0.0683571 
600.11 93.6272 12.5754 12.5703 0.0109666 2.36402 0.129358 1.39979 0.503 3.0023 0.174102 
600.11 84.4474 12.8754 12.8508 0.0279967 3.77538 0.180699 1.39979 0.503 2.4882 0.0126401 
600.11 93.9188 12.5661 12.5648 0.00318897 3.7582 0.107295 1.39979 0.503 3.04835 0.146516 
600.11 91.7312 12.6364 12.6476 -0.00724186 2.8466 0.0860545 1.39979 0.0003 3.16408 -0.216516 
600.11 90.4915 12.6763 12.6793 -0.00870702 1.97314 0.0796182 1.39979 0.0003 3.27486 0.167113 
600.11 69.0169 13.4138 13.4024 0.0187195 9.47473 0.153116 1.39979 0.503 2.34349 -0.642477 
600.11 93.0923 12.5925 12.6248 -0.0533836 1.74049 0.0261882 1.39979 0.0003 3.13831 -0.152533 
600.11 73.4046 13.2563 13.2483 0.00747758 8.19958 0.116917 1.39979 0.503 2.82365 -0.780586 
600.11 90.8845 12.6636 12.6752 -0.015425 2.55795 0.0690966 1.39979 0.0003 2.82823 -0.253884 
600.11 93.4296 12.5817 12.5766 0.0107112 2.1864 0.128637 1.39979 0.503 2.95465 0.181059 
600.11 94.3942 12.5509 12.5475 0.00601409 1.67716 0.114498 1.39979 0.503 3.01772 -0.113778 
600.11 94.509 12.5473 12.5466 0.00165923 3.20641 0.103377 1.39979 0.503 2.9083 -0.0479656 
600.11 68.8492 13.4202 13.4794 -0.123505 10.0216 0.00385304 1.39979 0.0003 3.07439 0.920433 
600.11 92.7616 12.603 12.5969 0.00513472 2.38711 0.110265 1.39979 0.503 3.22293 0.0144344 
600.11 88.424 12.7439 12.8225 -0.150842 3.24927 0.00189958 1.39979 0.0003 2.66297 0.202857 
600.11 93.7278 12.5721 12.5706 0.00173435 2.61492 0.103207 1.39979 0.503 2.95409 0.161017 
600.11 58.2572 13.817 13.84 -0.0300293 14.1236 0.0486661 1.39979 0.0003 2.80269 -1.27374 
600.11 91.2709 12.6513 12.6606 -0.00432018 3.69316 0.0920385 1.39979 0.0003 2.741 -0.132535 
600.11 86.5383 12.8062 12.805 0.00120281 4.04388 0.101798 1.39979 0.503 3.41241 0.184689 
600.11 94.0767 12.5611 12.6153 -0.105099 3.5107 0.00646681 1.39979 0.0003 3.12897 0.0603149 
600.11 87.824 12.7634 12.7648 0.00341271 3.40842 0.109431 1.39979 0.503 3.39723 -0.112026 
600.11 92.7211 12.6043 12.6014 0.00379085 3.33623 0.10839 1.39979 0.503 2.77929 -0.0474701 
600.11 93.7141 12.5725 12.5672 0.00920355 2.53467 0.12347 1.39979 0.503 2.85286 0.0826626 
600.11 86.9085 12.7938 12.7858 0.0153583 5.79034 0.142559 1.39979 0.503 2.58993 0.162063 
600.11 92.1298 12.6234 12.6197 0.00577867 1.92694 0.113358 1.39979 0.503 3.03357 0.251831 
600.11 93.4031 12.5825 12.6244 -0.103674 1.08822 0.00632082 1.39979 0.0003 3.18775 0.0140246 
600.11 92.7382 12.6038 12.6116 -0.0209571 1.32295 0.0581224 1.39979 0.0003 2.85478 0.171661 
600.11 71.0545 13.3403 13.3528 -0.0363234 8.52933 0.0385453 1.39979 0.0003 2.73252 0.820284 
600.11 94.0419 12.5621 12.5604 0.00322338 1.97434 0.107287 1.39979 0.503 3.09456 0.110198 
600.11 93.0633 12.5934 12.5817 0.0231027 0.348425 0.170396 1.39979 0.503 3.19388 -0.0740778 
600.11 94.7665 12.539 12.5416 -0.0129867 3.02324 0.0706399 1.39979 0.0003 3.02301 -0.0678184 
600.11 69.7515 13.3874 13.4011 -0.029846 9.80769 0.0466196 1.39979 0.0003 3.89809 0.0199123 
600.11 94.2723 12.5547 12.5498 0.0107202 2.42164 0.128803 1.39979 0.503 3.11978 -0.0410232 
600.11 88.9035 12.7283 12.767 -0.0497184 4.23684 0.0301454 1.39979 0.0003 2.80069 0.32063 
600.11 93.597 12.5763 12.569 0.0156102 3.51572 0.143999 1.39979 0.503 3.12709 0.122049 
600.11 93.2809 12.5865 12.6033 -0.0207368 2.71324 0.0612165 1.39979 0.0003 2.86571 0.141711 
600.11 75.0639 13.1977 13.1705 0.0355806 7.08884 0.21488 1.39979 0.503 2.83146 -0.738548 
600.11 94.4429 12.5493 12.5449 0.00850775 2.76561 0.121761 1.39979 0.503 3.06917 0.0863915 
600.11 88.5697 12.7389 12.7379 -0.000439813 3.45851 0.0982895 1.39979 0.0003 3.29378 0.25483 
600.11 55.9955 13.9047 13.9019 0.00620189 14.2379 0.115149 1.39979 0.503 2.1816 1.14239 
600.11 73.9283 13.2381 13.4257 -0.348322 9.75902 9.3296e-06 1.39979 0.0003 2.40784 -0.51768 
600.11 90.1266 12.6883 12.688 0.000648822 3.60791 0.101214 1.39979 0.503 3.33067 -0.0532952 
600.11 92.9762 12.5962 12.5945 0.0028545 1.48946 0.10616 1.39979 0.503 3.17839 -0.11485 
600.11 50.427 14.1256 14.1249 0.00155703 16.5857 0.103056 1.39979 0.503 1.40832 -1.4253 
600.11 92.4019 12.6145 12.609 0.00853023 3.65717 0.121435 1.39979 0.503 2.79122 -0.121635 
600.11 94.4769 12.5483 12.5455 0.00744142 3.21407 0.119089 1.39979 0.503 3.06259 0.0867254 
600.11 90.8356 12.665 12.661 0.00650097 2.22436 0.115897 1.39979 0.503 3.07419 -0.299658 
600.11 93.9698 12.5643 12.5593 -0.00692329 2.22469 0.080365 1.39979 0.0003 3.01884 -0.149692 
600.11 93.0352 12.5943 12.593 0.00121789 2.29939 0.101787 1.39979 0.503 2.79419 -0.0385667 
600.11 93.1528 12.5906 12.5872 0.00818333 1.98259 0.120936 1.39979 0.503 3.16634 -0.115429 
600.11 93.2063 12.5888 12.5852 0.00607783 4.12524 0.114497 1.39979 0.503 2.84159 0.121332 
600.11 85.273 12.8482 12.9522 -0.192701 6.09792 0.000626893 1.39979 0.0003 3.41693 0.254365 
600.11 66.8531 13.4933 13.4906 0.00585136 10.8178 0.114162 1.39979 0.503 2.0323 0.160516 
600.11 92.6719 12.6058 12.5975 -0.000735044 1.61056 0.0934971 1.39979 0.0003 2.77982 -0.060424 
600.11 64.9435 13.5639 13.5613 0.0130323 10.407 0.13712 1.39979 0.503 2.4964 0.909053 
600.11 93.8909 12.5668 12.5656 -0.0148904 1.81326 0.0657695 1.39979 0.0003 3.07472 0.137619 
600.11 94.6175 12.5438 12.5416 0.0059736 2.13718 0.114865 1.39979 0.503 2.92124 0.046278 
600.11 56.3076 13.8925 13.8906 0.00745204 14.0727 0.12004 1.39979 0.503 2.92433 -1.38555 
600.11 86.5729 12.8048 12.7947 0.012856 3.28139 0.132979 1.39979 0.503 2.65926 0.294847 
600.11 51.6624 14.076 14.073 0.004562 16.1108 0.110514 1.39979 0.503 1.3862 0.792876 
600.11 94.1137 12.5599 12.5866 -0.0499532 2.86766 0.0280782 1.39979 0.0003 2.93249 -0.122113 
600.11 93.623 12.5756 12.568 0.0159712 1.99543 0.145374 1.39979 0.503 2.95397 0.16817 
600.11 61.4635 13.6944 13.6868 0.0161652 12.0236 0.145731 1.39979 0.503 1.87512 -0.27397 
600.11 77.7301 13.1048 13.2512 -0.271998 8.93871 7.3772e-05 1.39979 0.0003 2.73324 0.634873 
600.11 88.7132 12.7343 12.7271 0.0166423 5.11874 0.148344 1.39979 0.503 3.16524 -0.34669 
600.11 94.498 12.5476 12.5451 0.00421369 4.46406 0.109734 1.39979 0.503 2.92412 0.0722106 
600.11 94.2644 12.5551 12.5702 -0.0192132 3.16595 0.063308 1.39979 0.0003 2.87907 -0.038512 
600.11 69.9411 13.3805 13.3729 0.0124266 8.87192 0.132977 1.39979 0.503 2.3383 0.599714 
600.11 91.9278 12.6299 12.635 -0.00688672 2.9278 0.0845151 1.39979 0.0003 2.73841 -0.0293434 
600.11 93.6204 12.5756 12.5704 0.0112563 2.91717 0.130261 1.39979 0.503 3.10384 -0.140582 
600.11 90.5231 12.6753 12.6569 0.0283803 1.58803 0.187562 1.39979 0.503 2.85239 -0.28421 
600.11 94.3271 12.553 12.5563 -0.00506517 3.66515 0.088032 1.39979 0.0003 3.04711 0.111998 
600.11 93.3263 12.5849 12.584 0.00250549 2.78023 0.105488 1.39979 0.503 2.96521 -0.189783 
600.11 94.0645 12.5614 12.5605 0.00162292 3.34682 0.10311 1.39979 0.503 3.13894 -0.0356376 
600.11 66.4601 13.5075 13.5032 0.0109781 9.86852 0.129775 1.39979 0.503 2.08734 0.391115 
600.11 51.7589 14.0721 14.0703 0.0035444 16.0755 0.108082 1.39979 0.503 1.32051 -0.596421 
600.11 86.4007 12.8105 12.8084 0.00426332 5.02194 0.110244 1.39979 0.503 2.84808 -0.429979 
600.11 75.402 13.1861 13.1847 0.00268592 7.54992 0.1057 1.39979 0.503 2.27648 -0.191373 
600.11 81.5588 12.9734 13.1571 -0.340646 6.52129 1.1512e-05 1.39979 0.0003 2.90373 -0.581549 
600.11 88.9037 12.7283 12.7612 -0.0374697 2.85356 0.0415309 1.39979 0.0003 2.72284 -0.256321 
600.11 88.9934 12.7251 12.7442 -0.0533002 3.32253 0.0244894 1.39979 0.0003 3.34454 0.147438 
600.11 83.7825 12.8977 12.8913 0.00653176 6.02162 0.11451 1.39979 0.503 2.89066 -0.51889 
600.11 94.0975 12.5603 12.5602 0.000934601 2.53167 0.101759 1.39979 0.503 3.13922 -0.0203358 
600.11 90.9583 12.6613 12.7905 -0.263707 3.52485 8.65766e-05 1.39979 0.0003 3.08862 -0.290355 
600.11 90.6041 12.6726 12.6652 -0.00235686 2.90521 0.0899213 1.39979 0.0003 2.95069 -0.313654 
600.11 93.1328 12.5913 12.5872 0.00147624 0.945226 0.101279 1.39979 0.503 2.93053 -0.191523 
600.11 94.4078 12.5504 12.5489 0.0012632 4.00696 0.102066 1.39979 0.503 3.05277 -0.100878 
600.11 93.1217 12.5916 12.5906 0.00129014 4.07868 0.10223 1.39979 0.503 2.91003 -0.183538 
600.11 65.6369 13.538 13.5538 -0.0400662 10.3935 0.0352141 1.39979 0.0003 2.70338 0.973627 
600.11 93.1253 12.5914 12.5889 0.0039032 4.55001 0.108774 1.39979 0.503 2.98784 0.203687 
600.11 77.7786 13.1027 13.0974 0.0106198 5.97618 0.12788 1.39979 0.503 2.34082 -0.196003 
600.11 58.917 13.7915 13.8861 -0.193543 14.1326 0.0005824 1.39979 0.0003 2.65468 -1.21117 
600.11 56.7853 13.874 13.9239 -0.0802774 14.3958 0.0131195 1.39979 0.0003 2.1338 1.05034 
600.11 61.9478 13.6761 13.7282 -0.103013 12.7898 0.00679616 1.39979 0.0003 2.03372 0.604785 
600.11 62.4824 13.6558 13.6484 0.0140041 12.9291 0.137805 1.39979 0.503 1.89258 -0.174378 
600.11 93.664 12.5741 12.5712 0.00249734 2.43424 0.10459 1.39979 0.503 2.84131 0.0665078 
600.11 93.9945 12.5636 12.6001 -0.0893163 2.19622 0.00937008 1.39979 0.0003 3.1463 -0.027794 
600.11 66.4485 13.5083 13.6555 -0.272014 11.8303 7.40431e-05 1.39979 0.0003 2.10629 -0.432653 
600.11 90.9745 12.6608 12.6548 0.0140758 3.50646 0.139314 1.39979 0.503 2.84338 0.25933 
600.11 90.2653 12.6839 12.6792 0.00988247 3.87679 0.12562 1.39979 0.503 2.73911 -0.2023 
600.11 92.9896 12.5957 12.5903 0.0111089 2.81714 0.129513 1.39979 0.503 2.84687 -0.146374 
600.11 93.4079 12.5823 12.579 0.00677271 3.99537 0.116871 1.39979 0.503 2.9777 0.186434 
600.11 67.6862 13.4624 13.4567 0.0157426 10.2324 0.14593 1.39979 0.503 2.19939 -0.523955 
600.11 55.6411 13.9186 13.9924 -0.141369 15.1996 0.00245096 1.39979 0.0003 1.5745 0.0496993 
600.11 94.1016 12.5603 12.5586 0.00178473 2.77407 0.102989 1.39979 0.503 3.03394 -0.1362 
600.11 93.8399 12.5685 12.5696 0.000478602 4.06577 0.10103 1.39979 0.503 3.12038 0.10507 
600.11 55.1735 13.9367 13.9364 -0.000797151 14.5122 0.0974223 1.39979 0.0003 2.48109 -1.36055 
600.11 93.8344 12.5687 12.5975 -0.0637089 1.73841 0.0190408 1.39979 0.0003 3.01018 -0.160059 
600.11 66.032 13.5235 13.635 -0.218136 11.5044 0.000305812 1.39979 0.0003 2.06078 0.359261 
600.11 93.0456 12.5939 12.5991 -0.0165996 2.98657 0.0647545 1.39979 0.0003 3.16684 0.125318 
600.11 91.6824 12.6379 12.668 -0.044453 3.08435 0.0334975 1.39979 0.0003 3.0537 0.268505 
600.11 93.9848 12.5639 12.5636 0.0001584 3.23499 0.0996337 1.39979 0.503 3.08283 0.12427 
600.11 90.6904 12.6699 12.6608 0.0154722 3.09495 0.142112 1.39979 0.503 3.11766 0.291011 
600.11 93.0057 12.5952 12.5953 -0.000851119 4.59655 0.0971492 1.39979 0.0003 2.849 0.147112 
600.11 93.7661 12.5709 12.5708 0.000915245 3.62637 0.101596 1.39979 0.503 2.9273 -0.148149 
600.11 94.0238 12.5627 12.5801 -0.0331535 3.59775 0.043271 1.39979 0.0003 2.85525 -0.0230639 
600.11 60.5871 13.7276 13.7246 -0.00033265 12.2852 0.0969648 1.39979 0.0003 2.26619 -0.937916 
600.11 93.9256 12.5658 12.5773 -0.0263021 1.30354 0.0509761 1.39979 0.0003 3.15392 -1.18553e-05 
600.11 90.0829 12.6897 12.7359 -0.0759078 3.79281 0.0146229 1.39979 0.0003 3.06003 0.331211 
600.11 94.5998 12.5444 12.5705 -0.044136 0.508453 0.033094 1.39979 0.0003 3.06511 0.0669066 
600.11 93.4733 12.5803 12.5762 0.00825635 1.3744 0.12079 1.39979 0.503 2.93257 -0.170946 
600.11 90.596 12.6729 12.6668 0.00163875 3.01146 0.100654 1.39979 0.503 2.68215 -0.00648469 
600.11 75.7076 13.1752 13.1951 -0.0231217 6.85204 0.058151 1.39979 0.0003 2.56001 -0.595798 
600.11 93.5808 12.5768 12.5916 -0.0344661 3.32401 0.0411247 1.39979 0.0003 2.8621 0.111367 
600.11 88.3803 12.7452 12.7483 -0.000152248 3.34024 0.100666 1.39979 0.503 2.85444 0.367169 
600.11 57.5431 13.8446 13.9028 -0.113972 14.2445 0.00507874 1.39979 0.0003 2.02005 -0.888676 
600.11 72.6468 13.2831 13.3457 -0.178503 9.19865 0.000776179 1.39979 0.0003 2.2527 0.338743 
600.11 93.0627 12.5935 12.5909 0.00110222 4.3418 0.100868 1.39979 0.503 2.80322 0.0658325 
600.11 71.0497 13.3408 13.3296 0.0274584 8.42597 0.189161 1.39979 0.503 3.34998 -0.788524 
600.11 67.1392 13.4828 13.6337 -0.288482 11.386 4.61981e-05 1.39979 0.0003 2.46205 -0.81011 
600.11 93.6226 12.5755 12.5742 0.00525707 1.71499 0.113435 1.39979 0.503 3.14904 -0.0909476 
600.11 93.5889 12.5766 12.5759 0.00324395 1.29197 0.107791 1.39979 0.503 2.83753 -0.0693541 
600.11 94.3442 12.5525 12.5467 0.0105645 4.07183 0.127175 1.39979 0.503 2.90005 -0.0662324 
600.11 93.6495 12.5747 12.5686 0.0120568 3.71958 0.132268 1.39979 0.503 2.99074 -0.172419 
600.11 94.5257 12.5467 12.5583 -0.0253614 2.44065 0.0524759 1.39979 0.0003 3.01919 0.100228 
600.11 81.3284 12.981 13.0741 -0.197642 5.48544 0.000511312 1.39979 0.0003 2.74204 0.536948 
600.11 89.2672 12.7162 12.7295 -0.0385589 3.09387 0.0363209 1.39979 0.0003 3.36488 -0.0211921 
600.11 50.6514 14.1166 14.1158 0.00128968 16.4793 0.102294 1.39979 0.503 0.979021 -0.257772 
600.11 92.4273 12.6138 12.614 0.00451925 1.36514 0.111857 1.39979 0.503 3.23323 0.0565112 
600.11 76.25 13.1561 13.1628 -0.0161294 6.85393 0.0660756 1.39979 0.0003 3.02001 -0.72652 
600.11 93.3044 12.5857 12.5802 0.00903501 2.73554 0.122526 1.39979 0.503 2.98015 -0.192837 
600.11 93.6193 12.5755 12.5738 0.00110991 2.00538 0.101577 1.39979 0.503 3.17059 -0.0388242 
600.11 94.4086 12.5504 12.5635 -0.0308379 2.17518 0.0451903 1.39979 0.0003 2.94717 0.100922 
600.11 92.6456 12.6068 12.6504 -0.0974757 2.21338 0.00765067 1.39979 0.0003 3.03271 -0.227152 
600.11 92.5388 12.6102 12.6066 0.00902195 3.75856 0.123696 1.39979 0.503 3.08981 0.217047 
600.11 58.8309 13.7949 13.785 0.0244226 13.3556 0.177524 1.39979 0.503 1.73701 0.021491 
600.11 65.3293 13.5495 13.5814 -0.0603861 11.4881 0.0213147 1.39979 0.0003 2.9718 1.02688 
600.11 55.5583 13.9219 13.9807 -0.105501 15.2034 0.00654438 1.39979 0.0003 1.56867 0.0157312 
600.11 93.5861 12.5767 12.5711 0.0101629 2.6001 0.126397 1.39979 0.503 2.82345 -0.00702059 
600.11 93.7038 12.5729 12.57 0.00778945 3.23554 0.120092 1.39979 0.503 3.08538 0.146376 
600.11 83.1701 12.9183 12.9101 0.00628294 3.7209 0.111925 1.39979 0.503 2.83713 -0.522133 
600.11 92.4934 12.6118 12.6574 -0.0745087 2.09595 0.0151909 1.39979 0.0003 3.22071 -0.0858088 
600.11 93.6244 12.5755 12.5724 0.00568119 2.34001 0.113628 1.39979 0.503 3.10797 -0.136917 
600.11 93.9029 12.5666 12.5594 0.0130139 3.61606 0.13475 1.39979 0.503 2.84478 0.0079738 
600.11 93.3264 12.5849 12.5827 0.00405493 3.15986 0.109328 1.39979 0.503 2.81156 0.0410922 
600.11 83.7173 12.9002 13.0236 -0.24694 5.00399 0.000138196 1.39979 0.0003 3.39125 -0.36014 
600.11 81.1934 12.9856 12.979 0.0168106 5.54415 0.1488 1.39979 0.503 2.86888 -0.584526 
600.11 54.9656 13.9451 14.0034 -0.112558 15.2447 0.00529794 1.39979 0.0003 1.78441 0.82581 
600.11 81.4022 12.9786 13.1368 -0.313388 6.21532 2.28602e-05 1.39979 0.0003 2.42166 -0.134096 
600.11 93.1536 12.5906 12.5869 0.00556706 3.37263 0.112883 1.39979 0.503 2.92917 0.18988 
600.11 90.435 12.6782 12.6713 0.00891659 2.30649 0.121947 1.39979 0.503 3.16004 0.281599 
600.11 94.6718 12.5421 12.5505 -0.0117694 2.66926 0.0752069 1.39979 0.0003 2.92525 -0.0396168 
600.11 75.2301 13.1921 13.1905 0.00408838 7.9585 0.109669 1.39979 0.503 2.58531 -0.628587 
600.11 89.194 12.7186 12.7477 -0.0725296 3.1975 0.0147495 1.39979 0.0003 2.70619 -0.221542 
600.11 68.93 13.4174 13.4165 0.00615921 9.59934 0.116136 1.39979 0.503 2.57721 -0.818689 
600.11 94.4818 12.5481 12.5581 -0.01866 1.895 0.0626729 1.39979 0.0003 3.09195 -0.0537648 
600.11 92.6923 12.6052 12.5981 0.0119402 3.42652 0.131628 1.39979 0.503 3.13517 0.182707 
600.11 51.2679 14.0918 14.1088 -0.0301983 16.46 0.0469283 1.39979 0.0003 1.22976 0.602833 
600.11 76.4592 13.1491 13.3706 -0.410247 8.89811 1.73204e-06 1.39979 0.0003 2.28209 0.068727 
600.11 93.6912 12.5732 12.5721 0.00142427 3.62701 0.10259 1.39979 0.503 3.16984 0.00214366 
600.11 79.2832 13.051 13.05 0.00401149 6.37299 0.109519 1.39979 0.503 2.78633 -0.612599 
600.11 87.7125 12.7673 12.7619 0.0119841 4.4079 0.132648 1.39979 0.503 2.89085 0.401305 
600.11 93.5862 12.5767 12.5781 0.00118283 3.9032 0.103089 1.39979 0.503 3.01876 0.175669 
600.11 93.8557 12.5682 12.6143 -0.0802123 1.84274 0.0128971 1.39979 0.0003 3.07273 0.141015 
600.11 86.9155 12.7937 12.8487 -0.0728803 4.05732 0.0167953 1.39979 0.0003 3.40262 -0.178249 
600.11 87.9685 12.7588 12.8384 -0.169703 3.25518 0.00109188 1.39979 0.0003 2.67334 -0.244494 
600.11 93.9842 12.564 12.5622 0.00395315 1.9216 0.109356 1.39979 0.503 2.98798 -0.148897 
600.11 51.4786 14.0834 14.0853 -0.00262286 16.2502 0.0933495 1.39979 0.0003 2.15682 1.62362 
600.11 93.7328 12.572 12.5694 0.00571668 2.05129 0.114041 1.39979 0.503 3.01961 0.166089 
600.11 92.6388 12.6071 12.6051 0.00486127 1.74674 0.11147 1.39979 0.503 3.03003 -0.227634 
600.11 94.749 12.5396 12.5723 -0.0629273 3.49727 0.0198798 1.39979 0.0003 3.069 0.0263764 
600.11 64.6094 13.5764 13.6192 -0.0521704 11.8983 0.0286948 1.39979 0.0003 3.31946 1.00002 
600.11 92.8712 12.5996 12.5962 0.00397682 3.51147 0.108389 1.39979 0.503 3.10977 0.188034 
600.11 94.9099 12.5345 12.5516 -0.0296245 3.25141 0.0477492 1.39979 0.0003 3.0441 -0.000454829 
600.11 92.2451 12.6197 12.6187 0.000720495 1.47758 0.100724 1.39979 0.503 2.88589 -0.220926 
600.11 93.4806 12.5801 12.5771 0.00342984 2.58784 0.107027 1.39979 0.503 2.9623 0.179751 
600.11 82.8034 12.9309 12.9237 0.0143235 4.55236 0.139936 1.39979 0.503 2.71762 0.479626 
600.11 92.7888 12.6023 12.6016 0.00407045 1.52031 0.110021 1.39979 0.503 2.80966 0.114287 
600.11 93.8987 12.5666 12.5652 0.0024583 3.35532 0.105364 1.39979 0.503 2.9505 -0.147973 
600.11 91.3439 12.6486 12.6451 0.00535583 3.60873 0.11253 1.39979 0.503 2.88415 0.264071 
600.11 93.4569 12.5807 12.6417 -0.118733 4.36449 0.00451082 1.39979 0.0003 3.07135 0.170727 
600.11 93.7736 12.5708 12.6069 -0.0571809 2.04791 0.0239541 1.39979 0.0003 2.8768 -0.108765 
600.11 94.1712 12.558 12.5544 0.00571972 2.47696 0.11365 1.39979 0.503 3.13382 -0.0170657 
600.11 60.9517 13.714 13.8172 -0.184804 13.5784 0.000789444 1.39979 0.0003 1.93824 -0.507016 
600.11 92.8132 12.6015 12.5973 0.0117223 1.83494 0.132413 1.39979 0.503 3.14918 0.162977 
600.11 89.1712 12.7194 12.716 0.00952363 2.88805 0.125578 1.39979 0.503 3.08304 -0.359033 
600.11 67.5626 13.4673 13.5036 -0.0464106 10.0683 0.0327265 1.39979 0.0003 2.49187 -0.814623 
600.11 93.5992 12.5762 12.5712 0.00964758 2.85325 0.125018 1.39979 0.503 3.14063 0.106017 
600.11 91.2253 12.6525 12.6459 0.0144943 1.23865 0.140364 1.39979 0.503 3.07354 -0.283763 
600.11 89.2712 12.7161 12.7048 0.0277124 1.90559 0.190764 1.39979 0.503 3.28616 -0.226946 
600.11 92.6103 12.6079 12.6063 0.00369276 2.77047 0.108658 1.39979 0.503 3.15781 -0.169164 
600.11 88.3557 12.7461 12.7453 0.00209215 2.75879 0.104712 1.39979 0.503 2.8894 0.379697 
600.11 94.0208 12.5628 12.562 0.00244472 3.89628 0.105482 1.39979 0.503 3.14612 0.01205 
600.11 86.8626 12.7954 12.8858 -0.152635 4.14698 0.0019271 1.39979 0.0003 2.67529 0.299879 
600.11 61.6964 13.6857 13.6785 0.0271506 12.3616 0.190874 1.39979 0.503 2.49417 1.03186 
600.11 94.1533 12.5585 12.554 0.00855135 3.07493 0.121764 1.39979 0.503 3.01878 0.135356 
600.11 93.0436 12.5941 12.5898 0.0119942 3.34433 0.132974 1.39979 0.503 2.79924 -0.0564369 
600.11 57.5389 13.8446 13.8441 0.00353222 14.1827 0.108654 1.39979 0.503 3.3823 1.26694 
600.11 85.6942 12.8342 12.835 0.00110768 3.7407 0.102603 1.39979 0.503 2.74953 0.40514 
600.11 53.3048 14.0106 14.0097 0.000273464 15.3657 0.0995304 1.39979 0.503 1.40376 -0.108273 
600.11 93.7259 12.5722 12.5682 0.00630835 3.02044 0.115222 1.39979 0.503 3.04457 -0.161778 
600.11 94.0114 12.5631 12.5595 0.00761182 0.659062 0.119249 1.39979 0.503 2.86395 -0.0575934 
600.11 93.7428 12.5717 12.5687 0.00523261 2.07132 0.112152 1.39979 0.503 3.15948 0.0476043 
600.11 94.7301 12.5402 12.5573 -0.0363655 1.93831 0.0394403 1.39979 0.0003 2.95272 -0.060522 
600.11 94.0746 12.561 12.5567 0.00681005 1.89635 0.116616 1.39979 0.503 3.0354 0.138356 
600.11 92.3246 12.617 12.6121 0.00796946 3.67656 0.119731 1.39979 0.503 2.97572 -0.244028 
600.11 92.4717 12.6124 12.6078 0.00575427 1.65849 0.113235 1.39979 0.503 2.82488 -0.161257 
600.11 66.832 13.4938 13.4717 0.0205014 10.1472 0.152348 1.39979 0.503 2.29613 0.684438 
600.11 93.784 12.5704 12.5767 -0.00324776 3.29585 0.0935092 1.39979 0.0003 3.02404 0.161854 
600.11 78.1545 13.0901 13.0745 0.0194876 7.27188 0.151828 1.39979 0.503 2.4011 0.317245 
600.11 59.3937 13.7734 13.8812 -0.205249 14.1314 0.000440233 1.39979 0.0003 1.76125 0.0181754 
600.11 92.363 12.6159 12.6088 0.0148252 2.82427 0.141715 1.39979 0.503 3.2287 0.0835663 
600.11 94.185 12.5575 12.559 -0.000429026 1.40165 0.0989565 1.39979 0.0003 2.88274 -0.0646254 
600.11 75.0544 13.1979 13.195 0.00627877 7.41787 0.115797 1.39979 0.503 3.0555 -0.755485 
600.11 89.9702 12.6934 12.7061 -0.0094689 3.07139 0.081664 1.39979 0.0003 2.68068 -0.11872 
600.11 92.4052 12.6144 12.6112 0.00509707 4.279 0.111959 1.39979 0.503 3.14764 -0.190793 
600.11 93.3575 12.5841 12.5806 0.00635865 2.83111 0.115389 1.39979 0.503 2.82707 0.0804067 
600.11 94.5038 12.5474 12.5461 0.00369252 3.04102 0.108742 1.39979 0.503 2.95048 -0.0919058 
600.11 57.987 13.8274 13.8608 -0.0555231 13.7642 0.0247498 1.39979 0.0003 2.60256 -1.23937 
600.11 93.9011 12.5667 12.5683 -9.56667e-06 2.0664 0.0999517 1.39979 0.503 2.86267 -0.0736519 
600.11 68.9195 13.4178 13.4474 -0.0294069 9.96023 0.0512309 1.39979 0.0003 2.07876 -0.0121489 
600.11 90.1949 12.686 12.6796 0.0183612 3.11811 0.154967 1.39979 0.503 2.82447 0.282739 
600.11 93.6129 12.5758 12.572 0.010533 4.04466 0.128511 1.39979 0.503 2.8361 0.0618077 
600.11 56.5321 13.8838 13.9095 -0.0517036 14.3277 0.0265366 1.39979 0.0003 3.34373 1.33157 
600.11 64.4616 13.5816 13.5794 0.00575801 11.6982 0.114286 1.39979 0.503 2.17242 0.65373 
600.11 93.8854 12.5671 12.5633 0.00764221 2.0786 0.119172 1.39979 0.503 3.08287 -0.13284 
600.11 93.7362 12.5719 12.5696 0.00464146 1.61803 0.111211 1.39979 0.503 2.96522 0.163613 
600.11 90.1866 12.6861 12.68 0.0125572 2.9607 0.134223 1.39979 0.503 2.95087 0.329495 
600.11 94.3254 12.5531 12.5491 0.00844558 4.16133 0.121657 1.39979 0.503 3.04983 0.111219 
600.11 54.2171 13.9746 14.0264 -0.0930864 15.5366 0.00909319 1.39979 0.0003 1.7587 0.882424 
600.11 92.5115 12.6111 12.6079 0.00297846 2.00061 0.10581 1.39979 0.503 2.99039 -0.235804 
600.11 84.1719 12.8847 12.8769 0.0131258 5.09924 0.135022 1.39979 0.503 2.98053 -0.519154 
600.11 50.5408 14.121 14.1208 0.000605759 16.5144 0.100744 1.39979 0.503 1.07151 -0.783691 
600.11 87.0201 12.7901 12.7832 0.0132689 4.66596 0.136224 1.39979 0.503 3.35198 -0.259268 
600.11 94.85 12.5364 12.5654 -0.0614092 2.78657 0.0203773 1.39979 0.0003 3.04294 -0.0377531 
600.11 57.726 13.8376 13.9223 -0.15377 14.5785 0.00179883 1.39979 0.0003 1.73584 -0.358001 
600.11 77.1808 13.1239 13.2445 -0.226534 7.46353 0.000250039 1.39979 0.0003 3.2016 -0.673225 
600.11 94.6297 12.5435 12.5605 -0.0246365 2.76394 0.0549702 1.39979 0.0003 2.93152 -0.0580495 
600.11 94.1264 12.5594 12.5823 -0.0514315 2.97286 0.0263565 1.39979 0.0003 2.91975 0.113055 
600.11 93.9437 12.5653 12.5636 0.00440873 2.18282 0.110574 1.39979 0.503 2.93746 -0.139057 
600.11 63.0891 13.633 13.6287 0.0111033 12.1836 0.129738 1.39979 0.503 2.00335 0.4662 
600.11 92.6709 12.6059 12.6002 0.00959004 2.48621 0.124444 1.39979 0.503 3.19809 0.113199 
600.11 73.9428 13.2371 13.2376 0.00536657 8.8473 0.114136 1.39979 0.503 2.24531 0.221337 
600.11 94.0455 12.5619 12.5615 0.00384559 1.93515 0.109732 1.39979 0.503 2.85771 0.026724 
600.11 94.3503 12.5523 12.5495 0.0051245 3.9718 0.112162 1.39979 0.503 3.11019 -0.0457792 
600.11 90.1318 12.6879 12.6834 -0.00197921 3.26155 0.0923948 1.39979 0.0003 2.78788 -0.259424 
600.11 88.6093 12.7378 12.735 0.00979533 3.0423 0.126508 1.39979 0.503 2.74769 0.294301 
600.11 93.704 12.5728 12.5694 0.00854769 4.17372 0.122498 1.39979 0.503 3.00696 0.169249 
600.11 83.2586 12.9155 12.9066 0.0241158 5.20469 0.176631 1.39979 0.503 2.55084 0.307827 
600.11 93.2934 12.586 12.5778 0.0154968 1.916 0.143246 1.39979 0.503 3.07185 -0.18081 
600.11 70.1645 13.3726 13.3741 0.00255866 8.87213 0.106535 1.39979 0.503 2.38738 -0.641464 
600.11 93.4164 12.582 12.5798 0.00547282 2.20109 0.113632 1.39979 0.503 2.82462 0.0656601 
600.11 81.9445 12.9601 12.9756 -0.0203614 6.02853 0.0614612 1.39979 0.0003 2.64208 -0.455683 
600.11 93.5336 12.5783 12.5773 0.00155601 2.61489 0.103209 1.39979 0.503 2.84591 -0.0937907 
600.11 90.138 12.6878 12.6849 0.00162007 2.63105 0.102794 1.39979 0.503 2.71959 -0.182691 
600.11 90.5989 12.6728 12.6668 0.0103263 2.20214 0.126696 1.39979 0.503 2.86612 0.288154 
600.11 77.3116 13.1192 13.1168 0.00907498 6.15405 0.124572 1.39979 0.503 2.9127 0.694112 
600.11 91.9215 12.6301 12.6628 -0.0734107 1.99744 0.0146363 1.39979 0.0003 2.77685 -0.140172 
600.11 92.3911 12.6151 12.6301 -0.0139309 4.5548 0.0731823 1.39979 0.0003 2.8075 -0.146258 
600.11 92.7297 12.604 12.5935 0.0209151 2.23612 0.162694 1.39979 0.503 3.11258 0.195245 
600.11 76.4995 13.1476 13.3046 -0.300373 8.32797 3.34422e-05 1.39979 0.0003 2.31696 -0.228435 
600.11 93.0471 12.594 12.5873 0.0153544 2.76078 0.143152 1.39979 0.503 2.81318 -0.0924015 
600.11 93.5677 12.5772 12.5705 0.0124274 1.63171 0.13337 1.39979 0.503 2.85443 -0.102846 
600.11 84.6988 12.8672 12.8603 0.0142342 3.30837 0.139702 1.39979 0.503 3.30461 -0.402395 
600.11 90.2613 12.6837 12.6831 0.00601536 2.72799 0.116245 1.39979 0.503 3.31559 0.097166 
600.11 94.4403 12.5495 12.547 0.0056359 1.06594 0.113962 1.39979 0.503 2.89436 -0.0337618 
600.11 85.7365 12.8328 12.9666 -0.240209 6.18158 0.000178283 1.39979 0.0003 2.86073 0.454176 
600.11 84.3695 12.8783 12.929 -0.091268 5.65168 0.00954176 1.39979 0.0003 2.52693 0.200562 
600.11 94.5151 12.5471 12.5445 0.00472191 4.55368 0.110994 1.39979 0.503 3.08108 0.0632746 
600.11 55.5352 13.9227 13.9496 -0.0555911 14.6667 0.0238584 1.39979 0.0003 3.55639 -1.32059 
600.11 93.5996 12.5763 12.5749 0.004582 2.66417 0.111249 1.39979 0.503 2.91584 0.154355 
600.11 90.121 12.6885 12.6828 0.0167864 3.07388 0.149398 1.39979 0.503 3.31907 0.102598 
600.11 85.4084 12.8438 13.066 -0.421094 5.43402 1.25892e-06 1.39979 0.0003 2.75724 0.41927 
600.11 94.4601 12.5489 12.6455 -0.200185 2.33804 0.000482823 1.39979 0.0003 3.07167 -0.0815622 
600.11 92.5275 12.6106 12.6239 -0.020612 1.13258 0.0603314 1.39979 0.0003 2.86342 -0.191585 
600.11 85.8708 12.8283 12.816 0.0305632 4.14355 0.203683 1.39979 0.503 3.47109 0.00920393 
600.11 93.7715 12.5708 12.5757 -0.00248016 3.97666 0.0949089 1.39979 0.0003 3.13238 0.097724 
600.11 94.7321 12.5401 12.595 -0.122655 2.09322 0.00386275 1.39979 0.0003 2.99836 -0.0765198 
600.11 94.1011 12.5602 12.5632 -0.0142241 0.437003 0.0683749 1.39979 0.0003 3.07762 0.117351 
600.11 90.3811 12.6799 12.6755 0.00405402 4.01871 0.108375 1.39979 0.503 3.09404 -0.311939 
600.11 93.8846 12.5671 12.6072 -0.0841825 3.79725 0.0110992 1.39979 0.0003 2.99764 -0.156786 
600.11 94.1047 12.5601 12.5613 -0.00341978 2.95475 0.0911023 1.39979 0.0003 2.87543 -0.064716 
600.11 93.2715 12.5867 12.585 0.00518305 2.38555 0.112816 1.39979 0.503 2.95856 0.19131 
600.11 71.6728 13.3184 13.3102 0.0293067 8.90483 0.20055 1.39979 0.503 3.27837 0.799216 
600.11 94.0171 12.5629 12.5621 0.00397501 2.73435 0.109848 1.39979 0.503 2.8698 -0.0683128 
600.11 84.403 12.8774 13.0869 -0.392488 6.32646 2.78114e-06 1.39979 0.0003 2.4878 -0.0239147 
600.11 92.4331 12.6135 12.6118 -0.026495 0.947438 0.0474518 1.39979 0.0003 2.76241 0.0348609 
600.11 93.3901 12.5828 12.5811 0.00146962 4.0665 0.102609 1.39979 0.503 2.87229 0.139509 
600.11 90.9209 12.6625 12.6537 0.0128896 1.61562 0.13283 1.39979 0.503 2.72207 0.12556 
600.11 70.5694 13.358 13.3581 0.00664891 8.71019 0.117672 1.39979 0.503 3.52506 -0.700954 
600.11 55.7139 13.9157 13.9123 0.00537749 14.3171 0.112252 1.39979 0.503 1.57988 0.0792306 
600.11 80.4093 13.0124 13.0068 0.0118025 5.16985 0.131597 1.39979 0.503 3.01336 -0.619534 
600.11 94.0175 12.5629 12.5578 0.00938066 2.59536 0.12403 1.39979 0.503 2.97503 -0.144782 
600.11 87.4588 12.7758 12.9407 -0.310422 5.52163 2.5806e-05 1.39979 0.0003 2.6975 -0.296761 
600.11 74.9468 13.202 13.3 -0.200694 8.08207 0.000479156 1.39979 0.0003 2.88691 -0.751826 
600.11 65.4358 13.5456 13.6173 -0.132264 11.1232 0.00317626 1.39979 0.0003 2.27867 0.726655 
600.11 91.8346 12.6329 12.6725 -0.0810243 3.27518 0.0121528 1.39979 0.0003 2.74765 -0.0882226 
600.11 93.7495 12.5714 12.5717 0.000955608 1.98002 0.101878 1.39979 0.503 2.84041 -0.0470784 
600.11 55.9182 13.9078 13.9088 0.0011821 14.1931 0.103035 1.39979 0.503 1.90364 0.886951 
600.11 59.2065 13.7804 13.7767 0.00575466 13.502 0.11342 1.39979 0.503 1.76975 0.203469 
600.11 82.8968 12.9277 12.926 -0.0127011 4.90227 0.0696996 1.39979 0.0003 3.24742 0.495862 
600.11 93.5351 12.5783 12.586 -0.0190879 2.60932 0.0612204 1.39979 0.0003 2.87631 0.130951 
600.11 82.3267 12.9472 12.947 0.00621818 4.69832 0.116042 1.39979 0.503 3.38438 -0.419817 
600.11 93.504 12.5793 12.5814 -0.00138554 3.8876 0.0965672 1.39979 0.0003 3.00803 0.181803 
600.11 93.1534 12.5904 12.5865 0.00670421 2.76601 0.116392 1.39979 0.503 2.81843 -0.0904618 
600.11 73.3427 13.2586 13.2573 0.00299944 7.83361 0.106179 1.39979 0.503 2.95442 -0.800752 
600.11 94.3719 12.5515 12.5498 0.00176118 2.70647 0.103244 1.39979 0.503 3.10625 0.049903 
600.11 69.7969 13.3855 13.3821 0.005454 9.4965 0.113835 1.39979 0.503 2.52479 0.761082 
600.11 93.8881 12.567 12.5669 0.0017668 1.93603 0.103997 1.39979 0.503 3.06909 0.140672 
600.11 64.521 13.5797 13.7378 -0.296404 12.55 3.78326e-05 1.39979 0.0003 1.95259 0.104599 
600.11 93.6644 12.5741 12.6256 -0.118208 2.02729 0.00432607 1.39979 0.0003 2.92983 0.1569 
600.11 67.4519 13.4712 13.493 -0.0445159 10.3147 0.0319892 1.39979 0.0003 2.31318 0.675667 
600.11 94.0519 12.5619 12.5618 0.00185593 1.57248 0.104123 1.39979 0.503 2.89359 0.0974936 
600.11 93.5871 12.5766 12.5748 -0.00176529 2.92915 0.093886 1.39979 0.0003 2.87344 -0.123585 
600.11 87.0553 12.7889 12.7806 0.0207768 2.198 0.163218 1.39979 0.503 2.57484 -0.0979549 
600.11 75.8528 13.1703 13.3401 -0.319466 8.91998 2.01993e-05 1.39979 0.0003 3.65839 0.330796 
600.11 82.6164 12.9371 12.9347 0.00516062 5.09599 0.112647 1.39979 0.503 2.83529 0.537009 
600.11 88.2801 12.7484 12.7426 0.0147074 2.67373 0.141846 1.39979 0.503 3.31967 0.237437 
600.11 94.0451 12.562 12.5601 0.00288513 2.84447 0.106225 1.39979 0.503 2.8943 0.0990549 
600.11 51.0572 14.1003 14.1081 -0.0121319 16.3679 0.0742161 1.39979 0.0003 3.09782 1.91463 
600.11 93.5734 12.577 12.5755 0.00631939 3.16026 0.1167 1.39979 0.503 2.93138 0.164042 
600.11 85.131 12.8529 12.8484 0.00786553 4.20978 0.119189 1.39979 0.503 3.49012 0.0482922 
600.11 70.9164 13.3453 13.3412 0.00808544 9.21102 0.120297 1.39979 0.503 3.86496 0.0486409 
600.11 72.9795 13.2713 13.3054 -0.102038 9.37667 0.00640534 1.39979 0.0003 2.65338 -0.733983 
600.11 62.5965 13.6515 13.6641 -0.034896 11.7904 0.0401619 1.39979 0.0003 2.51242 -1.00504 
600.11 93.5796 12.5769 12.5724 0.0103171 3.60776 0.127282 1.39979 0.503 2.82674 0.0372859 
600.11 93.0446 12.5939 12.5866 0.0123573 2.86254 0.132943 1.39979 0.503 3.00719 0.208379 
600.11 62.8577 13.6419 13.782 -0.265682 13.0758 8.61944e-05 1.39979 0.0003 2.15484 -0.716199 
600.11 93.7249 12.5723 12.5823 -0.00954676 4.55031 0.0804964 1.39979 0.0003 2.86798 -0.103402 
600.11 94.1761 12.5578 12.5575 0.00313737 2.75354 0.107719 1.39979 0.503 2.86656 0.016487 
600.11 93.9776 12.5641 12.5635 0.00162263 2.8311 0.103328 1.39979 0.503 2.85114 -0.0193993 
600.11 88.8051 12.7313 12.7304 0.0053939 4.33915 0.114301 1.39979 0.503 3.3284 0.193004 
600.11 54.9236 13.9467 13.9711 -0.0420975 15.0201 0.0347517 1.39979 0.0003 2.45012 1.36591 
600.11 55.2116 13.9354 13.9355 0.00133094 14.7075 0.102811 1.39979 0.503 1.55498 0.156091 
600.11 94.4114 12.5504 12.5473 0.00836918 2.45499 0.121767 1.39979 0.503 2.96896 0.109339 
600.11 64.9179 13.5649 13.5522 0.030411 11.2024 0.201909 1.39979 0.503 2.17828 -0.637505 
600.11 94.3224 12.5531 12.5505 0.00545811 4.07785 0.113443 1.39979 0.503 3.11789 0.0317304 
600.11 85.6424 12.8358 12.8256 0.0171816 4.50483 0.147071 1.39979 0.503 2.785 -0.427034 
600.11 58.2374 13.8178 13.8981 -0.156824 14.0646 0.00160485 1.39979 0.0003 3.27234 1.26076 
600.11 93.548 12.5779 12.5709 0.00981627 2.85418 0.124105 1.39979 0.503 2.87246 -0.125688 
600.11 72.128 13.3017 13.3032 0.00227015 8.46358 0.106417 1.39979 0.503 3.1637 -0.817975 
600.11 50.6616 14.1162 14.1166 -0.00134138 16.5031 0.0959477 1.39979 0.0003 1.2008 0.94778 
600.11 90.8636 12.6643 12.656 0.0182337 2.29684 0.153071 1.39979 0.503 3.19629 0.23674 
600.11 94.2419 12.5557 12.5558 0.00139666 2.99583 0.103092 1.39979 0.503 2.9793 -0.127582 
600.11 93.2317 12.588 12.6437 -0.122644 2.37752 0.00388068 1.39979 0.0003 3.18607 -0.0683101 
