600.11 49.9998 14.1429 14.1429 -1.44887e-05 -3.22958 0.0986199 0.0546624 0.0003 -1.08259 2.78915 
600.11 43.8735 14.3949 14.4105 -0.0320297 -0.477325 0.189845 0.0546624 0.503 -2.64868 1.01799 
600.11 41.3881 14.4996 14.4985 0.00709008 0.270793 0.11936 1.39979 0.503 -2.09211 -0.0390608 
600.11 50.0004 14.1428 14.1428 -1.32218e-05 -3.25181 0.0986134 0.0546624 0.0003 2.07121 -3.24425 
600.11 41.1896 14.5079 14.4113 0.186788 -0.303046 6.95671e-09 0.0546624 0.0003 -2.86478 -0.885868 
600.11 44.5704 14.3657 14.3921 -0.0558066 -0.530771 0.198832 0.0546624 0.503 -1.94405 -0.403334 
600.11 41.8171 14.4813 14.48 0.00521466 0.468955 0.113322 1.39979 0.503 -3.14939 0.923693 
600.11 44.7632 14.3577 14.3397 0.0344557 -1.38635 0.00794171 0.0546624 0.0003 -1.94441 0.445911 
600.11 41.1945 14.508 14.5067 0.00349168 0.764256 0.107995 1.39979 0.503 -2.31959 -0.584276 
600.11 50 14.1429 14.1429 -7.06701e-09 -3.25141 0.0985532 0.0546624 0.0003 -0.212898 3.91086 
600.11 44.2001 14.3811 14.4072 -0.0564929 -0.490098 0.198914 0.0546624 0.503 -2.11677 -0.657712 
600.11 42.4551 14.4546 14.4897 -0.0491523 0.382501 0.0300414 1.39979 0.0003 -2.29569 -0.678042 
600.11 50 14.1429 14.1429 -9.36829e-07 -3.12222 0.0985575 0.0546624 0.0003 -0.0312914 -2.63885 
600.11 50 14.1429 14.1429 2.03163e-07 -3.23443 0.0985522 0.0546624 0.0003 0.798782 3.19509 
600.11 50.002 14.1428 14.1428 -9.21542e-05 -3.23187 0.0989724 0.0546624 0.0003 0.19038 -1.37104 
600.11 44.1271 14.3841 14.3204 0.122863 -1.32198 2.48591e-06 0.0546624 0.0003 -2.18163 -0.728537 
600.11 46.4978 14.2859 14.2872 -0.00319525 -1.69481 0.113676 0.0546624 0.503 -1.83065 0.583679 
600.11 50.0002 14.1428 14.1429 -8.14117e-06 -3.23824 0.0985903 0.0546624 0.0003 1.84289 3.24548 
600.11 50 14.1429 14.1429 -3.34833e-07 -3.25119 0.0985547 0.0546624 0.0003 1.06162 3.37974 
600.11 50.0006 14.1428 14.1428 8.91136e-06 -3.23051 0.0985131 0.0546624 0.0003 1.41624 2.90555 
600.11 46.9549 14.267 14.267 -0.00267128 -1.93873 0.111951 0.0546624 0.503 -1.6585 -0.211437 
600.11 44.5747 14.3655 14.366 -0.000279274 -1.0952 0.0996223 0.0546624 0.503 -2.85223 -1.12099 
600.11 49.8066 14.1507 14.1506 0.000108088 -3.10932 0.0980322 0.0546624 0.0003 -1.66826 -1.66512 
600.11 50 14.1429 14.1429 -4.16811e-08 -3.25167 0.0985533 0.0546624 0.0003 0.432869 -3.26479 
600.11 44.0202 14.3887 14.3653 0.0472422 -1.01354 0.00247524 0.0546624 0.0003 -2.15676 -0.687065 
600.11 50 14.1429 14.1429 -2.02572e-10 -3.24956 0.0985532 0.0546624 0.0003 0.348461 3.77401 
600.11 50.0068 14.1426 14.1426 -5.31112e-05 -3.20437 0.0988302 0.0546624 0.0003 2.61814 -2.91212 
600.11 50 14.1429 14.1429 -9.9289e-07 -3.18227 0.0985577 0.0546624 0.0003 0.343995 2.6417 
600.11 50 14.1429 14.1429 1.86196e-06 -3.24879 0.0985446 0.0546624 0.0003 -0.383539 2.47626 
600.11 50 14.1429 14.1429 -1.44692e-08 -3.25231 0.0985532 0.0546624 0.0003 -0.073687 3.02748 
600.11 45.991 14.3068 14.3114 -0.00721293 -1.80998 0.129909 0.0546624 0.503 -1.88102 -0.568337 
600.11 50 14.1429 14.1429 -1.49257e-08 -3.2513 0.0985532 0.0546624 0.0003 -0.59285 3.7599 
600.11 44.0505 14.3873 14.3948 -0.0202514 -0.8769 0.173384 0.0546624 0.503 -2.41529 -0.919715 
600.11 49.1843 14.1759 14.1766 -0.00176084 -2.85904 0.106654 0.0546624 0.503 -1.22976 -0.0297644 
600.11 48.0923 14.2203 14.1997 0.0361278 -2.63214 0.00707555 0.0546624 0.0003 -2.5008 1.43283 
600.11 46.132 14.3008 14.2554 0.0878066 -2.00199 6.18386e-05 0.0546624 0.0003 -1.97324 0.745305 
600.11 50 14.1429 14.1429 1.87405e-08 -3.25161 0.0985531 0.0546624 0.0003 0.278881 3.12882 
600.11 44.1782 14.382 14.3489 0.0651396 -1.23833 0.000488698 0.0546624 0.0003 -1.97936 -0.409342 
600.11 39.807 14.5672 14.5204 0.103557 0.6711 0.649628 1.39979 0.503 -2.39209 0.539136 
600.11 49.2667 14.1725 14.174 -0.00327791 -2.90423 0.113684 0.0546624 0.503 -2.77698 1.78613 
600.11 50 14.1429 14.1429 -1.81865e-07 -3.23563 0.098554 0.0546624 0.0003 0.0146046 2.38991 
600.11 48.9049 14.1872 14.1882 -0.00113073 -2.76414 0.103437 0.0546624 0.503 -1.38161 0.47782 
600.11 41.0469 14.5141 14.5109 0.00267968 0.517719 0.105123 1.39979 0.503 -2.14042 0.220408 
600.11 40.8336 14.5231 14.439 0.1556 -0.502197 1.31224e-07 0.0546624 0.0003 -2.58833 0.771186 
600.11 49.9986 14.1429 14.1429 3.59901e-05 -3.25079 0.0983884 0.0546624 0.0003 -0.240719 -1.27849 
600.11 50.0002 14.1428 14.1428 5.52077e-05 -3.2167 0.0982974 0.0546624 0.0003 0.306419 2.16595 
600.11 49.8707 14.1481 14.1479 0.000357122 -3.15507 0.0968935 0.0546624 0.0003 -0.880889 0.670487 
600.11 42.3467 14.4589 14.402 0.109947 -0.702301 8.12215e-06 0.0546624 0.0003 -2.16576 -0.495148 
600.11 49.4846 14.1637 14.1639 -0.000815221 -3.01461 0.102457 0.0546624 0.503 -1.39503 1.00433 
600.11 44.7314 14.3591 14.3651 -0.0116816 -1.01768 0.147846 0.0546624 0.503 -1.85978 -0.0836155 
600.11 45.4054 14.331 14.3355 -0.0108 -1.28071 0.145418 0.0546624 0.503 -2.52245 1.10129 
600.11 50 14.1429 14.1429 2.27064e-08 -3.24927 0.0985531 0.0546624 0.0003 -0.760564 -3.43145 
600.11 49.827 14.1498 14.1473 0.00482876 -3.17108 0.0769286 0.0546624 0.0003 -1.13004 1.07599 
600.11 50.0044 14.1427 14.1427 -0.000115851 -3.24523 0.0990788 0.0546624 0.0003 1.25158 -2.44858 
600.11 49.3833 14.1678 14.1585 0.0175643 -3.04104 0.032627 0.0546624 0.0003 -1.29783 -0.715191 
600.11 50 14.1429 14.1429 -6.81488e-08 -3.25175 0.0985534 0.0546624 0.0003 -0.619764 -2.83863 
600.11 50.0018 14.1428 14.1427 0.000141614 -3.17134 0.0979015 0.0546624 0.0003 0.863764 -2.31482 
600.11 40.9374 14.5188 14.5151 0.0122512 0.754027 0.134432 1.39979 0.503 -2.12464 -0.0989585 
600.11 48.681 14.1964 14.1916 0.0100295 -2.71265 0.0554838 0.0546624 0.0003 -2.76121 1.61476 
600.11 48.0512 14.222 14.2147 0.0165642 -2.425 0.0344655 0.0546624 0.0003 -1.53863 -0.382557 
600.11 47.3569 14.2505 14.2368 0.0275386 -2.22114 0.0142905 0.0546624 0.0003 -1.73992 0.628788 
600.11 49.5824 14.1597 14.1593 6.39395e-05 -3.04204 0.0985796 0.0546624 0.0003 -1.65084 1.40389 
600.11 50 14.1429 14.1429 6.36575e-08 -3.23741 0.0985529 0.0546624 0.0003 -0.213786 -2.75893 
600.11 46.1829 14.2987 14.2612 0.069271 -2.03667 0.000349178 0.0546624 0.0003 -2.39773 1.12248 
600.11 44.3793 14.3738 14.3751 -0.00830863 -0.950521 0.13724 0.0546624 0.503 -2.35114 -0.907318 
600.11 41.0785 14.5126 14.4136 0.18904 -0.291518 5.78587e-09 0.0546624 0.0003 -2.73998 -0.850367 
600.11 50 14.1429 14.1429 1.70728e-08 -3.2335 0.0985531 0.0546624 0.0003 1.38014 -3.9247 
600.11 49.9924 14.1432 14.143 0.000276064 -3.2501 0.0972998 0.0546624 0.0003 -0.892156 1.8092 
600.11 50 14.1429 14.1429 -3.48189e-07 -3.24762 0.0985547 0.0546624 0.0003 0.372753 2.86994 
600.11 49.9999 14.1429 14.1428 3.52725e-05 -3.2222 0.0983902 0.0546624 0.0003 -0.104302 1.78294 
600.11 50 14.1429 14.1429 1.21129e-06 -3.23971 0.0985477 0.0546624 0.0003 -1.31848 -3.20432 
600.11 49.9787 14.1437 14.1433 0.000766651 -3.24782 0.0950692 0.0546624 0.0003 -1.55339 2.14851 
600.11 42.4135 14.4561 14.4627 -0.00208652 -0.00503055 0.10304 0.0546624 0.503 -2.63056 -0.902171 
600.11 50 14.1429 14.1429 3.3028e-09 -3.18356 0.0985531 0.0546624 0.0003 1.02019 -4.05513 
600.11 45.566 14.3243 14.3172 0.00696864 -1.35364 0.0706067 0.0546624 0.0003 -2.16198 0.87963 
600.11 46.4821 14.2864 14.2885 -0.00585885 -1.7811 0.125529 0.0546624 0.503 -1.73283 0.311895 
600.11 40.9022 14.5202 14.5157 0.00869424 0.796365 0.122183 1.39979 0.503 -2.19317 0.347333 
600.11 42.2619 14.4625 14.383 0.148337 -0.854794 2.51644e-07 0.0546624 0.0003 -2.47649 0.810003 
600.11 44.815 14.3556 14.3651 -0.0184435 -0.876103 0.16835 0.0546624 0.503 -2.67474 1.10339 
600.11 43.6132 14.4058 14.4086 -0.00566196 -0.691575 0.123919 0.0546624 0.503 -1.9942 0.327202 
600.11 49.9739 14.1439 14.144 -0.00026263 -3.20003 0.0997628 0.0546624 0.503 -0.600479 -0.865991 
600.11 44.521 14.3677 14.3814 -0.0299998 -0.960639 0.188005 0.0546624 0.503 -2.2169 -0.809427 
600.11 40.8502 14.5225 14.5176 0.00635223 0.661394 0.114728 1.39979 0.503 -2.24414 0.441494 
600.11 50.0001 14.1429 14.1429 3.24708e-07 -3.23188 0.0985517 0.0546624 0.0003 1.62896 -3.3887 
600.11 50 14.1429 14.1429 -8.02696e-09 -3.20024 0.0985532 0.0546624 0.0003 -0.183962 -3.43568 
600.11 50 14.1429 14.1429 1.27898e-06 -3.24737 0.0985474 0.0546624 0.0003 -2.04303 -3.47955 
600.11 50.0039 14.1427 14.1428 -0.000138641 -3.25212 0.0992051 0.0546624 0.0003 1.75169 2.75819 
600.11 50.0026 14.1428 14.1427 2.36611e-05 -3.20054 0.0984453 0.0546624 0.0003 0.101418 1.02053 
600.11 43.6277 14.4051 14.4026 0.00777647 -0.711826 0.0633103 0.0546624 0.0003 -2.01434 0.386546 
600.11 50.0003 14.1428 14.1428 7.31411e-05 -3.24922 0.0982146 0.0546624 0.0003 0.322631 2.13076 
600.11 50 14.1429 14.1429 4.46954e-08 -3.24508 0.0985529 0.0546624 0.0003 0.434958 3.66269 
600.11 43.6217 14.4054 14.4391 -0.0741041 -0.363184 0.199789 0.0546624 0.503 -2.05017 -0.466195 
600.11 40.9857 14.5168 14.5071 0.017555 0.759702 0.149826 1.39979 0.503 -2.87895 -0.875625 
600.11 45.2578 14.3371 14.3391 -0.00140917 -1.37133 0.103642 0.0546624 0.503 -1.8142 -0.0672571 
600.11 46.133 14.3008 14.3026 -0.00315043 -1.45198 0.112775 0.0546624 0.503 -2.80873 -1.25444 
600.11 50 14.1429 14.1428 1.40784e-05 -3.25268 0.0984878 0.0546624 0.0003 1.70064 3.53531 
600.11 42.1088 14.4691 14.4555 0.0325592 0.201884 0.212131 1.39979 0.503 -3.19497 0.9345 
600.11 44.9186 14.3512 14.333 0.0367558 -1.46341 0.00637566 0.0546624 0.0003 -2.06546 0.685043 
600.11 49.9542 14.1447 14.144 0.0016197 -3.22291 0.0910834 0.0546624 0.0003 -1.13308 1.57255 
600.11 48.7564 14.1933 14.1937 -0.00101249 -2.70043 0.103424 0.0546624 0.503 -1.5397 -0.767933 
600.11 50 14.1429 14.1429 2.09053e-07 -3.24719 0.0985522 0.0546624 0.0003 -0.473082 2.85081 
600.11 41.5344 14.4934 14.463 0.0652744 -0.00214929 0.000458521 0.0546624 0.0003 -2.3551 0.653148 
600.11 44.399 14.3728 14.3774 -0.0116383 -0.871846 0.148409 0.0546624 0.503 -2.47615 -0.986134 
600.11 50 14.1429 14.1429 -7.98787e-06 -3.19067 0.0985902 0.0546624 0.0003 -1.43533 3.24976 
600.11 44.2657 14.3784 14.3846 -0.0140114 -0.779926 0.156342 0.0546624 0.503 -1.92577 -0.265361 
600.11 40.9698 14.5175 14.5241 -0.00495072 0.86245 0.0896673 1.39979 0.0003 -2.25777 0.478043 
600.11 50 14.1429 14.1429 -8.1907e-07 -3.24451 0.0985568 0.0546624 0.0003 1.69913 -3.5043 
600.11 50 14.1429 14.1429 2.97136e-07 -3.21555 0.0985518 0.0546624 0.0003 0.871905 3.42909 
600.11 49.9893 14.1433 14.1432 0.00025421 -3.23409 0.0973536 0.0546624 0.0003 -0.308023 0.282997 
600.11 43.6486 14.4043 14.4106 -0.0125754 -0.76762 0.151535 0.0546624 0.503 -2.89853 1.0554 
600.11 41.328 14.5022 14.499 0.0121182 0.68006 0.134199 1.39979 0.503 -2.35145 0.63116 
600.11 50 14.1429 14.1429 1.77203e-09 -3.24779 0.0985531 0.0546624 0.0003 -1.13943 3.876 
600.11 41.1503 14.5097 14.5049 0.00595596 0.654724 0.114016 1.39979 0.503 -2.15422 0.288853 
600.11 50 14.1429 14.1429 1.15953e-07 -3.24313 0.0985526 0.0546624 0.0003 0.694036 -4.12298 
600.11 49.5512 14.161 14.1568 0.008822 -3.0812 0.0601338 0.0546624 0.0003 -1.2682 0.849445 
600.11 43.7788 14.3987 14.3196 0.151121 -1.37606 1.8775e-07 0.0546624 0.0003 -1.94268 0.161324 
600.11 41.708 14.486 14.4813 0.00907089 0.298587 0.123404 1.39979 0.503 -2.41717 -0.72302 
600.11 43.1132 14.4266 14.4286 -0.00162107 -0.408532 0.104981 0.0546624 0.503 -2.24042 -0.683657 
600.11 49.5142 14.1625 14.1606 0.00494299 -3.031 0.0758335 0.0546624 0.0003 -1.78146 1.46925 
600.11 45.5536 14.3249 14.3257 -0.00209219 -1.66431 0.108685 0.0546624 0.503 -2.03572 -0.737738 
600.11 40.7248 14.5277 14.5155 0.0270254 0.816418 0.187394 1.39979 0.503 -3.02719 0.867128 
600.11 49.9774 14.1438 14.1437 1.23441e-05 -3.23755 0.0985186 0.0546624 0.0003 -0.521203 0.709533 
600.11 39.6736 14.5728 14.5551 0.0385493 0.929969 0.239312 1.39979 0.503 -2.21804 0.190528 
600.11 46.1133 14.3016 14.2957 0.0031518 -1.62476 0.0876747 0.0546624 0.0003 -3.14642 -1.25833 
600.11 45.434 14.3298 14.3349 -0.00933878 -1.07739 0.138978 0.0546624 0.503 -2.99769 1.2032 
600.11 43.2426 14.4214 14.4233 -0.00808373 -0.416043 0.13636 0.0546624 0.503 -2.10824 0.518258 
600.11 50.0003 14.1428 14.1428 4.63164e-05 -3.24862 0.0983393 0.0546624 0.0003 0.774183 2.60645 
600.11 42.995 14.4318 14.4874 -0.104245 0.331841 0.00667618 1.39979 0.0003 -2.03248 -0.303894 
600.11 46.3165 14.2932 14.2438 0.0943458 -2.15917 3.43129e-05 0.0546624 0.0003 -2.12919 -0.948264 
600.11 43.6275 14.4052 14.4109 -0.0106329 -0.605248 0.143987 0.0546624 0.503 -2.16694 -0.653613 
600.11 46.0009 14.3062 14.2684 0.0655701 -1.898 0.000511906 0.0546624 0.0003 -1.95353 0.694136 
600.11 39.9154 14.5623 14.5201 0.0926784 0.491474 0.57952 1.39979 0.503 -2.18854 0.110808 
600.11 41.7527 14.4841 14.4826 0.00312623 0.1563 0.107087 1.39979 0.503 -2.08623 -0.182771 
600.11 50.0014 14.1428 14.1428 -3.01346e-05 -3.25165 0.0986914 0.0546624 0.0003 0.517385 2.00398 
600.11 48.742 14.1939 14.1932 -0.000268772 -2.66188 0.100478 0.0546624 0.503 -1.44274 0.534545 
600.11 43.4203 14.4138 14.4293 -0.0382706 -0.219608 0.194435 0.0546624 0.503 -2.26339 -0.739386 
600.11 48.3897 14.2082 14.2098 -0.00213004 -2.53934 0.107891 0.0546624 0.503 -2.97717 1.5712 
600.11 47.6797 14.2373 14.2384 -0.00193965 -2.13519 0.107501 0.0546624 0.503 -2.55856 1.38432 
600.11 40.8968 14.5204 14.4171 0.19838 -0.241759 2.41778e-09 0.0546624 0.0003 -2.78619 -0.851625 
600.11 47.947 14.2263 14.228 -0.00228987 -2.30729 0.108397 0.0546624 0.503 -1.56365 -0.409437 
600.11 49.9768 14.1438 14.1437 0.000292181 -3.23484 0.0972072 0.0546624 0.0003 -0.944888 -1.54872 
600.11 44.9855 14.3483 14.2941 0.0988998 -1.80434 2.36875e-05 0.0546624 0.0003 -1.84748 -0.164051 
600.11 43.7878 14.3984 14.3927 0.0161822 -0.440909 0.0347305 0.0546624 0.0003 -2.29441 -0.805012 
600.11 49.6792 14.1558 14.1508 0.00893982 -3.05607 0.0602292 0.0546624 0.0003 -1.33575 -1.13106 
600.11 49.2009 14.1752 14.1742 0.00617583 -2.89536 0.0692579 0.0546624 0.0003 -1.55118 -1.02811 
600.11 40.3053 14.5458 14.4989 0.106714 0.689259 0.67017 1.39979 0.503 -2.582 0.731144 
600.11 50 14.1429 14.1429 -2.40869e-07 -3.20799 0.0985543 0.0546624 0.0003 -0.342903 -3.37629 
600.11 50 14.1429 14.1429 -6.72341e-06 -3.245 0.0985844 0.0546624 0.0003 -1.9687 3.60714 
600.11 50 14.1429 14.1429 1.39794e-07 -3.25311 0.0985525 0.0546624 0.0003 -0.872254 2.92679 
600.11 49.9607 14.1444 14.1437 0.00131448 -3.22401 0.0925742 0.0546624 0.0003 -2.51057 -2.42227 
600.11 40.5017 14.5374 14.5161 0.049651 0.757521 0.300481 1.39979 0.503 -2.39275 0.600969 
600.11 43.8548 14.3956 14.4013 -0.0164641 -0.651816 0.164239 0.0546624 0.503 -1.92552 0.0487967 
600.11 49.2159 14.1746 14.1621 0.0231874 -3.03418 0.020956 0.0546624 0.0003 -1.8349 -1.34758 
600.11 43.6812 14.4028 14.4228 -0.0457318 -0.292498 0.197111 0.0546624 0.503 -2.12443 0.601953 
600.11 50 14.1429 14.1429 -7.40121e-08 -3.253 0.0985535 0.0546624 0.0003 1.12581 3.63057 
600.11 50.0005 14.1428 14.1428 -7.69935e-06 -3.23684 0.0985888 0.0546624 0.0003 0.400585 2.08547 
600.11 49.5045 14.1629 14.1628 0.000431771 -3.03196 0.0964259 0.0546624 0.0003 -3.51376 -1.83306 
600.11 40.4428 14.54 14.5194 0.0509041 0.913181 0.308406 1.39979 0.503 -2.15348 -0.0844134 
600.11 48.038 14.2226 14.2005 0.0429173 -2.61107 0.00371634 0.0546624 0.0003 -1.6996 -0.764134 
600.11 49.2318 14.1739 14.1741 -0.000389677 -2.89668 0.100389 0.0546624 0.503 -1.38967 -0.774778 
600.11 46.1981 14.2982 14.2973 -3.41151e-05 -1.6216 0.0997073 0.0546624 0.503 -2.90053 1.27147 
600.11 50 14.1429 14.1429 3.04681e-07 -3.24943 0.0985517 0.0546624 0.0003 1.6257 -3.80428 
600.11 49.8807 14.1477 14.1479 -0.000471188 -3.18918 0.100721 0.0546624 0.503 -1.1076 1.19962 
600.11 41.1089 14.5114 14.4886 0.0507241 0.352944 0.305394 1.39979 0.503 -2.11815 -0.128846 
600.11 43.8214 14.397 14.4023 -0.00889993 -0.531572 0.136979 0.0546624 0.503 -1.99936 -0.387717 
600.11 50 14.1429 14.1429 3.91914e-09 -3.25065 0.0985531 0.0546624 0.0003 -0.797431 3.73058 
600.11 50.0008 14.1428 14.1428 -8.01585e-06 -3.24278 0.0985902 0.0546624 0.0003 0.672919 -2.30954 
600.11 41.4573 14.4967 14.4826 0.0345317 0.082404 0.221601 1.39979 0.503 -2.15889 0.35499 
600.11 48.4696 14.205 14.204 0.0070507 -2.62713 0.0652968 0.0546624 0.0003 -1.61156 -0.769018 
600.11 44.4106 14.3723 14.3761 -0.0090996 -0.986658 0.13852 0.0546624 0.503 -2.39885 -0.942223 
600.11 43.429 14.4134 14.4149 -0.00528447 -0.210843 0.123386 0.0546624 0.503 -3.10011 1.0397 
600.11 43.6235 14.4053 14.41 -0.00925532 -0.494126 0.138977 0.0546624 0.503 -1.95803 -0.187131 
600.11 48.7977 14.1916 14.1921 -0.00154207 -2.6924 0.105965 0.0546624 0.503 -1.89668 1.24042 
600.11 50.0031 14.1427 14.1427 1.77598e-05 -3.2536 0.0984736 0.0546624 0.0003 1.29656 -2.5505 
600.11 44.9106 14.3515 14.3579 -0.0143856 -0.970542 0.157583 0.0546624 0.503 -2.4989 1.04396 
600.11 50 14.1429 14.1429 5.65216e-09 -3.2319 0.0985531 0.0546624 0.0003 0.438378 3.81174 
600.11 49.6914 14.1553 14.1501 0.00961196 -3.17656 0.0576123 0.0546624 0.0003 -3.01537 2.02158 
600.11 49.633 14.1577 14.1578 -0.000524236 -3.09237 0.101117 0.0546624 0.503 -1.31349 1.03586 
600.11 49.5143 14.1625 14.1631 -0.0016846 -3.03785 0.106548 0.0546624 0.503 -3.34046 1.87839 
600.11 44.8181 14.3554 14.3573 -0.00468496 -1.13661 0.120308 0.0546624 0.503 -2.38365 0.971665 
600.11 43.4481 14.4126 14.4223 -0.0167978 -0.521248 0.163244 0.0546624 0.503 -2.04075 -0.416768 
600.11 49.9998 14.1429 14.1429 5.63471e-06 -3.23865 0.0985275 0.0546624 0.0003 -0.977888 2.7275 
600.11 50 14.1429 14.1429 6.91061e-08 -3.23373 0.0985528 0.0546624 0.0003 -0.741735 3.29413 
600.11 46.3882 14.2903 14.2907 -0.000423109 -1.98446 0.100416 0.0546624 0.503 -1.73978 -0.299494 
600.11 44.2546 14.379 14.3831 -0.00553741 -0.831091 0.122474 0.0546624 0.503 -2.28488 -0.843451 
600.11 39.9611 14.5603 14.4597 0.191017 -0.0790914 4.86914e-09 0.0546624 0.0003 -2.2918 0.416614 
600.11 48.9476 14.1855 14.1867 -0.00209743 -2.71996 0.108062 0.0546624 0.503 -1.30623 0.13289 
600.11 49.2529 14.1731 14.1733 -0.000561332 -2.90862 0.101115 0.0546624 0.503 -1.30209 -0.582501 
600.11 43.2605 14.4205 14.4272 -0.0136301 -0.345966 0.154582 0.0546624 0.503 -2.00995 0.293276 
600.11 43.818 14.397 14.3319 0.120123 -1.31369 3.37166e-06 0.0546624 0.0003 -2.39292 0.884081 
600.11 43.7845 14.3987 14.3928 0.0353455 -0.676031 0.00596592 0.0546624 0.0003 -2.03524 0.463587 
600.11 48.687 14.1961 14.1814 0.0278051 -2.8113 0.0141863 0.0546624 0.0003 -1.41397 0.391105 
600.11 44.0706 14.3865 14.3296 0.109722 -1.26298 8.3011e-06 0.0546624 0.0003 -1.9135 0.103257 
600.11 50 14.1429 14.1429 -1.49537e-07 -3.22757 0.0985538 0.0546624 0.0003 0.306157 -2.91948 
600.11 40.9302 14.519 14.5134 0.00996181 0.507994 0.125872 1.39979 0.503 -2.23654 0.438339 
600.11 40.7316 14.5276 14.5165 0.0271378 0.745239 0.188788 1.39979 0.503 -2.81697 -0.848741 
600.11 44.2754 14.378 14.379 -0.00315099 -0.977707 0.113637 0.0546624 0.503 -2.01545 -0.50702 
600.11 41.2556 14.5053 14.5089 -0.00411322 0.784635 0.0904241 1.39979 0.0003 -2.20527 0.423367 
600.11 42.3209 14.4602 14.4935 -0.0596597 0.22832 0.0219233 1.39979 0.0003 -2.72665 -0.929294 
600.11 45.3354 14.3339 14.3363 -0.00310614 -1.17818 0.111887 0.0546624 0.503 -2.40951 -1.03798 
600.11 43.8116 14.3975 14.454 -0.105998 0.302829 0.0063687 1.39979 0.0003 -1.93225 -0.0992983 
600.11 50.0002 14.1428 14.1428 5.97007e-06 -3.23827 0.0985259 0.0546624 0.0003 0.266954 2.0966 
600.11 49.8423 14.1492 14.1469 0.00430502 -3.19784 0.0791799 0.0546624 0.0003 -1.37541 -1.45121 
600.11 43.5523 14.4083 14.4101 -0.00443648 -0.752276 0.118868 0.0546624 0.503 -2.0251 -0.398361 
600.11 49.9999 14.1429 14.1429 5.81497e-06 -3.24461 0.0985267 0.0546624 0.0003 -0.479755 -2.29568 
600.11 46.8311 14.272 14.2726 -0.00357229 -1.792 0.11561 0.0546624 0.503 -1.88638 -0.752078 
600.11 47.1164 14.2603 14.264 -0.00786705 -1.91955 0.133475 0.0546624 0.503 -2.02007 0.96833 
600.11 41.7591 14.4839 14.4861 -0.00254298 0.362909 0.0937544 1.39979 0.0003 -3.04346 0.931122 
600.11 40.3461 14.5441 14.5212 0.0476805 0.912913 0.286095 1.39979 0.503 -2.89652 -0.838634 
600.11 40.4291 14.5406 14.5281 0.0259538 0.950916 0.181552 1.39979 0.503 -2.18834 0.252468 
600.11 50 14.1429 14.1429 -4.75284e-09 -3.248 0.0985532 0.0546624 0.0003 -0.806663 4.16576 
600.11 41.6594 14.488 14.4503 0.0739925 -0.271947 0.000215507 0.0546624 0.0003 -2.36413 0.67268 
600.11 49.9924 14.1432 14.1432 -0.000142519 -3.24857 0.0992092 0.0546624 0.0003 -0.596261 -1.39427 
600.11 49.3051 14.171 14.168 0.00627925 -2.95692 0.0704425 0.0546624 0.0003 -1.46592 0.969027 
600.11 49.9988 14.1429 14.1429 -6.68271e-05 -3.2182 0.0988614 0.0546624 0.0003 -2.67489 -3.06945 
600.11 48.7828 14.1922 14.1931 -0.0015546 -2.67185 0.105587 0.0546624 0.503 -1.3683 -0.285018 
600.11 44.8507 14.3541 14.3553 -0.00262599 -0.877704 0.110663 0.0546624 0.503 -2.23579 -0.863663 
600.11 45.0325 14.3464 14.3496 -0.00721958 -1.23649 0.130721 0.0546624 0.503 -3.16528 1.15643 
600.11 42.2016 14.4651 14.4028 0.118666 -0.735474 3.70172e-06 0.0546624 0.0003 -2.06427 0.217001 
600.11 49.8823 14.1476 14.1476 -8.88737e-05 -3.1964 0.0990122 0.0546624 0.0003 -0.946277 0.902641 
600.11 41.3256 14.5022 14.4964 0.0140801 0.470295 0.139337 1.39979 0.503 -2.26315 0.525068 
600.11 46.5339 14.2842 14.2359 0.0918997 -2.24874 4.31326e-05 0.0546624 0.0003 -2.74345 1.28501 
600.11 42.1176 14.4687 14.4693 0.00306772 0.024113 0.10774 1.39979 0.503 -2.11278 -0.353677 
600.11 49.9999 14.1429 14.1429 1.57938e-06 -3.18495 0.0985459 0.0546624 0.0003 -0.774624 2.6863 
600.11 50 14.1429 14.1429 4.13268e-08 -3.24411 0.098553 0.0546624 0.0003 0.489693 -4.06046 
600.11 50 14.1429 14.1428 1.50636e-05 -3.24462 0.0984833 0.0546624 0.0003 1.11627 -3.20133 
600.11 49.6037 14.1589 14.1589 -0.00025618 -3.07704 0.0998088 0.0546624 0.503 -2.18469 1.78288 
600.11 50 14.1429 14.1429 -2.13578e-07 -3.25065 0.0985541 0.0546624 0.0003 1.44555 -3.63822 
600.11 50.0001 14.1429 14.1429 3.94036e-06 -3.2525 0.098535 0.0546624 0.0003 2.27115 -3.48903 
600.11 42.2629 14.4625 14.4212 0.0790013 -0.596949 0.000139967 0.0546624 0.0003 -2.05921 0.213139 
600.11 49.9996 14.1429 14.1429 -6.29418e-05 -3.24175 0.0988461 0.0546624 0.0003 -0.295701 -1.77736 
600.11 50 14.1429 14.1429 -2.7035e-08 -3.24303 0.0985533 0.0546624 0.0003 0.429136 -3.32909 
600.11 42.9956 14.4316 14.435 -0.00746773 -0.397505 0.131801 0.0546624 0.503 -1.98767 0.0551069 
600.11 45.4928 14.3273 14.3302 -0.00664218 -1.28402 0.128552 0.0546624 0.503 -1.87509 -0.441766 
600.11 42.1101 14.4692 14.4903 -0.0222835 0.204674 0.0599073 1.39979 0.0003 -2.40085 -0.743627 
600.11 46.1789 14.2989 14.2979 -4.10523e-05 -1.51965 0.0995553 0.0546624 0.503 -1.76481 0.309746 
600.11 50.0041 14.1427 14.1427 -8.31005e-05 -3.22892 0.0989346 0.0546624 0.0003 2.18532 -2.90867 
600.11 48.5833 14.2003 14.1799 0.0377526 -2.90345 0.00600825 0.0546624 0.0003 -1.39483 0.13122 
600.11 50 14.1429 14.1429 -1.00812e-09 -3.2366 0.0985532 0.0546624 0.0003 -0.911918 -4.1451 
600.11 49.9999 14.1429 14.1429 5.05045e-06 -3.23515 0.0985302 0.0546624 0.0003 -1.8449 -3.20284 
600.11 43.8675 14.3951 14.4036 -0.0219839 -0.753171 0.176881 0.0546624 0.503 -2.15925 0.671726 
600.11 41.0806 14.5127 14.5048 0.0161767 0.747534 0.145706 1.39979 0.503 -2.14764 -0.254658 
600.11 48.6437 14.1979 14.1842 0.026859 -2.76216 0.0152321 0.0546624 0.0003 -1.73253 1.01506 
600.11 40.738 14.5273 14.5266 0.00602701 0.657934 0.116041 1.39979 0.503 -2.19937 0.336642 
600.11 48.5076 14.2034 14.1952 0.0169742 -2.59448 0.0337401 0.0546624 0.0003 -1.49803 0.536117 
600.11 49.966 14.1442 14.144 0.000547674 -3.22209 0.0960305 0.0546624 0.0003 -0.529302 -0.377916 
600.11 40.7144 14.5282 14.5222 0.0116321 0.656009 0.130894 1.39979 0.503 -2.15288 -0.185044 
600.11 49.9458 14.145 14.1446 0.000996073 -3.14851 0.0939122 0.0546624 0.0003 -0.602655 0.20948 
600.11 42.4808 14.4533 14.4458 0.0171968 0.183768 0.150013 1.39979 0.503 -2.03439 -0.161927 
600.11 50 14.1429 14.1429 5.12025e-07 -3.21009 0.0985509 0.0546624 0.0003 0.163382 2.35771 
600.11 41.629 14.4893 14.486 0.00742095 0.429866 0.11862 1.39979 0.503 -2.12502 -0.296547 
600.11 44.1258 14.3843 14.3859 -0.00325139 -0.72909 0.11364 0.0546624 0.503 -2.34881 0.880994 
600.11 50.0047 14.1427 14.1426 5.04231e-05 -3.23213 0.0983227 0.0546624 0.0003 1.0412 -2.26647 
600.11 50 14.1429 14.1429 1.24797e-06 -3.25203 0.0985475 0.0546624 0.0003 -0.171891 2.18724 
600.11 49.4903 14.1635 14.1575 0.0116212 -3.08112 0.0501447 0.0546624 0.0003 -1.23809 0.701024 
600.11 42.8215 14.4391 14.4439 -0.00635591 -0.399276 0.126003 0.0546624 0.503 -2.0725 0.379432 
600.11 50.0048 14.1427 14.1427 2.99234e-05 -3.18157 0.0984043 0.0546624 0.0003 2.86571 2.99097 
600.11 41.3964 14.4993 14.5019 -0.00204381 0.404757 0.0951169 1.39979 0.0003 -2.16735 -0.365284 
600.11 43.2848 14.4194 14.431 -0.0256191 -0.153728 0.182485 0.0546624 0.503 -2.11196 0.529727 
600.11 44.4199 14.372 14.3716 0.00117149 -0.919796 0.0930214 0.0546624 0.0003 -2.21358 -0.795337 
600.11 40.7861 14.5251 14.4821 0.0943938 0.544322 0.591485 1.39979 0.503 -2.13057 -0.0579524 
600.11 40.6752 14.53 14.521 0.0171955 0.909667 0.148787 1.39979 0.503 -2.17657 -0.264687 
600.11 50 14.1429 14.1429 8.61218e-07 -3.25019 0.098549 0.0546624 0.0003 0.592277 -2.81769 
600.11 48.9118 14.1869 14.1694 0.0327106 -2.96006 0.00933819 0.0546624 0.0003 -1.42992 -0.622183 
600.11 50.0005 14.1428 14.1428 5.62724e-05 -3.24735 0.0982933 0.0546624 0.0003 2.48424 -3.29319 
600.11 39.9114 14.5627 14.561 0.00610622 1.129 0.115601 1.39979 0.503 -2.1964 -0.158612 
600.11 45.8167 14.314 14.3035 0.0262332 -1.48171 0.0153018 0.0546624 0.0003 -1.76172 0.00716836 
600.11 42.0062 14.4735 14.5119 -0.0665222 0.623885 0.0184505 1.39979 0.0003 -2.05316 -0.0498537 
600.11 49.4231 14.1662 14.1618 0.00880801 -3.0193 0.0603291 0.0546624 0.0003 -1.29393 0.750968 
600.11 44.9554 14.3497 14.3572 -0.0140128 -1.02798 0.155321 0.0546624 0.503 -1.88641 0.3306 
600.11 43.6801 14.4029 14.4149 -0.0248892 -0.363147 0.181218 0.0546624 0.503 -1.97455 0.278062 
600.11 50 14.1429 14.1429 6.83757e-07 -3.16482 0.0985499 0.0546624 0.0003 -0.137549 2.26044 
600.11 50.0046 14.1427 14.1427 -2.85451e-05 -3.23885 0.0986879 0.0546624 0.0003 2.13786 -2.87348 
600.11 50 14.1429 14.1429 9.73878e-08 -3.22502 0.0985527 0.0546624 0.0003 -0.186911 -3.56431 
600.11 43.1026 14.4271 14.3809 0.09351 -0.659539 3.52637e-05 0.0546624 0.0003 -2.34041 -0.779792 
600.11 45.5008 14.327 14.3288 -0.00577469 -1.48779 0.125302 0.0546624 0.503 -1.91752 -0.538283 
600.11 50.0004 14.1428 14.1428 -6.30629e-06 -3.23079 0.0985807 0.0546624 0.0003 2.41709 3.33791 
600.11 49.956 14.1446 14.1438 0.00144726 -3.22862 0.0919698 0.0546624 0.0003 -3.23181 -2.43745 
600.11 44.7063 14.3601 14.3642 -0.00600175 -0.745857 0.124763 0.0546624 0.503 -3.22319 -1.11952 
600.11 45.2492 14.3376 14.3413 -0.00484224 -1.29328 0.119611 0.0546624 0.503 -1.93314 0.520557 
600.11 50 14.1429 14.1429 2.19846e-11 -3.25178 0.0985532 0.0546624 0.0003 0.33178 -4.04562 
600.11 50 14.1429 14.1429 -4.62361e-07 -3.23057 0.0985552 0.0546624 0.0003 1.22996 3.42696 
600.11 40.6641 14.5304 14.5183 0.0241174 0.606532 0.174369 1.39979 0.503 -2.92032 -0.860441 
600.11 42.9363 14.4342 14.4371 -0.00325774 -0.255921 0.112499 0.0546624 0.503 -2.05036 0.343152 
600.11 44.7533 14.3581 14.3565 0.0075243 -0.828848 0.0636793 0.0546624 0.0003 -1.87642 0.221397 
600.11 42.9473 14.4336 14.4178 0.0180461 -0.637752 0.0346777 0.0546624 0.0003 -2.66464 -0.953266 
600.11 50 14.1429 14.1429 4.2793e-07 -3.21615 0.0985512 0.0546624 0.0003 1.19751 -3.50278 
600.11 44.4221 14.3719 14.3731 -0.00119744 -1.11999 0.103726 0.0546624 0.503 -2.13796 0.712777 
600.11 50 14.1429 14.1429 -1.48768e-08 -3.25275 0.0985532 0.0546624 0.0003 -0.0205182 -3.08234 
600.11 43.1364 14.4256 14.3476 0.148106 -1.06404 2.50432e-07 0.0546624 0.0003 -2.78879 1.00153 
600.11 46.4245 14.2888 14.2686 0.041596 -1.84096 0.00410327 0.0546624 0.0003 -2.23248 1.04785 
600.11 46.409 14.2894 14.292 -0.0045541 -1.68896 0.118826 0.0546624 0.503 -1.7552 -0.364972 
600.11 44.3677 14.3741 14.3614 0.0159799 -1.12454 0.0392597 0.0546624 0.0003 -2.08747 0.63946 
600.11 42.1776 14.4662 14.4666 0.00400425 0.142589 0.110621 1.39979 0.503 -2.04128 0.03103 
600.11 45.4112 14.3307 14.332 -0.00177758 -1.42036 0.106097 0.0546624 0.503 -1.97506 -0.626537 
600.11 45.0979 14.3438 14.3426 0.00305451 -1.23674 0.0843645 0.0546624 0.0003 -1.88569 0.369186 
600.11 45.953 14.3083 14.3092 -0.00144031 -1.65531 0.105049 0.0546624 0.503 -1.77649 -0.261322 
600.11 41.4898 14.4952 14.4156 0.146807 -0.482036 2.94403e-07 0.0546624 0.0003 -2.45414 0.734178 
600.11 46.9865 14.2657 14.2682 -0.00390246 -1.87172 0.115756 0.0546624 0.503 -1.9286 0.840707 
600.11 49.968 14.1442 14.1443 -0.00021667 -3.23039 0.0995553 0.0546624 0.503 -1.26402 1.81513 
600.11 44.074 14.3864 14.3396 0.0934657 -1.09088 3.57325e-05 0.0546624 0.0003 -1.91416 -0.113117 
600.11 48.5438 14.2019 14.2029 -0.00056329 -2.61041 0.10045 0.0546624 0.503 -1.64224 0.850881 
600.11 50.0004 14.1428 14.1428 3.3642e-05 -3.24498 0.0983984 0.0546624 0.0003 2.59445 -3.36265 
600.11 43.9648 14.391 14.3631 0.05546 -0.899394 0.00117685 0.0546624 0.0003 -2.41697 0.913296 
600.11 45.0566 14.3455 14.348 -0.0014027 -1.17087 0.103597 0.0546624 0.503 -1.95955 0.536048 
600.11 41.3421 14.5014 14.4015 0.191432 -0.414289 4.61084e-09 0.0546624 0.0003 -2.09844 -0.0855388 
600.11 49.9996 14.1429 14.1429 1.35779e-05 -3.24191 0.0984915 0.0546624 0.0003 -1.95362 -3.10072 
600.11 50.0032 14.1427 14.1427 6.35123e-05 -3.23165 0.0982761 0.0546624 0.0003 0.767299 -2.09371 
600.11 45.3831 14.332 14.3358 -0.00755087 -1.37814 0.132197 0.0546624 0.503 -1.88733 0.446124 
600.11 50 14.1429 14.1429 -2.80477e-09 -3.16851 0.0985532 0.0546624 0.0003 -0.77985 -3.51243 
600.11 45.7733 14.3157 14.316 -0.00279118 -1.36391 0.112391 0.0546624 0.503 -2.34105 1.04338 
600.11 50 14.1429 14.1429 -1.36298e-06 -3.21398 0.0985593 0.0546624 0.0003 0.463346 -2.71157 
600.11 47.7089 14.2361 14.2397 -0.00311328 -2.14081 0.110806 0.0546624 0.503 -1.88852 0.9426 
600.11 50.0001 14.1429 14.1428 1.36841e-05 -3.23551 0.0984898 0.0546624 0.0003 1.0379 3.0374 
600.11 50 14.1429 14.1429 -1.86097e-08 -3.25047 0.0985532 0.0546624 0.0003 -0.877552 -3.68066 
600.11 50.0003 14.1428 14.1428 9.54994e-05 -3.23826 0.0981105 0.0546624 0.0003 1.41634 3.04655 
600.11 41.2231 14.5067 14.5168 -0.0082062 0.664683 0.083443 1.39979 0.0003 -2.11498 -0.155335 
600.11 49.425 14.1661 14.1566 0.0176781 -3.06682 0.0323935 0.0546624 0.0003 -2.0955 -1.63074 
600.11 44.2612 14.3786 14.3808 -0.00291135 -0.868112 0.111113 0.0546624 0.503 -2.07279 -0.602815 
600.11 49.9101 14.1465 14.1452 0.00234162 -3.22606 0.0879486 0.0546624 0.0003 -0.79758 0.667555 
600.11 47.8535 14.2301 14.2128 0.0279499 -2.47159 0.0146338 0.0546624 0.0003 -1.52133 0.0121819 
600.11 43.8783 14.3947 14.4621 -0.123391 0.24578 0.00403688 1.39979 0.0003 -2.19514 0.716171 
600.11 50 14.1429 14.1429 1.82368e-09 -3.25268 0.0985531 0.0546624 0.0003 -0.121101 -4.1174 
600.11 50.005 14.1427 14.1427 -0.000143268 -3.25359 0.0992234 0.0546624 0.0003 1.08496 2.29058 
600.11 43.5426 14.4088 14.4375 -0.0643379 -0.150029 0.199484 0.0546624 0.503 -2.018 0.37951 
600.11 43.6681 14.4035 14.4219 -0.0440025 -0.456691 0.196698 0.0546624 0.503 -1.96865 0.251138 
600.11 49.9993 14.1429 14.1429 -2.52117e-06 -3.23271 0.0985646 0.0546624 0.0003 -1.4507 2.77539 
600.11 50.0014 14.1428 14.1428 7.36177e-05 -3.24948 0.0982154 0.0546624 0.0003 1.84552 -2.97621 
600.11 41.0013 14.5161 14.5134 0.00874566 0.565207 0.123419 1.39979 0.503 -2.2453 -0.462055 
600.11 49.5995 14.159 14.1596 -0.00148157 -3.00645 0.105463 0.0546624 0.503 -1.10303 0.483067 
600.11 43.7399 14.4004 14.4279 -0.0642739 -0.389427 0.199491 0.0546624 0.503 -3.01946 1.06662 
600.11 41.2191 14.5067 14.5059 0.00303706 0.735823 0.107179 1.39979 0.503 -2.13922 0.255834 
600.11 50.0038 14.1427 14.1427 -2.69968e-05 -3.22071 0.0986883 0.0546624 0.0003 0.854836 2.14109 
600.11 41.0429 14.5144 14.5125 0.0085747 0.893285 0.1233 1.39979 0.503 -2.15638 0.274133 
600.11 42.776 14.441 14.4445 -0.00407233 -0.319979 0.1158 0.0546624 0.503 -2.16266 0.545206 
600.11 50 14.1429 14.1429 -4.91323e-09 -3.18014 0.0985532 0.0546624 0.0003 -0.476247 3.91765 
600.11 46.4539 14.2877 14.2763 0.0384186 -1.72139 0.0048231 0.0546624 0.0003 -2.86358 1.29501 
600.11 44.9214 14.3511 14.3532 -0.00521803 -1.13135 0.122143 0.0546624 0.503 -3.0962 1.15505 
600.11 43.9204 14.3928 14.3922 -0.000961779 -0.745126 0.103695 0.0546624 0.503 -2.16698 -0.687752 
600.11 50.0001 14.1429 14.1428 1.10377e-05 -3.2526 0.098502 0.0546624 0.0003 1.09719 -3.10372 
600.11 50.0003 14.1428 14.1428 0.000119415 -3.24309 0.0979994 0.0546624 0.0003 1.48938 3.06587 
600.11 40.2525 14.548 14.5388 0.0188627 0.960673 0.154952 1.39979 0.503 -2.16078 0.00834123 
600.11 40.2344 14.5486 14.444 0.200653 -0.117501 1.96987e-09 0.0546624 0.0003 -2.19296 -0.225515 
600.11 41.0974 14.512 14.5041 0.0201502 0.688177 0.161075 1.39979 0.503 -2.16756 -0.316271 
600.11 41.7185 14.4855 14.4798 0.0110826 0.191751 0.129117 1.39979 0.503 -2.08249 0.148461 
600.11 49.3796 14.168 14.1686 -0.00100159 -2.97939 0.103156 0.0546624 0.503 -1.20848 -0.441436 
600.11 42.935 14.4342 14.4129 0.0452804 -0.485315 0.00289891 0.0546624 0.0003 -2.28121 -0.709276 
600.11 43.8193 14.3971 14.3998 -0.00407434 -0.723537 0.116573 0.0546624 0.503 -2.04593 -0.490003 
600.11 50.0012 14.1428 14.1428 9.64743e-05 -3.21883 0.098112 0.0546624 0.0003 0.215132 1.58562 
600.11 48.0466 14.2222 14.224 -0.00356071 -2.34603 0.114653 0.0546624 0.503 -2.13796 1.23952 
600.11 49.9874 14.1434 14.1431 0.000464681 -3.20484 0.0964425 0.0546624 0.0003 -0.419418 -0.74197 
600.11 50.0009 14.1428 14.1428 2.23476e-05 -3.22926 0.0984473 0.0546624 0.0003 2.22851 3.16383 
600.11 50 14.1429 14.1429 5.51123e-08 -3.22948 0.0985529 0.0546624 0.0003 0.894587 3.88041 
600.11 47.3837 14.2493 14.2146 0.0640164 -2.45005 0.000563292 0.0546624 0.0003 -1.70678 -0.565894 
600.11 50.0037 14.1427 14.1427 -7.33922e-05 -3.24534 0.0989118 0.0546624 0.0003 0.847974 -2.14228 
600.11 50.0055 14.1426 14.1427 -0.000133063 -3.17735 0.0991824 0.0546624 0.0003 0.226728 1.05708 
600.11 50 14.1429 14.1429 -5.20908e-06 -3.23821 0.0985774 0.0546624 0.0003 -0.89423 2.91816 
600.11 50.0016 14.1428 14.1428 3.0946e-06 -3.21524 0.0985482 0.0546624 0.0003 0.659196 -2.1365 
600.11 49.9148 14.1463 14.1465 -0.00029227 -3.15327 0.0998552 0.0546624 0.503 -1.16076 -1.40208 
600.11 49.9972 14.143 14.1429 9.94322e-05 -3.25012 0.0981006 0.0546624 0.0003 -0.63392 1.76328 
600.11 45.1597 14.3411 14.3446 -0.00704866 -1.06173 0.12962 0.0546624 0.503 -3.06233 1.1773 
600.11 44.7651 14.3575 14.2886 0.13125 -1.6838 1.16805e-06 0.0546624 0.0003 -1.85463 -0.0348156 
600.11 42.0212 14.4728 14.4707 0.00452692 0.133986 0.110939 1.39979 0.503 -2.61837 -0.869101 
600.11 40.8414 14.5227 14.5225 -0.00098374 0.640726 0.0972431 1.39979 0.0003 -2.12971 -0.0873458 
600.11 49.9998 14.1429 14.1429 1.39472e-06 -3.1608 0.0985456 0.0546624 0.0003 -1.50302 2.97902 
600.11 50 14.1429 14.1429 -1.40364e-07 -3.2506 0.0985538 0.0546624 0.0003 -0.0680711 -2.78545 
600.11 45.8548 14.3123 14.3177 -0.00945984 -1.33037 0.139346 0.0546624 0.503 -2.89104 -1.23693 
600.11 45.8439 14.3128 14.3119 4.74856e-05 -1.43552 0.0991686 0.0546624 0.0003 -2.57745 -1.16656 
600.11 44.6538 14.3623 14.3702 -0.0181905 -0.961183 0.168461 0.0546624 0.503 -2.23543 -0.841948 
600.11 50.0019 14.1428 14.1428 4.90836e-05 -3.24065 0.0983275 0.0546624 0.0003 1.77746 -2.89475 
600.11 40.6462 14.5312 14.4959 0.0766623 0.678265 0.469766 1.39979 0.503 -3.71523 -0.48267 
600.11 41.8126 14.4816 14.4821 0.00499389 0.319029 0.113599 1.39979 0.503 -2.12726 0.33647 
600.11 41.3975 14.4992 14.4801 0.0428792 0.526188 0.261928 1.39979 0.503 -2.29774 -0.577655 
600.11 44.2046 14.381 14.4056 -0.0528217 -0.399232 0.198475 0.0546624 0.503 -2.48336 -0.973185 
600.11 46.3038 14.2939 14.293 -0.000108075 -1.61326 0.100085 0.0546624 0.503 -3.21457 1.26812 
600.11 50 14.1429 14.1429 1.02623e-08 -3.2332 0.0985531 0.0546624 0.0003 0.870304 -4.02749 
600.11 50.0001 14.1429 14.1428 2.94883e-05 -3.23048 0.0984174 0.0546624 0.0003 -0.0053944 1.75838 
600.11 44.712 14.3597 14.3368 0.0336848 -1.21241 0.00939191 0.0546624 0.0003 -3.12409 1.13486 
600.11 50 14.1429 14.1429 -9.00479e-09 -3.23773 0.0985532 0.0546624 0.0003 1.08173 -3.86808 
600.11 41.5027 14.4948 14.4931 0.00786771 0.237034 0.120802 1.39979 0.503 -2.15958 0.363891 
600.11 50.0017 14.1428 14.1428 -6.55848e-05 -3.24267 0.0988506 0.0546624 0.0003 1.70764 2.88304 
600.11 40.8285 14.5233 14.4334 0.171624 -0.407178 2.86612e-08 0.0546624 0.0003 -2.76865 -0.842718 
600.11 42.1007 14.4695 14.4678 0.00708244 0.32373 0.118756 1.39979 0.503 -2.05256 0.114068 
600.11 40.4269 14.5407 14.5509 -0.00896283 0.947475 0.0818574 1.39979 0.0003 -2.15831 -0.117534 
600.11 42.689 14.4445 14.3899 0.099475 -0.846055 2.25451e-05 0.0546624 0.0003 -2.26684 0.669597 
600.11 49.9976 14.143 14.1429 5.31542e-05 -3.24203 0.0983084 0.0546624 0.0003 -0.543881 1.67609 
600.11 49.6455 14.1572 14.1576 -0.000496043 -3.09062 0.100777 0.0546624 0.503 -1.17158 0.780447 
600.11 46.5313 14.2844 14.2616 0.048111 -1.91053 0.00224438 0.0546624 0.0003 -1.78232 0.483822 
600.11 50 14.1429 14.1429 5.01348e-09 -3.23999 0.0985531 0.0546624 0.0003 -0.286146 3.36737 
600.11 50 14.1429 14.1429 1.37543e-06 -3.23639 0.0985467 0.0546624 0.0003 1.95128 3.63719 
600.11 44.8074 14.356 14.3643 -0.013271 -0.787769 0.152633 0.0546624 0.503 -3.65868 -0.942431 
600.11 48.9981 14.1835 14.1837 -2.84049e-05 -2.78394 0.0985036 0.0546624 0.0003 -2.12751 1.47404 
600.11 42.0328 14.4722 14.3923 0.150379 -0.534843 2.05674e-07 0.0546624 0.0003 -2.15279 0.428757 
600.11 44.198 14.3813 14.3772 0.00868913 -0.901478 0.0605705 0.0546624 0.0003 -1.90036 0.0598087 
600.11 49.4557 14.1649 14.16 0.00939592 -3.02891 0.058232 0.0546624 0.0003 -1.13656 -0.243188 
600.11 42.4499 14.4547 14.4566 0.000915451 -0.0758699 0.0922268 0.0546624 0.0003 -2.17856 -0.529155 
600.11 48.5197 14.2029 14.1871 0.03092 -2.76103 0.0107615 0.0546624 0.0003 -1.50859 0.571594 
600.11 50.0007 14.1428 14.1428 6.05324e-05 -3.25042 0.0982751 0.0546624 0.0003 2.45674 3.25366 
600.11 41.5957 14.4909 14.4837 0.0208994 0.524493 0.164257 1.39979 0.503 -2.62973 0.84393 
600.11 41.1263 14.5108 14.5048 0.0119239 0.501897 0.131695 1.39979 0.503 -2.10743 -0.00333619 
600.11 40.84 14.523 14.5178 0.0134609 0.613251 0.13767 1.39979 0.503 -2.17859 -0.300752 
600.11 50.0059 14.1426 14.1425 0.000143451 -3.25592 0.0978939 0.0546624 0.0003 1.9327 -2.76096 
600.11 44.0768 14.3863 14.3553 0.0604814 -1.2461 0.000752101 0.0546624 0.0003 -1.97539 0.377541 
600.11 42.8965 14.4359 14.4598 -0.049159 -0.035984 0.19779 0.0546624 0.503 -2.2787 -0.70323 
600.11 49.999 14.1429 14.1429 3.42444e-05 -3.22647 0.0983957 0.0546624 0.0003 -0.442005 -1.76193 
600.11 40.8327 14.5232 14.5183 0.00591382 0.588915 0.113605 1.39979 0.503 -2.12586 0.00528064 
600.11 50.0002 14.1428 14.1429 -5.07396e-05 -3.24848 0.0987837 0.0546624 0.0003 -0.0375031 -1.2979 
600.11 42.1723 14.4664 14.4857 -0.0343206 0.167759 0.0422382 1.39979 0.0003 -2.32969 0.685649 
600.11 40.1463 14.5524 14.4983 0.122285 0.405271 0.757314 1.39979 0.503 -2.31271 0.470144 
600.11 44.3775 14.3738 14.3752 -0.000199642 -0.971375 0.0982573 0.0546624 0.0003 -2.83935 1.10355 
600.11 43.8054 14.3977 14.3975 -0.000969936 -0.663549 0.103707 0.0546624 0.503 -2.67196 -1.02034 
600.11 50 14.1429 14.1428 1.53596e-05 -3.20222 0.0984819 0.0546624 0.0003 0.857551 3.00193 
600.11 45.2476 14.3375 14.3372 0.00210691 -1.40865 0.0882998 0.0546624 0.0003 -1.87165 -0.367709 
600.11 42.3984 14.4569 14.4609 -0.00277493 0.138501 0.0938502 1.39979 0.0003 -2.09167 -0.350868 
600.11 50.0022 14.1428 14.1427 6.87139e-05 -3.18512 0.0982391 0.0546624 0.0003 1.83356 2.89266 
600.11 46.0691 14.3035 14.2655 0.0747699 -1.83979 0.000201642 0.0546624 0.0003 -1.79289 0.370029 
600.11 50.0041 14.1427 14.1428 -0.000116508 -3.25112 0.099083 0.0546624 0.0003 1.99504 2.84828 
600.11 39.6721 14.5728 14.5457 0.0603156 0.928641 0.364183 1.39979 0.503 -2.23899 0.261164 
600.11 49.5283 14.1619 14.1582 0.00661262 -3.09143 0.0695609 0.0546624 0.0003 -1.58725 -1.29454 
600.11 45.0502 14.3458 14.3499 -0.00668525 -1.24378 0.127904 0.0546624 0.503 -2.0542 -0.688638 
600.11 49.2584 14.1729 14.173 -0.00112 -2.92189 0.104089 0.0546624 0.503 -1.36722 0.750529 
600.11 44.4291 14.3716 14.3779 -0.0116634 -0.945453 0.147412 0.0546624 0.503 -2.14712 -0.724565 
600.11 49.7872 14.1515 14.1478 0.00670911 -3.18787 0.0689995 0.0546624 0.0003 -2.40713 -2.02481 
600.11 50 14.1429 14.1429 1.48535e-09 -3.19078 0.0985531 0.0546624 0.0003 -0.687846 3.78916 
600.11 43.8495 14.3957 14.3202 0.145479 -1.36693 3.11791e-07 0.0546624 0.0003 -1.96283 0.281888 
600.11 49.4877 14.1636 14.158 0.00998443 -3.07699 0.056342 0.0546624 0.0003 -1.33173 0.898644 
600.11 48.5881 14.2002 14.2006 -0.00175171 -2.65204 0.107108 0.0546624 0.503 -2.00816 1.27019 
600.11 42.7883 14.4403 14.412 0.0397628 -0.724047 0.00574041 0.0546624 0.0003 -2.08474 0.401938 
600.11 48.4594 14.2054 14.2069 -0.0031389 -2.5087 0.113091 0.0546624 0.503 -1.49614 0.500115 
600.11 50.0012 14.1428 14.1428 -2.486e-05 -3.23694 0.0986646 0.0546624 0.0003 2.41404 -3.1598 
600.11 44.029 14.3884 14.3983 -0.0210102 -0.566676 0.17416 0.0546624 0.503 -1.94698 0.276173 
600.11 42.0406 14.4721 14.4758 -0.000905971 0.133261 0.098163 1.39979 0.0003 -2.29744 -0.640127 
600.11 44.0901 14.3859 14.3927 -0.0168116 -0.917433 0.164794 0.0546624 0.503 -1.92178 -0.178195 
600.11 40.558 14.5349 14.5298 0.00954151 0.759566 0.124584 1.39979 0.503 -2.47938 0.681615 
600.11 40.0731 14.5557 14.5541 0.00312345 1.00623 0.107106 1.39979 0.503 -2.17313 0.0506689 
600.11 40.4077 14.5414 14.536 0.0101556 0.821093 0.126519 1.39979 0.503 -2.1843 -0.233676 
600.11 44.5711 14.3656 14.4192 -0.119815 -0.287846 0.199997 0.0546624 0.503 -2.43602 0.979545 
600.11 41.2122 14.507 14.4418 0.133729 0.0234899 0.76194 1.39979 0.503 -2.1731 0.349097 
600.11 44.9538 14.3498 14.357 -0.0146219 -1.21137 0.15789 0.0546624 0.503 -1.84807 0.151667 
600.11 47.5802 14.2413 14.206 0.0665774 -2.57252 0.000439 0.0546624 0.0003 -3.0925 1.43549 
600.11 42.4855 14.4531 14.4091 0.0777868 -0.637793 0.000166757 0.0546624 0.0003 -2.09094 -0.364182 
600.11 49.9961 14.143 14.1429 0.000236786 -3.22832 0.0974723 0.0546624 0.0003 -0.248661 0.833356 
600.11 47.874 14.2293 14.2136 0.0267096 -2.51432 0.0159778 0.0546624 0.0003 -1.53966 -0.252181 
600.11 50 14.1429 14.1429 -2.06843e-07 -3.23294 0.0985541 0.0546624 0.0003 0.636389 3.00119 
600.11 50 14.1429 14.1429 1.59471e-08 -3.22841 0.0985531 0.0546624 0.0003 -0.459552 -3.28399 
600.11 50 14.1429 14.1429 -9.87922e-10 -3.24907 0.0985532 0.0546624 0.0003 0.138533 -3.64168 
600.11 50 14.1429 14.1429 -1.46282e-08 -3.23819 0.0985532 0.0546624 0.0003 1.11826 3.42119 
600.11 49.7454 14.1532 14.1527 0.00105321 -3.14352 0.0936626 0.0546624 0.0003 -1.88951 -1.74446 
600.11 40.7554 14.5264 14.5235 0.00866934 0.754911 0.123155 1.39979 0.503 -2.2903 -0.50258 
600.11 49.9966 14.143 14.143 -9.11659e-05 -3.23578 0.0989703 0.0546624 0.0003 -0.183228 0.548719 
600.11 50 14.1429 14.1429 -2.58552e-07 -3.19231 0.0985543 0.0546624 0.0003 -1.1032 3.17985 
600.11 42.1569 14.4669 14.4626 0.0101723 0.319895 0.127634 1.39979 0.503 -2.95545 0.956542 
600.11 50.0002 14.1429 14.1428 1.54611e-05 -3.21333 0.0984817 0.0546624 0.0003 0.1466 2.01513 
600.11 48.2989 14.2119 14.2067 0.00520103 -2.54308 0.0773539 0.0546624 0.0003 -1.46179 0.220295 
600.11 49.1665 14.1766 14.1741 0.00534899 -2.92229 0.0743497 0.0546624 0.0003 -1.99098 1.4478 
600.11 47.3025 14.2527 14.2252 0.0539944 -2.33152 0.0013548 0.0546624 0.0003 -2.57288 -1.33439 
600.11 49.9997 14.1429 14.1428 8.18056e-05 -3.25283 0.0981782 0.0546624 0.0003 -0.0999726 1.1761 
600.11 50.0001 14.1429 14.1429 -5.04109e-06 -3.24972 0.098576 0.0546624 0.0003 1.79934 3.32866 
600.11 50 14.1429 14.1429 2.20124e-09 -3.25299 0.0985531 0.0546624 0.0003 0.0805945 3.88799 
600.11 43.9569 14.3913 14.3747 0.0361115 -0.718968 0.0066031 0.0546624 0.0003 -2.05698 0.53252 
600.11 50.0004 14.1428 14.1428 7.87467e-05 -3.194 0.0981888 0.0546624 0.0003 2.2868 3.28726 
600.11 44.2209 14.3804 14.3929 -0.0282901 -0.706123 0.18622 0.0546624 0.503 -2.47072 0.967982 
600.11 48.2768 14.2129 14.2132 -0.000676281 -2.4361 0.101679 0.0546624 0.503 -1.61626 0.69881 
600.11 44.6862 14.3608 14.3654 -0.00940555 -0.883993 0.139728 0.0546624 0.503 -2.17542 0.786468 
600.11 49.8 14.1509 14.1485 0.00389684 -3.18341 0.0812815 0.0546624 0.0003 -0.935902 0.501812 
600.11 50 14.1429 14.1429 1.01087e-06 -3.21555 0.0985485 0.0546624 0.0003 0.279019 2.65143 
600.11 48.5812 14.2004 14.2018 -0.00327312 -2.6048 0.113541 0.0546624 0.503 -1.61532 0.821985 
600.11 42.674 14.4453 14.4522 -0.0122979 -0.221683 0.149821 0.0546624 0.503 -2.25815 0.658835 
600.11 40.1039 14.5543 14.5497 0.00938339 0.947639 0.124763 1.39979 0.503 -2.16993 0.0290827 
600.11 44.4645 14.3701 14.3856 -0.0325553 -0.713191 0.190309 0.0546624 0.503 -2.94708 -1.12069 
600.11 40.6388 14.5317 14.5285 0.0140711 0.953775 0.140691 1.39979 0.503 -2.18396 -0.280045 
600.11 42.4515 14.4547 14.4911 -0.0598541 0.35241 0.022178 1.39979 0.0003 -2.11604 0.416933 
600.11 41.1501 14.5098 14.5026 0.0176225 0.779842 0.151497 1.39979 0.503 -2.18994 0.378197 
600.11 50 14.1429 14.1429 -3.46746e-10 -3.25239 0.0985532 0.0546624 0.0003 -1.24081 3.70049 
600.11 50 14.1429 14.1429 -8.08937e-09 -3.25324 0.0985532 0.0546624 0.0003 -0.827519 3.66271 
600.11 41.2019 14.5076 14.5066 0.00687451 0.786674 0.118159 1.39979 0.503 -2.45461 0.712416 
600.11 50 14.1429 14.1429 -1.32564e-07 -3.25142 0.0985538 0.0546624 0.0003 -1.10539 -3.67065 
600.11 44.4997 14.3687 14.4054 -0.0825451 -0.369278 0.199905 0.0546624 0.503 -1.87531 0.0225514 
600.11 49.9852 14.1435 14.1435 -0.000182131 -3.21832 0.0993933 0.0546624 0.503 -0.480943 0.843911 
600.11 50 14.1429 14.1429 9.0108e-10 -3.24491 0.0985532 0.0546624 0.0003 -0.585993 3.7855 
600.11 49.9999 14.1429 14.1429 9.17399e-08 -3.20046 0.0985528 0.0546624 0.0003 -0.502906 -2.42948 
600.11 42.851 14.4379 14.4783 -0.0690489 0.384209 0.017327 1.39979 0.0003 -2.55726 -0.90138 
600.11 50.002 14.1428 14.1428 -7.85131e-05 -3.25087 0.0989093 0.0546624 0.0003 1.00476 2.41324 
600.11 46.1138 14.3017 14.3075 -0.0101444 -1.7626 0.14201 0.0546624 0.503 -1.98955 -0.76478 
600.11 41.3955 14.4994 14.5001 0.00514321 0.74205 0.113849 1.39979 0.503 -2.30773 -0.589666 
600.11 45.2598 14.337 14.2893 0.0922992 -1.60915 4.08615e-05 0.0546624 0.0003 -1.92318 0.50097 
600.11 45.8253 14.3136 14.3004 0.0342509 -1.71967 0.00752743 0.0546624 0.0003 -2.00842 0.743301 
600.11 49.8585 14.1486 14.1483 0.000202249 -3.18278 0.0977806 0.0546624 0.0003 -1.56871 1.67423 
600.11 45.6753 14.3198 14.3211 -0.00330383 -1.49873 0.113964 0.0546624 0.503 -2.50475 -1.12053 
600.11 43.2199 14.4222 14.4263 -0.00957306 -0.509138 0.140924 0.0546624 0.503 -1.97057 -0.0129383 
600.11 49.5094 14.1627 14.161 0.00468724 -3.048 0.0768427 0.0546624 0.0003 -1.094 0.03072 
600.11 45.7862 14.3152 14.3163 -0.00260425 -1.62807 0.110687 0.0546624 0.503 -1.82613 -0.384534 
600.11 50 14.1429 14.1429 -2.22624e-07 -3.24222 0.0985542 0.0546624 0.0003 1.24984 -3.44216 
600.11 48.373 14.2089 14.2071 0.00404102 -2.58933 0.0800394 0.0546624 0.0003 -1.43453 -0.0901911 
600.11 50 14.1429 14.1429 1.50296e-07 -3.24892 0.0985525 0.0546624 0.0003 0.100806 -3.23259 
600.11 47.9777 14.2251 14.2265 -0.00188432 -2.51956 0.106827 0.0546624 0.503 -1.943 1.06245 
600.11 40.4889 14.5379 14.5286 0.0209191 0.854118 0.162997 1.39979 0.503 -2.14903 0.0624048 
600.11 44.9354 14.3504 14.358 -0.0126243 -1.04795 0.150165 0.0546624 0.503 -2.34808 0.95989 
600.11 45.3798 14.3321 14.3398 -0.0136753 -1.47913 0.154246 0.0546624 0.503 -2.34687 1.00495 
600.11 43.7357 14.4006 14.4023 -0.00312458 -0.685098 0.112407 0.0546624 0.503 -2.34108 -0.838933 
600.11 49.9985 14.1429 14.1428 0.00013253 -3.24918 0.0979478 0.0546624 0.0003 -0.128639 0.668774 
600.11 43.6541 14.4041 14.4082 -0.00879142 -0.608273 0.137819 0.0546624 0.503 -1.94679 0.127203 
600.11 48.5708 14.2008 14.2011 -0.000455333 -2.60276 0.100591 0.0546624 0.503 -2.95795 1.60732 
600.11 50 14.1429 14.1429 7.25934e-09 -3.24728 0.0985531 0.0546624 0.0003 0.460947 -3.69961 
600.11 40.402 14.5417 14.4729 0.151702 0.361723 0.873079 1.39979 0.503 -2.3557 -0.55138 
600.11 42.7132 14.4436 14.445 -0.00266342 -0.238554 0.110969 0.0546624 0.503 -2.39916 0.792617 
600.11 41.2359 14.5059 14.4351 0.12733 -0.389509 1.81405e-06 0.0546624 0.0003 -2.788 0.873631 
600.11 50 14.1429 14.1429 2.05018e-07 -3.14585 0.0985522 0.0546624 0.0003 -0.301273 2.94437 
600.11 50 14.1429 14.1429 8.9e-07 -3.19604 0.098549 0.0546624 0.0003 -0.417293 -2.52173 
600.11 44.5804 14.3654 14.3694 -0.00989539 -1.07992 0.14229 0.0546624 0.503 -1.86904 0.0319458 
600.11 45.4295 14.3299 14.2889 0.0779135 -1.69613 0.00015542 0.0546624 0.0003 -2.18538 -0.884669 
600.11 48.771 14.1927 14.1931 -0.00117164 -2.69604 0.104175 0.0546624 0.503 -1.38692 -0.363849 
600.11 50.0003 14.1428 14.1428 3.35738e-05 -3.25037 0.0983979 0.0546624 0.0003 1.15754 -2.88953 
600.11 41.4245 14.4982 14.4945 0.0103762 0.466256 0.127735 1.39979 0.503 -2.14519 0.315338 
600.11 44.2834 14.3776 14.3455 0.0479096 -1.10286 0.00274044 0.0546624 0.0003 -1.89303 -0.0379812 
600.11 48.3297 14.2107 14.2122 -0.00288449 -2.48758 0.111717 0.0546624 0.503 -1.45484 0.213992 
600.11 45.5249 14.326 14.3285 -0.00351342 -1.38863 0.11394 0.0546624 0.503 -1.79016 -0.0564944 
600.11 43.7281 14.401 14.4555 -0.0946785 0.0191918 0.00880784 1.39979 0.0003 -2.11464 0.594191 
600.11 50.0008 14.1428 14.1428 3.76166e-05 -3.24603 0.0983797 0.0546624 0.0003 2.42664 3.23259 
600.11 50.0074 14.1426 14.1426 -0.000166825 -3.2396 0.0993231 0.0546624 0.503 2.92113 -2.92108 
600.11 47.4571 14.2463 14.221 0.0509922 -2.39434 0.00176237 0.0546624 0.0003 -1.58128 -0.0901115 
600.11 50 14.1429 14.1429 2.22609e-09 -3.21785 0.0985531 0.0546624 0.0003 -0.204925 -3.96521 
600.11 50 14.1429 14.1429 7.00109e-07 -3.24997 0.0985499 0.0546624 0.0003 0.283759 -3.35776 
600.11 49.2002 14.1752 14.1756 -0.00068667 -2.93996 0.101657 0.0546624 0.503 -1.25028 -0.306482 
600.11 45.0275 14.3466 14.3514 -0.00966206 -1.21313 0.140344 0.0546624 0.503 -2.00458 -0.610456 
600.11 43.1283 14.4262 14.4824 -0.103064 0.381551 0.00693843 1.39979 0.0003 -2.00119 -0.22291 
600.11 50 14.1429 14.1429 -3.06628e-08 -3.19597 0.0985533 0.0546624 0.0003 -0.765317 3.39165 
600.11 50.0035 14.1427 14.1427 -3.85338e-05 -3.24132 0.0987232 0.0546624 0.0003 2.7574 -3.03507 
600.11 46.0151 14.3057 14.2681 0.0741261 -1.84252 0.000213607 0.0546624 0.0003 -1.93916 -0.674749 
600.11 40.6683 14.5302 14.5298 0.00161824 0.757193 0.103376 1.39979 0.503 -2.58518 0.758376 
600.11 50.001 14.1428 14.1428 -3.9444e-05 -3.24428 0.098732 0.0546624 0.0003 2.0528 -3.09663 
600.11 45.5198 14.3262 14.2907 0.0726902 -1.61843 0.000238079 0.0546624 0.0003 -2.4588 1.08308 
600.11 50 14.1429 14.1429 3.6157e-08 -3.24054 0.098553 0.0546624 0.0003 -0.509483 3.22429 
600.11 50 14.1429 14.1429 -4.53676e-11 -3.24221 0.0985532 0.0546624 0.0003 -0.588966 4.18147 
600.11 47.4663 14.2459 14.2207 0.0460239 -2.38847 0.00289448 0.0546624 0.0003 -1.57801 0.0468096 
600.11 41.5371 14.4933 14.4868 0.0103087 0.277218 0.126124 1.39979 0.503 -2.17164 0.395973 
600.11 43.9609 14.3911 14.3815 0.0109472 -0.65806 0.0553753 0.0546624 0.0003 -2.95943 -1.08244 
600.11 50 14.1429 14.1429 4.45475e-10 -3.25229 0.0985532 0.0546624 0.0003 -0.214572 3.63724 
600.11 41.1309 14.5107 14.5027 0.0151023 0.610754 0.141583 1.39979 0.503 -2.21698 0.428368 
600.11 40.0022 14.5587 14.5484 0.0179935 1.30462 0.150894 1.39979 0.503 -2.34269 -0.49709 
600.11 49.8761 14.1479 14.146 0.0035212 -3.22045 0.0826615 0.0546624 0.0003 -0.778084 0.211169 
600.11 49.9916 14.1432 14.1431 0.000180929 -3.19991 0.0977233 0.0546624 0.0003 -0.894683 1.78424 
600.11 40.9694 14.5174 14.5129 0.0138607 0.608372 0.139413 1.39979 0.503 -2.56672 -0.768858 
600.11 50.0023 14.1428 14.1427 0.000105248 -3.25382 0.098076 0.0546624 0.0003 2.36812 3.05047 
600.11 50 14.1429 14.1429 7.59575e-06 -3.24329 0.0985178 0.0546624 0.0003 0.585691 3.11568 
600.11 46.4798 14.2866 14.2918 -0.00954324 -1.58482 0.140064 0.0546624 0.503 -1.70347 -0.146667 
600.11 50 14.1429 14.1429 -3.59517e-06 -3.22513 0.0985698 0.0546624 0.0003 -1.5414 -3.32733 
600.11 43.6287 14.405 14.3836 0.0272537 -0.993471 0.0168453 0.0546624 0.0003 -2.79095 -1.03777 
600.11 50.0002 14.1429 14.1428 1.45224e-05 -3.20816 0.0984861 0.0546624 0.0003 0.670181 -2.61216 
600.11 44.7386 14.3587 14.3651 -0.0133802 -0.95523 0.154057 0.0546624 0.503 -2.00612 -0.566183 
600.11 48.0371 14.2226 14.1933 0.0547367 -2.66934 0.001299 0.0546624 0.0003 -2.3057 -1.33871 
600.11 50 14.1429 14.1429 4.34183e-10 -3.19853 0.0985532 0.0546624 0.0003 -0.0715411 3.45019 
600.11 49.5008 14.163 14.1564 0.0127563 -3.07726 0.0463993 0.0546624 0.0003 -1.30986 0.871518 
600.11 50 14.1429 14.1429 -9.39226e-09 -3.2493 0.0985532 0.0546624 0.0003 -0.455008 3.4451 
600.11 46.9394 14.2676 14.2574 0.021735 -2.03532 0.0229974 0.0546624 0.0003 -1.67188 -0.27504 
600.11 46.3196 14.2931 14.2965 -0.00701338 -1.64965 0.130082 0.0546624 0.503 -2.15581 -0.972505 
600.11 46.7944 14.2735 14.2291 0.0842382 -2.33078 8.71089e-05 0.0546624 0.0003 -2.57916 -1.27143 
600.11 41.0262 14.5149 14.5122 0.00371945 0.891354 0.108451 1.39979 0.503 -2.43416 0.681848 
600.11 44.6961 14.3605 14.367 -0.0126138 -0.871734 0.151246 0.0546624 0.503 -1.92583 -0.383445 
600.11 46.7573 14.2751 14.2407 0.0670724 -2.14498 0.000410743 0.0546624 0.0003 -2.50121 1.23847 
600.11 48.8104 14.1911 14.184 0.0126551 -2.84218 0.0470162 0.0546624 0.0003 -1.46326 -0.635457 
600.11 44.0527 14.3874 14.4109 -0.0506014 -0.42095 0.19812 0.0546624 0.503 -2.1567 0.690624 
600.11 49.7774 14.1519 14.1523 -0.000609495 -3.10342 0.101237 0.0546624 0.503 -0.955981 0.480329 
600.11 49.8522 14.1488 14.1481 0.0014411 -3.16956 0.0919155 0.0546624 0.0003 -0.921294 0.699047 
600.11 42.2559 14.4629 14.4589 0.00548355 0.248413 0.112459 1.39979 0.503 -2.3844 -0.742145 
600.11 50 14.1429 14.1429 4.41309e-08 -3.25289 0.098553 0.0546624 0.0003 -0.491438 3.16949 
600.11 47.6354 14.2391 14.2401 -0.00168664 -2.2141 0.106209 0.0546624 0.503 -1.85748 -0.887294 
600.11 50 14.1429 14.1429 -4.42576e-10 -3.23547 0.0985532 0.0546624 0.0003 0.565755 3.94206 
600.11 44.8845 14.3527 14.3624 -0.018993 -1.24677 0.169619 0.0546624 0.503 -1.84625 0.0735449 
600.11 46.8813 14.27 14.2401 0.0588434 -2.14471 0.00086817 0.0546624 0.0003 -2.38978 -1.20353 
600.11 49.9805 14.1436 14.1437 -5.29779e-05 -3.23586 0.0987896 0.0546624 0.0003 -0.431531 0.433392 
600.11 43.4822 14.4111 14.4352 -0.054705 -0.314726 0.198741 0.0546624 0.503 -2.00395 -0.32587 
600.11 41.0536 14.5137 14.4153 0.189907 -0.298298 5.22875e-09 0.0546624 0.0003 -2.22607 -0.434814 
600.11 49.8534 14.1488 14.1465 0.00435562 -3.21057 0.0789359 0.0546624 0.0003 -1.81141 1.84507 
600.11 41.9527 14.4758 14.4755 0.00297975 0.147562 0.107188 1.39979 0.503 -2.16502 -0.441743 
600.11 50.0051 14.1427 14.1427 -0.000137266 -3.24508 0.0991855 0.0546624 0.0003 2.01266 2.81568 
600.11 49.8674 14.1482 14.1471 0.00230684 -3.20361 0.0880063 0.0546624 0.0003 -1.50526 -1.63752 
600.11 49.9682 14.1441 14.1437 0.000893786 -3.24064 0.0944678 0.0546624 0.0003 -0.488261 0.0196511 
600.11 50 14.1429 14.1429 -4.8693e-08 -3.24653 0.0985534 0.0546624 0.0003 -1.25596 -3.55693 
600.11 50 14.1429 14.1429 3.41253e-07 -3.23049 0.0985515 0.0546624 0.0003 -0.0950199 -2.06679 
600.11 49.7792 14.1518 14.1518 -9.99287e-05 -3.16531 0.0990293 0.0546624 0.0003 -1.11047 -0.919628 
600.11 43.5638 14.4079 14.4339 -0.0562073 -0.37189 0.198888 0.0546624 0.503 -2.09623 0.542877 
600.11 45.4271 14.3302 14.3372 -0.0130047 -1.12275 0.152621 0.0546624 0.503 -2.51044 -1.09818 
600.11 47.4927 14.2449 14.2406 0.00514464 -2.1956 0.0768525 0.0546624 0.0003 -1.99157 -1.0089 
600.11 50.0045 14.1427 14.1428 -0.000167628 -3.25263 0.0993293 0.0546624 0.503 0.0475382 0.149597 
600.11 49.9942 14.1431 14.1431 7.45978e-05 -3.25049 0.0982105 0.0546624 0.0003 -0.897825 1.88643 
600.11 48.8218 14.1906 14.1893 0.0019137 -2.74678 0.0901143 0.0546624 0.0003 -1.38751 -0.418222 
600.11 41.0303 14.5149 14.5082 0.0128718 0.458579 0.134472 1.39979 0.503 -2.19306 -0.36684 
600.11 50 14.1429 14.1429 3.78468e-07 -3.18682 0.0985514 0.0546624 0.0003 -2.10592 3.64455 
600.11 43.6973 14.4022 14.4036 0.000377604 -0.711135 0.0954067 0.0546624 0.0003 -2.08776 -0.547293 
600.11 46.4062 14.2895 14.264 0.0410805 -1.90862 0.0047681 0.0546624 0.0003 -2.05387 0.886862 
600.11 50.0041 14.1427 14.1426 0.000125647 -3.24887 0.097981 0.0546624 0.0003 2.92398 -3.01783 
600.11 48.0671 14.2214 14.2126 0.0140561 -2.43736 0.0432171 0.0546624 0.0003 -1.57947 -0.521273 
600.11 50 14.1429 14.1429 -5.09272e-07 -3.24555 0.0985555 0.0546624 0.0003 1.39306 -3.49017 
600.11 50 14.1429 14.1429 -1.26833e-07 -3.22305 0.0985537 0.0546624 0.0003 1.07753 3.43105 
600.11 50 14.1429 14.1429 4.57896e-06 -3.2411 0.0985319 0.0546624 0.0003 -0.0427265 -2.72382 
600.11 49.9837 14.1435 14.1436 -2.94755e-05 -3.23542 0.0986561 0.0546624 0.0003 -2.42919 -2.57769 
600.11 40.0477 14.5567 14.4798 0.161955 0.173139 0.899635 1.39979 0.503 -2.32499 -0.477636 
600.11 50 14.1429 14.1429 -3.80906e-06 -3.23232 0.0985707 0.0546624 0.0003 -0.192225 -2.19788 
600.11 50.0013 14.1428 14.1428 -1.06039e-05 -3.24105 0.0985967 0.0546624 0.0003 1.3023 -2.71878 
