600.11 71.0924 13.3389 13.1785 0.329926 -1.56868 1.45179e-13 0.0546624 0.0003 3.18674 -0.841337 
600.11 74.2303 13.2271 13.0877 0.277271 -3.09545 3.3542e-14 0.0546624 0.0003 3.57962 0.520392 
600.11 65.0088 13.5614 13.5558 0.0107834 1.4542 0.127886 1.39979 0.503 2.95487 1.03624 
600.11 65.1939 13.5544 13.5524 0.00410868 2.7515 0.109629 1.39979 0.503 3.87918 0.53992 
600.11 69.3132 13.403 13.2106 0.361065 -1.40782 3.1338e-13 0.0546624 0.0003 2.7729 0.881897 
600.11 73.9823 13.2362 13.3572 -0.207577 0.224148 0.000441187 1.39979 0.0003 2.37019 -0.468805 
600.11 55.1525 13.9377 13.9372 0.00524637 4.81324 0.113544 1.39979 0.503 1.80547 -0.834441 
600.11 65.8224 13.5312 13.5233 0.00659855 0.560227 0.113985 1.39979 0.503 2.01739 -0.24247 
600.11 68.065 13.4489 13.2649 0.37968 0.500713 0.999702 1.39979 0.503 2.68317 -0.890884 
600.11 77.9406 13.0976 13.2998 -0.377765 -0.30376 2.53194e-11 0.0546624 0.0003 2.64635 0.584558 
600.11 66.896 13.4916 13.5123 -0.0285698 2.49075 0.0501084 1.39979 0.0003 2.02652 0.110433 
600.11 86.2967 12.8138 12.6936 0.218722 -8.37194 6.51861e-15 0.0546624 0.0003 2.54776 0.0794061 
600.11 65.2158 13.5535 13.5467 0.0025301 2.09585 0.1033 1.39979 0.503 3.94643 0.408749 
600.11 77.2836 13.12 13.1405 -0.0575877 -2.13882 3.75618e-18 0.0546624 0.0003 2.30126 -0.0468432 
600.11 81.1862 12.9855 12.844 0.262479 -5.56734 2.14568e-14 0.0546624 0.0003 2.49257 -0.319518 
600.11 72.1993 13.2992 13.246 0.0936749 -2.61675 2.25594e-16 0.0546624 0.0003 3.82723 -0.0911658 
600.11 65.5658 13.5407 13.5403 0.00524148 1.7954 0.113922 1.39979 0.503 2.01584 0.268768 
600.11 76.8999 13.1335 13.2184 -0.173672 -1.26996 1.68381e-19 0.0546624 0.0003 2.7827 -0.675986 
600.11 69.1595 13.4091 13.3914 0.0362268 1.9797 0.225776 1.39979 0.503 2.26985 -0.550702 
600.11 64.1532 13.5932 13.5791 0.0200671 1.54264 0.157405 1.39979 0.503 2.31347 -0.813508 
600.11 66.8692 13.4927 13.4624 0.0717858 0.8432 0.440349 1.39979 0.503 2.11244 -0.417196 
600.11 69.6839 13.3901 13.4505 -0.0792187 1.87645 0.0143688 1.39979 0.0003 2.49999 -0.748287 
600.11 64.5457 13.5787 13.5247 0.120484 2.02888 0.747148 1.39979 0.503 2.39004 0.856897 
600.11 68.5771 13.43 13.4169 0.0351465 1.36154 0.224852 1.39979 0.503 3.51526 0.77535 
600.11 54.2184 13.9745 13.9746 0.00243538 4.91211 0.105885 1.39979 0.503 1.68192 -0.763482 
600.11 66.9023 13.4911 13.2785 0.400612 -1.03704 9.24315e-13 0.0546624 0.0003 3.85317 0.481797 
600.11 70.3245 13.3665 13.287 0.147041 -0.603275 9.57095e-16 0.0546624 0.0003 2.34281 -0.58927 
600.11 77.1957 13.1234 13.286 -0.310821 0.274974 2.52087e-05 1.39979 0.0003 2.97605 0.701957 
600.11 50.587 14.1192 14.1187 0.000576023 6.48566 0.100551 1.39979 0.503 1.20002 -1.0064 
600.11 66.6091 13.5023 13.4892 0.0225233 2.12185 0.166781 1.39979 0.503 2.45636 0.825173 
600.11 75.3603 13.1872 13.1074 0.161407 -1.83246 1.46421e-15 0.0546624 0.0003 3.17651 0.728665 
600.11 70.694 13.3536 13.4797 -0.231561 0.553121 0.000221611 1.39979 0.0003 2.98834 0.872269 
600.11 64.971 13.5626 13.5512 0.0237405 2.69706 0.17312 1.39979 0.503 3.02172 -1.03842 
600.11 65.1575 13.5557 13.471 0.160152 -0.203364 1.3749e-15 0.0546624 0.0003 2.33505 0.790244 
600.11 76.8515 13.1354 13.1678 -0.0121777 -0.783459 1.5594e-17 0.0546624 0.0003 2.48563 0.491071 
600.11 90.9295 12.6622 12.8085 -0.297053 -5.18444 5.90801e-21 0.0546624 0.0003 2.74211 -0.162269 
600.11 66.6384 13.5013 13.5774 -0.114605 2.33608 0.00550619 1.39979 0.0003 3.95619 -0.245616 
600.11 68.2957 13.4404 13.4382 0.00588631 2.69739 0.114897 1.39979 0.503 3.93849 0.0290942 
600.11 68.1712 13.4447 13.434 0.0239738 1.4041 0.174571 1.39979 0.503 3.10523 0.936946 
600.11 69.5977 13.3928 13.389 0.00948159 0.785464 0.125459 1.39979 0.503 3.85248 0.296542 
600.11 67.0064 13.4877 13.4785 0.0191641 0.807923 0.1562 1.39979 0.503 2.94492 -0.975096 
600.11 73.0402 13.2691 13.1313 0.258178 -3.95178 1.92347e-14 0.0546624 0.0003 2.29289 -0.395341 
600.11 50.737 14.1131 14.1186 -0.0108439 6.49384 0.0759705 1.39979 0.0003 1.27456 1.02582 
600.11 64.5343 13.5789 13.56 0.0334467 0.53752 0.211924 1.39979 0.503 2.12588 0.586161 
600.11 82.1318 12.9538 13.1049 -0.298824 -2.72425 5.73898e-21 0.0546624 0.0003 3.12451 0.560755 
600.11 92.8688 12.5995 12.6136 -0.0466691 -8.15388 5.02055e-18 0.0546624 0.0003 2.84499 -0.153548 
600.11 91.8967 12.6307 12.7215 -0.229654 -8.00901 3.3197e-20 0.0546624 0.0003 2.80239 0.176321 
600.11 69.4951 13.3969 13.3903 0.0175839 0.0989702 0.151362 1.39979 0.503 2.91329 0.901028 
600.11 62.67 13.6488 13.6432 0.0111111 3.07011 0.129083 1.39979 0.503 3.03436 -1.11396 
600.11 57.7938 13.8346 13.83 0.00716518 3.70643 0.117669 1.39979 0.503 1.72583 -0.30867 
600.11 64.8287 13.5683 13.3729 0.394494 0.229693 0.999618 1.39979 0.503 3.97328 0.374395 
600.11 66.3449 13.512 13.5153 0.000244745 0.565962 0.101504 1.39979 0.503 2.30107 0.709799 
600.11 80.7594 13.0004 13.0885 -0.184923 -3.51071 1.22688e-19 0.0546624 0.0003 2.75422 -0.558932 
600.11 61.7324 13.6841 13.677 0.0174054 2.05558 0.151069 1.39979 0.503 2.28974 0.901461 
600.11 82.7713 12.9319 12.9667 -0.100858 -4.14504 1.12451e-18 0.0546624 0.0003 3.34883 -0.434955 
600.11 64.4378 13.5826 13.5076 0.171123 0.717392 0.922139 1.39979 0.503 1.96915 0.227819 
600.11 72.2329 13.2984 13.4817 -0.336272 -0.166307 9.92501e-09 0.0546624 0.0003 2.23899 -0.333892 
600.11 66.1435 13.5194 13.5737 -0.100176 1.254 0.00747758 1.39979 0.0003 2.00519 0.121797 
600.11 70.0687 13.376 13.4741 -0.203508 -0.386185 4.86991e-16 0.0546624 0.0003 2.16158 -0.297163 
600.11 75 13.2002 13.2881 -0.161519 -0.876163 2.45734e-19 0.0546624 0.0003 3.70609 -0.278014 
600.11 66.4683 13.5071 13.3033 0.384887 -0.700461 6.0314e-13 0.0546624 0.0003 3.5609 0.81908 
600.11 64.7368 13.5715 13.4398 0.286157 1.12183 0.996306 1.39979 0.503 2.37331 0.837266 
600.11 67.3649 13.4741 13.4739 -0.000720504 1.75775 0.0981373 1.39979 0.0003 2.61212 0.884949 
600.11 67.1409 13.4827 13.4964 -0.012134 0.329065 0.0763451 1.39979 0.0003 3.68713 -0.688158 
600.11 66.0722 13.5217 13.3379 0.349345 -0.497763 2.30481e-13 0.0546624 0.0003 3.58246 0.818593 
600.11 68.5277 13.4321 13.5548 -0.219905 0.6368 0.000308005 1.39979 0.0003 2.23123 0.527527 
600.11 88.774 12.7321 12.6436 0.154999 -6.97833 1.15718e-15 0.0546624 0.0003 3.02872 0.381142 
600.11 77.3267 13.1188 13.2995 -0.342692 -0.886655 1.87482e-21 0.0546624 0.0003 2.30124 0.017723 
600.11 74.1464 13.2304 13.3794 -0.275357 0.928827 6.76763e-05 1.39979 0.0003 2.57417 0.654572 
600.11 89.7622 12.7002 12.8185 -0.234746 -4.49287 3.26501e-20 0.0546624 0.0003 3.27495 0.213502 
600.11 73.3626 13.2576 13.0761 0.340206 -2.37638 1.77588e-13 0.0546624 0.0003 2.19844 0.0150437 
600.11 64.9152 13.5649 13.5607 0.013666 2.53663 0.138739 1.39979 0.503 3.65907 -0.804695 
600.11 80.2376 13.0179 12.8363 0.33621 -6.10086 1.57667e-13 0.0546624 0.0003 3.5673 -0.260891 
600.11 85.7583 12.8317 12.7594 0.124855 -7.29164 5.14977e-16 0.0546624 0.0003 2.59005 0.239527 
600.11 68.1041 13.4475 13.4944 -0.0613745 2.43291 0.0224763 1.39979 0.0003 2.67505 -0.886793 
600.11 76.6756 13.1415 13.3351 -0.368744 -1.59315 8.82443e-22 0.0546624 0.0003 3.60162 0.387652 
600.11 63.0693 13.634 13.6217 0.0237556 2.53983 0.172687 1.39979 0.503 4.08145 -0.204065 
600.11 69.6732 13.39 13.2812 0.205781 -2.20029 4.70191e-15 0.0546624 0.0003 2.56801 0.790238 
600.11 59.9178 13.7531 13.7553 -0.0157023 2.53586 0.0653607 1.39979 0.0003 2.08667 0.805009 
600.11 93.9805 12.5641 12.6577 -0.203092 -8.28659 7.36347e-20 0.0546624 0.0003 2.92948 -0.13219 
600.11 89.7803 12.6997 12.8875 -0.363024 -4.09631 1.01825e-21 0.0546624 0.0003 2.71651 -0.20077 
600.11 67.596 13.4657 13.3448 0.231453 -1.36441 9.47368e-15 0.0546624 0.0003 3.47538 0.833358 
600.11 67.036 13.4865 13.483 0.00258526 2.32769 0.104497 1.39979 0.503 2.25277 0.627124 
600.11 71.4704 13.3254 13.3213 0.0104473 1.15214 0.128069 1.39979 0.503 2.50471 -0.692956 
600.11 57.0846 13.8624 13.8511 0.0201291 3.94998 0.158273 1.39979 0.503 1.92892 -0.814833 
600.11 66.9777 13.4888 13.5074 -0.0108203 2.19928 0.0807156 1.39979 0.0003 3.97198 0.100489 
600.11 66.6709 13.5001 13.4977 0.00888754 1.97058 0.123624 1.39979 0.503 2.58911 -0.896701 
600.11 72.9096 13.2737 13.0917 0.339886 -1.69851 1.75446e-13 0.0546624 0.0003 3.76951 -0.264158 
600.11 65.6975 13.5357 13.5312 0.00955288 1.29547 0.124269 1.39979 0.503 2.11692 -0.501914 
600.11 63.5745 13.6147 13.5222 0.201866 1.72406 0.964406 1.39979 0.503 3.99007 0.441232 
600.11 56.9432 13.8678 13.865 0.00399248 3.89587 0.108806 1.39979 0.503 2.06574 0.979068 
600.11 64.8622 13.5669 13.5677 0.00265606 1.77521 0.106471 1.39979 0.503 2.22733 -0.698741 
600.11 63.2498 13.627 13.627 0.00752788 1.21074 0.121479 1.39979 0.503 3.33225 -1.04314 
600.11 70.326 13.3669 13.4762 -0.181241 2.06741 0.000908871 1.39979 0.0003 3.76009 0.448035 
600.11 68.9582 13.4162 13.4054 0.0216857 1.15582 0.164787 1.39979 0.503 2.22028 0.488796 
600.11 69.1649 13.4086 13.4119 -0.00867546 1.21751 0.0798142 1.39979 0.0003 2.23818 -0.50613 
600.11 85.2272 12.8497 12.975 -0.243679 -4.37017 2.59547e-20 0.0546624 0.0003 2.544 0.178576 
600.11 82.7948 12.9314 13.0449 -0.210185 -3.2512 6.61409e-20 0.0546624 0.0003 3.55105 0.0790225 
600.11 88.4922 12.7417 12.9111 -0.336124 -5.54078 2.07273e-21 0.0546624 0.0003 3.2343 -0.313166 
600.11 86.3338 12.8125 12.6788 0.244434 -8.80436 1.30616e-14 0.0546624 0.0003 2.65485 -0.301179 
600.11 64.4248 13.5829 13.5513 0.0753227 2.25159 0.464773 1.39979 0.503 2.94447 -1.05466 
600.11 91.4656 12.6448 12.703 -0.134706 -7.15459 4.65749e-19 0.0546624 0.0003 3.27902 -0.0482952 
600.11 74.4702 13.2185 13.1231 0.175929 -2.71938 2.077e-15 0.0546624 0.0003 3.37188 -0.677443 
600.11 65.9863 13.5251 13.4957 0.0677762 1.18936 0.413163 1.39979 0.503 3.69146 -0.732476 
600.11 91.6483 12.6387 12.6258 0.00058647 -8.5059 1.76836e-17 0.0546624 0.0003 3.21537 0.171999 
600.11 78.4297 13.0801 12.8921 0.345977 -5.50993 2.04517e-13 0.0546624 0.0003 2.727 -0.613031 
600.11 56.8412 13.8719 13.9368 -0.116748 5.1279 0.00485177 1.39979 0.0003 1.70616 -0.414117 
600.11 65.0313 13.5605 13.4356 0.283923 0.81661 0.99616 1.39979 0.503 3.37671 -0.965772 
600.11 84.5262 12.8729 12.8474 0.033565 -4.7482 4.39434e-17 0.0546624 0.0003 2.96732 0.508602 
600.11 67.5466 13.4675 13.4588 0.0209714 2.0731 0.163926 1.39979 0.503 2.07511 0.259064 
600.11 64.9645 13.5631 13.5585 0.0110073 2.26328 0.129912 1.39979 0.503 2.93424 -1.03685 
600.11 63.0862 13.6331 13.6307 0.00131371 1.88829 0.101752 1.39979 0.503 3.43598 -1.01018 
600.11 70.0081 13.3781 13.3788 0.00314293 0.532441 0.107717 1.39979 0.503 3.46446 -0.760456 
600.11 84.8878 12.8608 12.8275 0.0479364 -5.99302 6.45729e-17 0.0546624 0.0003 2.53139 0.17307 
600.11 64.6117 13.5761 13.5667 0.0221445 1.85313 0.168155 1.39979 0.503 2.80329 -1.03134 
600.11 67.0322 13.4868 13.5526 -0.0911365 1.56338 0.0104192 1.39979 0.0003 2.10935 0.398045 
600.11 67.1258 13.4832 13.4745 0.0253241 1.77933 0.181874 1.39979 0.503 2.94346 -0.97137 
600.11 70.7966 13.3499 13.1554 0.385938 -2.73601 6.37172e-13 0.0546624 0.0003 2.37818 0.607796 
600.11 66.8171 13.4943 13.4073 0.163726 -0.354137 1.51054e-15 0.0546624 0.0003 3.55077 0.813308 
600.11 63.2606 13.6264 13.6183 0.0133627 2.63303 0.136338 1.39979 0.503 3.0866 1.09095 
600.11 69.053 13.4126 13.4078 0.0115759 1.35549 0.131126 1.39979 0.503 3.12473 -0.909444 
600.11 81.5065 12.9752 13.1392 -0.299009 -1.68031 6.09245e-21 0.0546624 0.0003 2.41419 0.0768918 
600.11 67.1454 13.4825 13.4772 0.0140335 2.56129 0.139049 1.39979 0.503 2.86395 -0.962995 
600.11 75.6996 13.1756 13.3285 -0.295049 -0.679605 3.18633e-20 0.0546624 0.0003 3.38097 0.635329 
600.11 66.8083 13.4946 13.4547 0.080319 0.820342 0.492733 1.39979 0.503 3.9756 0.113637 
600.11 85.0354 12.8562 13.0708 -0.406495 -2.61186 3.16638e-22 0.0546624 0.0003 2.74117 0.42202 
600.11 63.2858 13.6255 13.6164 0.0204454 2.87145 0.161109 1.39979 0.503 3.09054 1.08986 
600.11 64.2324 13.5902 13.6006 -0.0288784 0.7386 0.0471125 1.39979 0.0003 2.28104 0.78184 
600.11 62.0411 13.6723 13.6342 0.0826735 2.32149 0.512152 1.39979 0.503 4.07009 -0.383911 
600.11 63.5984 13.6139 13.6064 0.0135295 3.47263 0.136537 1.39979 0.503 2.11114 -0.618295 
600.11 53.1247 14.0177 14.0162 0.00274261 5.43499 0.105948 1.39979 0.503 3.46172 1.54964 
600.11 67.7241 13.4613 13.4491 0.0326335 0.800495 0.214401 1.39979 0.503 2.53414 0.834194 
600.11 63.186 13.6294 13.6138 0.0324274 2.96424 0.209551 1.39979 0.503 1.91514 -0.162879 
600.11 62.9551 13.6382 13.6362 0.00681453 3.16191 0.117859 1.39979 0.503 3.23951 1.07826 
600.11 86.1801 12.8181 13.0121 -0.374044 -3.94316 7.55482e-22 0.0546624 0.0003 2.97254 0.46138 
600.11 81.2845 12.9825 13.0689 -0.182578 -2.69705 1.3038e-19 0.0546624 0.0003 3.52689 0.280391 
600.11 65.7598 13.5333 13.5234 0.0267115 0.851847 0.18735 1.39979 0.503 1.99093 -0.0996294 
600.11 67.7317 13.4608 13.4626 0.00706245 2.37558 0.120571 1.39979 0.503 2.18159 -0.493255 
600.11 77.8512 13.1004 13.2012 -0.212748 -0.658526 5.74321e-20 0.0546624 0.0003 3.50263 0.46637 
600.11 91.6429 12.639 12.655 -0.0488869 -6.99463 4.74862e-18 0.0546624 0.0003 3.19308 0.196858 
600.11 79.013 13.06 12.9006 0.294602 -4.85237 5.10112e-14 0.0546624 0.0003 3.27968 -0.593446 
600.11 66.621 13.5016 13.4917 0.0150324 2.38177 0.141124 1.39979 0.503 2.04188 0.24012 
600.11 63.6072 13.6134 13.6164 0.000196174 2.75742 0.101307 1.39979 0.503 1.94317 -0.236001 
600.11 93.7693 12.5708 12.5834 -0.0184412 -7.38938 1.15166e-17 0.0546624 0.0003 3.14862 -0.0711659 
600.11 85.6022 12.837 12.8893 -0.120537 -4.78419 6.86886e-19 0.0546624 0.0003 3.14931 -0.455297 
600.11 67.0788 13.4847 13.469 0.0275714 0.85409 0.187275 1.39979 0.503 3.97414 0.0103479 
600.11 65.9562 13.5263 13.3745 0.319802 0.328157 0.99849 1.39979 0.503 2.51009 -0.881178 
600.11 66.3357 13.5123 13.4978 0.0269709 2.01387 0.18482 1.39979 0.503 2.0036 -0.0257918 
600.11 66.4782 13.5071 13.4956 0.0212062 0.515417 0.162777 1.39979 0.503 2.20092 0.588589 
600.11 50.8623 14.1081 14.1073 0.000918576 6.39185 0.101297 1.39979 0.503 1.28454 -0.965751 
600.11 68.9669 13.4161 13.6133 -0.367074 1.09387 5.58736e-06 1.39979 0.0003 2.45822 -0.743478 
600.11 76.4666 13.1488 13.2763 -0.226797 0.1668 0.000257271 1.39979 0.0003 2.78778 -0.689099 
600.11 66.2849 13.5138 13.4051 0.18423 0.0121651 0.575173 1.39979 0.503 2.58917 0.909794 
600.11 73.3989 13.2568 13.3851 -0.242453 0.959944 0.000161977 1.39979 0.0003 2.22565 -0.202615 
600.11 66.7448 13.4973 13.522 -0.0222908 2.23617 0.0609462 1.39979 0.0003 3.27096 0.946078 
600.11 61.7638 13.6832 13.6795 0.00846443 2.17909 0.121561 1.39979 0.503 2.14616 -0.765027 
600.11 74.1238 13.2312 13.4104 -0.327089 -0.396974 1.99969e-13 0.0546624 0.0003 2.60937 -0.676799 
600.11 61.649 13.6875 13.6807 0.00430892 2.90207 0.106965 1.39979 0.503 1.95252 -0.477125 
600.11 75.4068 13.1858 13.3127 -0.249339 -0.000740101 0.000131021 1.39979 0.0003 2.55189 -0.59938 
600.11 63.1446 13.631 13.6152 0.0369235 2.60394 0.232107 1.39979 0.503 3.54276 0.954556 
600.11 89.4747 12.7095 12.8588 -0.301848 -5.75379 5.20219e-21 0.0546624 0.0003 2.87632 -0.336158 
600.11 81.9722 12.9591 13.0595 -0.207876 -2.7755 6.6115e-20 0.0546624 0.0003 3.4467 0.367913 
600.11 93.7281 12.5722 12.6354 -0.133639 -8.34249 4.93466e-19 0.0546624 0.0003 2.83282 0.0112954 
600.11 66.9806 13.4886 13.4845 0.0110521 1.00576 0.129798 1.39979 0.503 2.2008 -0.562424 
600.11 84.379 12.8778 12.8608 0.0158433 -5.6998 2.7178e-17 0.0546624 0.0003 3.36905 -0.357389 
600.11 69.0742 13.4117 13.3094 0.18413 -1.63455 2.55714e-15 0.0546624 0.0003 2.73019 -0.876729 
600.11 71.411 13.3273 13.1687 0.294269 -1.78045 5.06873e-14 0.0546624 0.0003 2.63798 0.772766 
600.11 64.7747 13.57 13.5626 0.0167986 2.13473 0.148669 1.39979 0.503 4.00227 -0.294927 
600.11 72.3093 13.2952 13.1439 0.29093 -3.26458 4.75864e-14 0.0546624 0.0003 3.42219 0.71388 
600.11 63.2213 13.6279 13.6177 0.0205202 2.69504 0.160986 1.39979 0.503 2.67074 -1.04518 
600.11 75.114 13.1958 13.2084 -0.078389 -1.56075 1.95449e-18 0.0546624 0.0003 3.59473 0.467034 
600.11 75.5995 13.1786 12.9776 0.373425 -3.97754 4.34774e-13 0.0546624 0.0003 2.28908 0.218439 
600.11 67.6495 13.4637 13.4421 0.0480882 1.74896 0.289916 1.39979 0.503 3.93989 0.183007 
600.11 65.6084 13.539 13.5332 0.0118453 1.5159 0.131881 1.39979 0.503 4.01377 -0.100931 
600.11 86.946 12.7927 12.943 -0.289995 -2.80214 7.43411e-21 0.0546624 0.0003 3.33814 -0.280678 
600.11 63.7105 13.6096 13.606 0.0103114 2.22296 0.128516 1.39979 0.503 2.28654 -0.809863 
600.11 93.0007 12.5955 12.754 -0.319562 -6.61577 3.21605e-21 0.0546624 0.0003 3.11017 -0.179776 
600.11 61.6737 13.6863 13.6868 0.00113644 1.89352 0.102754 1.39979 0.503 1.92751 0.41465 
600.11 72.4638 13.2901 13.3828 -0.157708 1.11424 0.00167279 1.39979 0.0003 2.42357 -0.590178 
600.11 64.3758 13.585 13.534 0.116989 1.77718 0.73046 1.39979 0.503 2.89741 -1.05241 
600.11 72.1917 13.2998 13.366 -0.112703 1.32688 0.00551334 1.39979 0.0003 3.83057 -0.0525793 
600.11 93.4026 12.5825 12.6166 -0.0874042 -7.8035 1.66857e-18 0.0546624 0.0003 2.93632 0.177213 
600.11 65.9871 13.5249 13.476 0.108592 2.23429 0.680863 1.39979 0.503 3.2603 -0.972996 
600.11 64.5018 13.5802 13.5722 0.0180508 2.49203 0.152116 1.39979 0.503 3.53119 -0.909819 
600.11 66.0323 13.5232 13.4274 0.219645 1.03326 0.978135 1.39979 0.503 2.70804 0.962452 
600.11 69.9917 13.3788 13.3729 0.0199846 0.455693 0.161523 1.39979 0.503 3.07569 -0.888388 
600.11 66.833 13.4937 13.4854 0.00586944 1.99409 0.111593 1.39979 0.503 3.32014 -0.928008 
600.11 65.6656 13.5369 13.5371 -0.00248771 1.60547 0.0931984 1.39979 0.0003 2.02019 -0.272342 
600.11 67.3268 13.4755 13.3167 0.290157 -1.15825 4.48351e-14 0.0546624 0.0003 2.36968 0.733782 
600.11 74.8119 13.2065 13.2081 -0.019047 -2.49178 1.06553e-17 0.0546624 0.0003 2.80902 -0.739625 
600.11 66.4021 13.5096 13.5002 0.0246035 1.96207 0.178884 1.39979 0.503 3.52053 0.847543 
600.11 64.9679 13.5627 13.5589 0.00830725 1.92069 0.121185 1.39979 0.503 2.34852 0.809076 
600.11 80.3011 13.016 13.0945 -0.168184 -4.30034 1.91689e-19 0.0546624 0.0003 2.81517 0.594457 
600.11 77.693 13.1058 13.0891 0.01876 -2.32152 2.96701e-17 0.0546624 0.0003 3.63044 0.280021 
600.11 69.0809 13.4119 13.5006 -0.162262 1.69208 0.00142903 1.39979 0.0003 3.91603 -0.0384631 
600.11 67.7847 13.4592 13.4548 0.00955025 0.682598 0.124409 1.39979 0.503 2.0761 0.237452 
600.11 64.1339 13.5937 13.5914 0.00434736 1.96116 0.110637 1.39979 0.503 1.94759 -0.166817 
600.11 93.2072 12.5887 12.6143 -0.0706285 -8.41383 2.62196e-18 0.0546624 0.0003 3.13214 0.149763 
600.11 54.3983 13.9674 13.9664 0.00302922 4.9351 0.107081 1.39979 0.503 1.60422 -0.575483 
600.11 64.902 13.5653 13.3716 0.397951 0.46356 0.999818 1.39979 0.503 3.3041 0.995057 
600.11 85.3551 12.8453 12.8838 -0.0916477 -5.94733 1.50519e-18 0.0546624 0.0003 3.04878 -0.483779 
600.11 65.1079 13.5575 13.5521 0.00937943 2.28328 0.124211 1.39979 0.503 3.96064 -0.383098 
600.11 64.1225 13.5945 13.5624 0.0792127 1.52269 0.492203 1.39979 0.503 3.96696 -0.447485 
600.11 81.7393 12.9672 13.172 -0.388964 -2.38552 5.09841e-22 0.0546624 0.0003 2.43862 -0.163596 
600.11 66.3009 13.5134 13.5047 0.0101288 1.25228 0.124387 1.39979 0.503 2.21515 0.616045 
600.11 70.9321 13.3447 13.3195 0.0397151 -1.84088 5.27924e-17 0.0546624 0.0003 2.29765 -0.50684 
600.11 65.3337 13.5491 13.538 0.0156279 1.19272 0.142394 1.39979 0.503 2.52746 0.911865 
600.11 61.5644 13.6903 13.4757 0.409272 0.00557748 0.0999856 1.39979 0.503 1.92462 -0.419077 
600.11 68.2869 13.4407 13.3265 0.253633 -0.906618 1.89075e-14 0.0546624 0.0003 3.88496 -0.314946 
600.11 88.5809 12.7387 12.8456 -0.226356 -4.72669 3.95319e-20 0.0546624 0.0003 2.73534 0.284169 
600.11 65.2294 13.5533 13.5485 0.00504253 1.06177 0.110325 1.39979 0.503 3.68695 0.767733 
600.11 71.2465 13.3334 13.3209 0.0138561 -0.246046 2.62377e-17 0.0546624 0.0003 3.02959 0.857133 
600.11 51.8725 14.0676 14.0885 -0.0375661 6.24081 0.0388732 1.39979 0.0003 1.60252 1.0782 
600.11 68.5795 13.43 13.5034 -0.145875 2.2123 0.00214003 1.39979 0.0003 3.93094 -0.0122864 
600.11 93.5179 12.5788 12.6141 -0.089011 -6.37397 1.60071e-18 0.0546624 0.0003 2.86569 0.121725 
600.11 84.3953 12.8774 12.9942 -0.24101 -5.58898 2.68939e-20 0.0546624 0.0003 3.09661 -0.503955 
600.11 64.1658 13.5929 13.4668 0.276978 1.05397 0.99526 1.39979 0.503 2.1888 -0.688801 
600.11 55.0828 13.9405 13.9379 0.00684489 5.09077 0.117179 1.39979 0.503 1.61567 -0.469242 
600.11 82.0101 12.958 13.1804 -0.415431 -2.0414 2.51507e-22 0.0546624 0.0003 3.26138 0.515006 
600.11 54.7159 13.9548 13.9536 0.0022646 4.67166 0.104775 1.39979 0.503 2.07182 -1.16147 
600.11 63.6557 13.6117 13.6039 0.0168072 2.01809 0.147969 1.39979 0.503 2.08338 -0.572699 
600.11 61.9826 13.6748 13.6726 0.00613937 2.91527 0.115239 1.39979 0.503 3.70058 0.897471 
600.11 70.113 13.3744 13.375 0.00416239 0.983159 0.111452 1.39979 0.503 2.15634 -0.277968 
600.11 62.5863 13.6519 13.6474 0.0114745 2.4852 0.131185 1.39979 0.503 2.11043 0.675827 
600.11 82.8613 12.9289 13.0014 -0.171211 -3.18897 1.70011e-19 0.0546624 0.0003 3.53954 0.130458 
600.11 85.1696 12.8517 13.0584 -0.39798 -3.11418 3.93558e-22 0.0546624 0.0003 2.88113 0.47671 
600.11 63.3888 13.6216 13.6185 0.00664704 1.49772 0.116656 1.39979 0.503 3.57508 0.926147 
600.11 66.8546 13.493 13.4614 0.0710423 1.27239 0.434326 1.39979 0.503 3.04759 -0.980008 
600.11 66.1659 13.5185 13.5189 0.00457427 1.87984 0.112292 1.39979 0.503 2.18996 -0.589528 
600.11 71.9815 13.3068 13.0769 0.426008 -2.40167 1.81902e-12 0.0546624 0.0003 2.77655 0.807818 
600.11 70.1638 13.3727 13.4521 -0.140947 1.96731 0.00254211 1.39979 0.0003 2.71315 -0.839081 
600.11 80.8953 12.996 13.1944 -0.367035 -0.357993 2.81637e-12 0.0546624 0.0003 3.25571 -0.550348 
600.11 84.5208 12.8729 12.7643 0.192463 -5.89021 3.17249e-15 0.0546624 0.0003 2.59072 0.304121 
600.11 68.1761 13.4447 13.4315 0.0273047 1.77703 0.187921 1.39979 0.503 2.45106 -0.766384 
600.11 69.482 13.397 13.3551 0.0768615 -1.76995 1.45426e-16 0.0546624 0.0003 3.63537 -0.645644 
600.11 64.4164 13.5834 13.6381 -0.10453 2.25564 0.0065863 1.39979 0.0003 3.9183 -0.52164 
600.11 63.9204 13.6017 13.5495 0.109848 1.92717 0.684799 1.39979 0.503 1.92879 0.0466104 
600.11 78.0934 13.0922 13.2347 -0.280468 -1.73368 9.48729e-21 0.0546624 0.0003 3.66371 0.145085 
600.11 72.417 13.2918 13.3797 -0.139945 0.860494 0.00276691 1.39979 0.0003 2.21517 -0.258135 
600.11 66.7326 13.4976 13.4803 0.0470131 2.54664 0.28821 1.39979 0.503 2.90031 -0.979607 
600.11 92.5885 12.6085 12.5798 0.0355968 -7.60925 4.58993e-17 0.0546624 0.0003 2.99364 -0.232461 
600.11 69.1711 13.4081 13.271 0.2442 -0.538528 1.27505e-14 0.0546624 0.0003 3.90072 0.158963 
600.11 70.4982 13.3605 13.3535 0.00744163 0.489625 0.116798 1.39979 0.503 2.76535 0.84581 
600.11 62.7218 13.6468 13.632 0.035477 1.76969 0.225864 1.39979 0.503 3.25406 -1.08315 
600.11 85.5577 12.8388 13.0461 -0.394685 -3.99903 4.35142e-22 0.0546624 0.0003 2.53935 0.135675 
600.11 61.8736 13.6787 13.6431 0.074911 2.35424 0.458505 1.39979 0.503 2.03912 -0.618407 
600.11 62.0719 13.6714 13.5832 0.198415 1.59581 0.961367 1.39979 0.503 4.12864 0.124976 
600.11 75.3055 13.1895 13.3632 -0.317077 0.0519893 2.21066e-05 1.39979 0.0003 3.09758 -0.744504 
600.11 72.9564 13.272 13.1487 0.210097 -3.44809 4.97264e-15 0.0546624 0.0003 2.20885 0.184483 
600.11 66.4275 13.509 13.5099 0.00225769 2.02109 0.105585 1.39979 0.503 3.09114 0.989348 
600.11 88.6121 12.7374 12.6787 0.0857345 -6.81737 1.73428e-16 0.0546624 0.0003 3.02319 -0.386868 
600.11 83.3309 12.9134 13.1358 -0.416235 -1.35104 2.45606e-22 0.0546624 0.0003 3.13639 -0.524726 
600.11 82.4117 12.9444 13.1347 -0.369706 -1.89299 8.44716e-22 0.0546624 0.0003 2.66334 0.456156 
600.11 65.3598 13.5485 13.4339 0.260802 0.903828 0.9928 1.39979 0.503 2.95559 -1.02561 
600.11 77.7984 13.1023 13.2155 -0.228776 0.0517833 0.000224971 1.39979 0.0003 3.40297 0.556389 
600.11 67.3244 13.4757 13.4656 0.0173093 2.53278 0.148253 1.39979 0.503 2.12659 0.415917 
600.11 67.3326 13.4755 13.4717 0.00806197 1.41891 0.120131 1.39979 0.503 3.45664 -0.852316 
600.11 67.2823 13.4773 13.4658 0.0310513 2.14066 0.206922 1.39979 0.503 2.27849 0.646225 
600.11 82.3091 12.9474 12.8402 0.19475 -4.28621 3.41813e-15 0.0546624 0.0003 2.45658 -0.171959 
600.11 62.692 13.6479 13.6411 0.00917118 1.99131 0.122859 1.39979 0.503 2.62352 1.04814 
600.11 66.351 13.5116 13.4072 0.237533 1.36036 0.986466 1.39979 0.503 2.88565 -0.989529 
600.11 62.2555 13.6642 13.6362 0.0632737 2.15103 0.383748 1.39979 0.503 4.12481 -0.0998099 
600.11 65.9356 13.527 13.4139 0.249899 1.44349 0.990197 1.39979 0.503 2.18995 -0.600684 
600.11 68.6437 13.4278 13.5084 -0.138194 0.50461 0.00279761 1.39979 0.0003 2.16284 0.403013 
600.11 77.0774 13.127 12.9913 0.245541 -3.71229 1.3362e-14 0.0546624 0.0003 3.23611 -0.665072 
600.11 53.1947 14.015 14.0502 -0.0671321 5.81578 0.0178136 1.39979 0.0003 1.46675 -0.490882 
600.11 82.99 12.9247 12.9323 -0.00341105 -4.32725 1.75328e-17 0.0546624 0.0003 2.952 0.549455 
600.11 62.9881 13.6366 13.6265 0.0129797 2.35887 0.133082 1.39979 0.503 4.0791 -0.231885 
600.11 71.1989 13.3353 13.4198 -0.162794 1.82291 0.00137463 1.39979 0.0003 2.18587 -0.273321 
600.11 65.5122 13.5429 13.589 -0.057306 3.41437 0.02519 1.39979 0.0003 3.9211 0.441492 
600.11 82.8762 12.9282 12.7955 0.246131 -5.73047 1.38005e-14 0.0546624 0.0003 2.98273 0.554562 
600.11 72.2473 13.2975 13.1729 0.261063 -0.564826 2.24324e-14 0.0546624 0.0003 3.22253 -0.800574 
600.11 69.6773 13.3898 13.3873 0.00805651 0.707309 0.121277 1.39979 0.503 3.88975 -0.138626 
600.11 89.0616 12.7228 12.6628 0.0997089 -6.78577 2.60508e-16 0.0546624 0.0003 3.24625 0.279615 
600.11 63.3508 13.6234 13.6244 0.0121182 1.27023 0.136898 1.39979 0.503 1.97998 -0.387249 
600.11 82.6255 12.9371 13.1314 -0.374574 -3.12967 7.44729e-22 0.0546624 0.0003 3.02423 -0.560688 
600.11 75.4961 13.1823 12.9989 0.343804 -2.23711 1.95904e-13 0.0546624 0.0003 2.77618 -0.712014 
600.11 65.049 13.5597 13.5519 0.0141322 1.88355 0.138177 1.39979 0.503 2.25887 0.72431 
600.11 69.4245 13.3991 13.3922 0.00571045 0.625013 0.111757 1.39979 0.503 3.79417 -0.43893 
600.11 80.8028 12.9988 13.0353 -0.0906 -4.24664 1.53624e-18 0.0546624 0.0003 3.5589 -0.243202 
600.11 69.6929 13.3893 13.2576 0.249006 -0.56553 1.51078e-14 0.0546624 0.0003 2.12683 0.218481 
600.11 66.4352 13.5086 13.5017 0.0132928 1.42927 0.136279 1.39979 0.503 2.21944 -0.614396 
600.11 69.2491 13.4057 13.4607 -0.105085 1.41713 0.00649363 1.39979 0.0003 2.2048 0.446941 
600.11 50.2505 14.1327 14.1323 0.000835171 6.65434 0.101255 1.39979 0.503 2.0634 2.05162 
600.11 67.9883 13.4516 13.4513 0.0022374 1.78883 0.105768 1.39979 0.503 3.85853 0.401559 
600.11 78.5875 13.0746 12.8732 0.372622 -5.67852 4.23694e-13 0.0546624 0.0003 3.47989 0.463263 
600.11 70.0047 13.3785 13.4219 -0.0456553 0.620085 0.0347261 1.39979 0.0003 2.21653 0.424588 
600.11 65.1467 13.5561 13.5582 0.0082694 0.411432 0.124478 1.39979 0.503 3.20065 -1.01352 
600.11 91.9002 12.6309 12.7519 -0.2319 -5.97651 3.6027e-20 0.0546624 0.0003 2.73577 0.00380617 
600.11 67.9055 13.4547 13.4355 0.0444083 0.845814 0.271306 1.39979 0.503 3.1519 -0.937887 
600.11 79.6418 13.0384 12.9946 0.0588961 -3.45295 8.45733e-17 0.0546624 0.0003 3.27305 -0.578579 
600.11 67.9677 13.4522 13.4508 0.00943996 1.76145 0.126759 1.39979 0.503 3.2425 0.917038 
600.11 93.7605 12.5711 12.623 -0.123674 -8.67858 6.25229e-19 0.0546624 0.0003 3.16553 -0.000214239 
600.11 60.645 13.7255 13.7698 -0.0772055 2.94094 0.0139373 1.39979 0.0003 1.812 0.0338738 
600.11 61.8249 13.6807 13.757 -0.152166 2.63033 0.0018031 1.39979 0.0003 1.86959 0.178096 
600.11 69.2257 13.4066 13.4036 0.00174418 1.72169 0.102619 1.39979 0.503 2.68895 -0.858358 
600.11 80.7611 13.0006 13.1846 -0.339087 -0.625351 5.51698e-18 0.0546624 0.0003 3.07087 -0.606231 
600.11 56.7935 13.8737 13.866 0.0194257 3.94499 0.157759 1.39979 0.503 2.88456 1.35645 
600.11 70.9669 13.3433 13.1745 0.318221 -2.54297 9.82309e-14 0.0546624 0.0003 2.21602 0.36624 
600.11 68.2183 13.4432 13.4379 0.011313 1.22595 0.130221 1.39979 0.503 3.93917 -0.0659598 
600.11 68.554 13.4307 13.4242 0.0192315 1.95398 0.158639 1.39979 0.503 3.54335 0.756721 
600.11 68.1904 13.4442 13.4201 0.0606938 1.11399 0.368597 1.39979 0.503 3.68185 0.650276 
600.11 65.8447 13.5303 13.5289 0.0047561 2.99926 0.111935 1.39979 0.503 3.86789 -0.51941 
600.11 66.632 13.501 13.4924 0.0181793 0.807807 0.153126 1.39979 0.503 2.56342 0.886074 
600.11 69.8553 13.3839 13.4106 -0.0209106 2.0822 0.0638952 1.39979 0.0003 3.88946 0.10165 
600.11 61.1687 13.7057 13.8157 -0.203159 3.75136 0.000473762 1.39979 0.0003 1.83781 0.120595 
600.11 80.4027 13.0127 13.2059 -0.369178 -2.59473 8.69444e-22 0.0546624 0.0003 2.47444 0.328435 
600.11 63.8636 13.6041 13.6878 -0.162348 1.8805 0.00138691 1.39979 0.0003 2.35723 -0.860512 
600.11 76.1998 13.1578 13.0637 0.191146 -3.04848 3.28666e-15 0.0546624 0.0003 3.08965 -0.722605 
600.11 66.2707 13.5145 13.4896 0.0529569 0.893984 0.315823 1.39979 0.503 2.01275 0.148367 
600.11 87.583 12.7712 12.8263 -0.14732 -5.46166 3.17558e-19 0.0546624 0.0003 3.41713 -0.0519396 
600.11 73.43 13.2558 13.4091 -0.275101 0.182926 6.97222e-05 1.39979 0.0003 2.70413 0.742774 
600.11 65.303 13.5504 13.6201 -0.143435 1.17277 0.00225559 1.39979 0.0003 2.98121 -1.02791 
600.11 58.0218 13.8261 13.8939 -0.133702 4.13413 0.00298037 1.39979 0.0003 1.73786 0.31104 
600.11 84.3384 12.8792 12.8667 0.00635284 -6.47579 2.10098e-17 0.0546624 0.0003 2.48589 -0.0277454 
600.11 61.4557 13.6946 13.6945 0.0050119 2.41211 0.113299 1.39979 0.503 2.65955 1.10661 
600.11 73.9701 13.2365 13.3686 -0.257693 -0.273061 1.37185e-11 0.0546624 0.0003 2.93033 0.782448 
600.11 89.8172 12.6982 12.671 0.0440211 -7.06279 5.93702e-17 0.0546624 0.0003 2.65363 0.00334895 
600.11 54.4942 13.9635 13.9583 0.00483005 4.80406 0.110173 1.39979 0.503 2.6629 1.46407 
600.11 62.7113 13.6471 13.6375 0.0171718 1.97079 0.14865 1.39979 0.503 3.65722 0.898434 
600.11 63.5803 13.6145 13.5831 0.064569 1.85327 0.388382 1.39979 0.503 3.04745 1.08255 
600.11 70.1708 13.3723 13.3751 0.00293937 0.115259 0.108417 1.39979 0.503 3.39634 0.793508 
600.11 92.9323 12.5975 12.5761 0.021306 -8.66908 3.12311e-17 0.0546624 0.0003 2.92893 0.202831 
600.11 67.7154 13.4617 13.5514 -0.149086 2.83616 0.0021273 1.39979 0.0003 3.90913 -0.29445 
600.11 67.8789 13.4555 13.3723 0.182493 1.56231 0.940996 1.39979 0.503 2.85909 0.940628 
600.11 76.5687 13.145 13.2117 -0.143217 -1.18693 3.77981e-19 0.0546624 0.0003 3.09334 0.7125 
600.11 76.7876 13.1375 13.1278 0.0527834 -2.66581 8.50442e-17 0.0546624 0.0003 2.49211 0.500257 
600.11 89.9087 12.6952 12.6942 -0.0092519 -7.60433 1.40514e-17 0.0546624 0.0003 2.67729 0.116503 
600.11 63.7704 13.6076 13.5964 0.026279 2.12355 0.184047 1.39979 0.503 2.62618 1.01034 
600.11 64.7235 13.5722 13.4704 0.225324 0.403577 0.980881 1.39979 0.503 2.75899 1.01801 
600.11 85.5076 12.8404 12.9833 -0.268671 -2.56567 1.35014e-20 0.0546624 0.0003 2.54059 0.144726 
600.11 64.942 13.564 13.5585 0.00855287 1.51612 0.120739 1.39979 0.503 2.04256 0.404077 
600.11 59.9549 13.7518 13.7895 -0.0677589 3.1795 0.0177319 1.39979 0.0003 2.09103 0.807462 
600.11 90.2252 12.6852 12.8535 -0.331721 -5.7412 2.34932e-21 0.0546624 0.0003 3.33054 -0.0233054 
600.11 74.232 13.227 13.2984 -0.175044 -0.781401 1.51175e-19 0.0546624 0.0003 3.65236 0.425625 
600.11 90.2691 12.6837 12.8479 -0.318717 -5.38133 3.38924e-21 0.0546624 0.0003 2.67029 0.00326397 
600.11 82.9622 12.9253 12.7858 0.256721 -6.86196 1.82766e-14 0.0546624 0.0003 2.57998 -0.358995 
600.11 50.9748 14.1036 14.1019 0.00337587 6.29272 0.107726 1.39979 0.503 1.35539 1.02474 
600.11 73.334 13.2589 13.3066 -0.0968074 0.335833 0.00796941 1.39979 0.0003 3.33523 -0.728829 
600.11 81.7316 12.9674 13.0899 -0.241613 -3.37602 2.72103e-20 0.0546624 0.0003 2.47659 0.26131 
600.11 94.9342 12.5338 12.6195 -0.18823 -6.44439 1.09855e-19 0.0546624 0.0003 3.02371 -0.0292882 
600.11 66.7439 13.4972 13.484 0.0375525 0.858066 0.238007 1.39979 0.503 2.67705 0.929844 
600.11 63.1722 13.6301 13.6231 0.0236449 1.81605 0.17601 1.39979 0.503 2.02743 0.507585 
600.11 67.9358 13.4532 13.4524 -0.000717707 1.23368 0.0980131 1.39979 0.0003 2.87387 0.941263 
600.11 87.5826 12.7713 12.666 0.190442 -6.86451 3.0388e-15 0.0546624 0.0003 3.26554 0.325847 
600.11 64.319 13.5868 13.5849 0.00348083 2.68461 0.107938 1.39979 0.503 2.51954 0.943911 
600.11 79.2722 13.0516 13.2661 -0.397315 -2.47909 4.15788e-22 0.0546624 0.0003 2.99943 -0.648952 
600.11 67.4926 13.4697 13.4922 -0.042286 2.57338 0.034235 1.39979 0.0003 3.28686 -0.918503 
600.11 50.9703 14.1037 14.1024 0.00238009 6.39943 0.105057 1.39979 0.503 1.06246 -0.082734 
600.11 65.059 13.5596 13.5429 0.0398341 2.13048 0.24773 1.39979 0.503 2.34854 -0.805045 
600.11 65.9431 13.5269 13.5162 0.0189416 1.92918 0.15425 1.39979 0.503 2.06608 -0.379873 
600.11 63.5672 13.6152 13.6065 0.0128583 2.99567 0.133547 1.39979 0.503 1.91708 -0.045517 
600.11 78.4956 13.0784 13.2696 -0.354802 -1.05341 1.32136e-21 0.0546624 0.0003 2.34236 -0.122514 
600.11 78.4248 13.0803 12.8899 0.35347 -5.08711 2.52586e-13 0.0546624 0.0003 2.98932 -0.671104 
600.11 80.2769 13.0165 12.8333 0.338995 -5.84254 1.69928e-13 0.0546624 0.0003 2.42354 0.237314 
600.11 93.6497 12.5747 12.6978 -0.256724 -6.42874 1.7425e-20 0.0546624 0.0003 3.15847 0.0685626 
600.11 85.1703 12.8516 12.9644 -0.220294 -3.36165 4.87743e-20 0.0546624 0.0003 2.55367 -0.205461 
600.11 90.3228 12.6819 12.8147 -0.27218 -6.07571 1.1562e-20 0.0546624 0.0003 3.24908 0.213178 
600.11 67.593 13.4658 13.4564 0.0202609 1.65947 0.16092 1.39979 0.503 3.36318 -0.888186 
600.11 65.3354 13.5491 13.5481 0.00661544 1.27155 0.117852 1.39979 0.503 2.57297 -0.934318 
600.11 91.7038 12.6373 12.8214 -0.36254 -5.36809 1.0152e-21 0.0546624 0.0003 3.20171 -0.183698 
600.11 66.9009 13.4915 13.5645 -0.134309 1.32373 0.00301096 1.39979 0.0003 2.25418 0.635025 
600.11 63.0247 13.6356 13.6098 0.0595248 2.42788 0.359838 1.39979 0.503 4.00217 -0.459456 
600.11 63.9542 13.6005 13.5988 0.00396485 0.984897 0.108836 1.39979 0.503 2.29034 -0.802396 
600.11 68.2323 13.4428 13.4346 0.0164377 1.05454 0.146392 1.39979 0.503 2.79046 -0.917541 
600.11 76.8118 13.1365 13.1827 -0.0987699 -1.62693 1.26846e-18 0.0546624 0.0003 2.84501 -0.695289 
600.11 64.4644 13.5816 13.588 -0.00703645 1.52581 0.0847006 1.39979 0.0003 1.94575 0.0275038 
600.11 67.9656 13.4522 13.4435 0.0212587 1.13117 0.165667 1.39979 0.503 3.88691 0.33687 
600.11 66.6717 13.4997 13.4935 0.00460303 2.05115 0.109014 1.39979 0.503 3.31774 -0.934001 
600.11 81.1874 12.9855 12.9693 -0.00905741 -3.91175 1.3074e-17 0.0546624 0.0003 3.52011 -0.298318 
600.11 56.2684 13.894 13.9046 -0.0234661 4.27251 0.054921 1.39979 0.0003 2.21597 1.14761 
600.11 67.8667 13.4562 13.4846 -0.0249781 0.814785 0.0575807 1.39979 0.0003 2.04921 -0.0297483 
600.11 81.9414 12.9604 13.1077 -0.269618 -3.0259 1.34084e-20 0.0546624 0.0003 3.46513 0.345402 
600.11 66.7187 13.4981 13.4973 0.00574611 0.839619 0.114902 1.39979 0.503 2.11868 -0.440142 
600.11 65.8805 13.5291 13.5536 -0.0286243 2.05687 0.0510239 1.39979 0.0003 2.61968 -0.93588 
600.11 66.9638 13.4893 13.5446 -0.0735932 2.31938 0.0164726 1.39979 0.0003 2.24065 -0.615681 
600.11 62.433 13.6579 13.6289 0.0678503 1.89399 0.413883 1.39979 0.503 3.32617 1.07451 
600.11 69.8726 13.3832 13.4531 -0.115371 1.77316 0.00519836 1.39979 0.0003 2.15094 -0.282523 
600.11 66.678 13.4996 13.4376 0.137625 1.20384 0.825125 1.39979 0.503 3.01584 0.985948 
600.11 56.4672 13.8863 13.9304 -0.0895562 4.51173 0.00967952 1.39979 0.0003 1.82443 -0.720407 
600.11 66.6333 13.5014 13.4932 0.0168927 2.93438 0.147848 1.39979 0.503 2.97035 -0.987036 
600.11 62.8478 13.642 13.6221 0.0351454 2.80271 0.219752 1.39979 0.503 2.4598 0.967847 
600.11 86.7458 12.7992 12.9656 -0.340979 -5.04831 1.77045e-21 0.0546624 0.0003 3.16676 0.413166 
600.11 69.2361 13.4062 13.2016 0.387369 -2.47354 6.43175e-13 0.0546624 0.0003 3.85495 0.318781 
600.11 61.0185 13.7113 13.7089 0.0026016 2.28746 0.104994 1.39979 0.503 1.90478 -0.423818 
600.11 62.7735 13.6451 13.7283 -0.136074 2.63596 0.00302355 1.39979 0.0003 1.88932 -0.00446531 
600.11 85.8549 12.8289 13.0376 -0.39897 -3.71498 3.85512e-22 0.0546624 0.0003 2.67112 0.338079 
600.11 66.1971 13.5173 13.5078 0.0101323 2.29349 0.124075 1.39979 0.503 2.14672 0.523048 
600.11 83.0507 12.9223 13.0141 -0.220534 -4.25371 4.38884e-20 0.0546624 0.0003 2.4533 0.0613838 
600.11 51.8382 14.069 14.0689 0.00107106 5.97328 0.10185 1.39979 0.503 1.23503 0.135463 
600.11 67.0688 13.4851 13.3623 0.235997 -1.40427 1.07219e-14 0.0546624 0.0003 3.01599 0.974679 
600.11 70.4375 13.3627 13.4309 -0.132422 0.537438 0.00310425 1.39979 0.0003 2.44491 -0.682098 
600.11 88.0142 12.7572 12.6914 0.13763 -7.99873 7.78545e-16 0.0546624 0.0003 2.95465 0.404126 
600.11 66.3224 13.5128 13.6317 -0.232923 1.88874 0.000204754 1.39979 0.0003 2.67538 0.942463 
600.11 72.0839 13.3034 13.2816 0.0319145 -0.985502 4.26552e-17 0.0546624 0.0003 2.7211 0.787335 
600.11 85.8734 12.8281 12.9377 -0.228047 -5.26025 3.8106e-20 0.0546624 0.0003 2.67141 -0.337798 
600.11 87.621 12.7701 12.9037 -0.30668 -4.88052 4.19169e-21 0.0546624 0.0003 2.60314 -0.134511 
600.11 70.157 13.3728 13.281 0.19665 0.264229 0.958597 1.39979 0.503 3.54331 0.701059 
600.11 67.9041 13.4548 13.4307 0.0451111 1.79134 0.269148 1.39979 0.503 2.19326 0.502039 
600.11 84.5106 12.8733 12.7895 0.148396 -7.26023 9.74885e-16 0.0546624 0.0003 2.50054 0.103865 
600.11 78.9704 13.0619 13.2087 -0.278046 -0.234325 2.15684e-10 0.0546624 0.0003 2.43183 -0.329493 
600.11 71.3339 13.3302 13.3316 0.00532922 1.50753 0.114835 1.39979 0.503 3.77048 -0.37168 
600.11 73.3858 13.2573 13.4248 -0.306242 0.0162616 2.95985e-05 1.39979 0.0003 2.21696 0.167224 
600.11 63.3656 13.6227 13.622 0.00395512 2.79927 0.109575 1.39979 0.503 3.64072 0.88271 
600.11 66.6784 13.4995 13.5046 -0.0178312 0.848503 0.062531 1.39979 0.0003 2.46467 0.828356 
600.11 75.734 13.1742 13.1972 -0.0526966 -1.37585 4.40082e-18 0.0546624 0.0003 3.5752 0.465649 
600.11 92.4561 12.6129 12.7347 -0.254798 -7.54899 1.83326e-20 0.0546624 0.0003 2.95602 -0.234629 
600.11 52.7123 14.0342 14.0671 -0.0593746 6.00059 0.0220607 1.39979 0.0003 1.34126 -0.0249915 
600.11 66.7383 13.4973 13.446 0.116841 1.82422 0.72785 1.39979 0.503 2.48056 0.836539 
600.11 58.2528 13.8172 13.8184 0.00246547 3.41142 0.106304 1.39979 0.503 2.0806 -0.903514 
600.11 64.12 13.5943 13.582 0.0257456 3.38052 0.181135 1.39979 0.503 2.42754 0.898847 
600.11 64.6622 13.5744 13.5728 0.00280839 2.63476 0.105491 1.39979 0.503 1.96974 0.19299 
600.11 54.9259 13.9464 13.9808 -0.102 5.01915 0.00639273 1.39979 0.0003 1.5419 0.206124 
600.11 64.5332 13.579 13.5701 0.0184072 0.921059 0.153555 1.39979 0.503 2.89219 -1.04688 
600.11 64.6849 13.5734 13.5913 -0.0239835 3.02093 0.0562034 1.39979 0.0003 2.00992 0.342134 
600.11 65.5502 13.5413 13.5313 0.0284884 2.18127 0.195189 1.39979 0.503 2.83897 -1.00751 
600.11 79.352 13.0483 13.1202 -0.212192 -2.47128 5.08518e-20 0.0546624 0.0003 3.27922 0.584016 
600.11 92.2722 12.6189 12.7394 -0.236824 -5.5666 3.10504e-20 0.0546624 0.0003 2.76181 -0.0667519 
600.11 65.7147 13.535 13.5187 0.027289 1.31667 0.185247 1.39979 0.503 3.2356 0.987845 
600.11 67.1958 13.4803 13.2555 0.421208 -0.621918 1.61335e-12 0.0546624 0.0003 2.17828 0.517645 
600.11 65.5347 13.5417 13.5349 0.021499 2.51134 0.167559 1.39979 0.503 2.79454 -1.00003 
600.11 77.3357 13.1181 13.0028 0.212508 -3.72016 5.5555e-15 0.0546624 0.0003 2.38378 0.330134 
600.11 65.1713 13.5554 13.5523 0.00945859 1.68955 0.125389 1.39979 0.503 2.83713 1.01912 
600.11 73.6232 13.2489 13.4632 -0.396394 -0.20456 1.22109e-09 0.0546624 0.0003 2.60254 -0.687908 
600.11 67.5286 13.4683 13.4993 -0.0695489 0.978977 0.0162394 1.39979 0.0003 2.73776 0.924774 
600.11 77.9259 13.0975 12.917 0.337197 -5.01235 1.63193e-13 0.0546624 0.0003 2.31819 0.0545382 
600.11 75.823 13.1714 13.3277 -0.286076 -0.0267666 1.37772e-05 0.0546624 0.0003 3.14532 0.723107 
600.11 63.7189 13.6096 13.6098 0.00910954 2.94641 0.125819 1.39979 0.503 4.0308 -0.317987 
600.11 79.8015 13.0332 13.1484 -0.234656 -2.10032 3.2216e-20 0.0546624 0.0003 3.45678 -0.441734 
600.11 70.7127 13.3526 13.3804 -0.0660005 -1.22524 3.04198e-18 0.0546624 0.0003 2.15224 -0.204265 
600.11 66.0072 13.5243 13.5249 0.00989996 0.910446 0.129312 1.39979 0.503 3.85055 -0.538 
600.11 58.793 13.7963 13.8244 -0.0611785 3.39717 0.0204167 1.39979 0.0003 1.90082 0.625965 
600.11 82.2732 12.9486 12.7767 0.317278 -5.95961 9.41562e-14 0.0546624 0.0003 3.52381 -0.227263 
600.11 80.5704 13.0065 12.8386 0.306767 -6.91625 7.0254e-14 0.0546624 0.0003 2.44552 -0.267818 
600.11 65.6045 13.5392 13.5395 0.00221986 2.25996 0.105796 1.39979 0.503 2.64754 0.956008 
600.11 63.5711 13.615 13.5763 0.0865921 2.24243 0.540129 1.39979 0.503 1.96693 0.328219 
600.11 65.0523 13.5595 13.5493 0.019451 1.56085 0.157079 1.39979 0.503 3.57393 0.862458 
600.11 83.3024 12.9139 12.8134 0.182724 -5.32807 2.47642e-15 0.0546624 0.0003 2.4609 0.0675371 
600.11 89.7998 12.699 12.8627 -0.312898 -4.75569 4.01911e-21 0.0546624 0.0003 2.90086 -0.33221 
600.11 70.2305 13.3698 13.1765 0.363407 -2.17065 3.34567e-13 0.0546624 0.0003 3.71964 -0.515699 
600.11 64.1547 13.5931 13.5276 0.144565 1.89447 0.850452 1.39979 0.503 4.03678 0.242275 
600.11 64.7035 13.5726 13.5718 0.00755571 1.8952 0.120884 1.39979 0.503 2.61888 -0.975145 
600.11 66.5715 13.5035 13.4967 0.0165311 2.22322 0.148128 1.39979 0.503 2.68837 0.939063 
600.11 87.313 12.7802 12.731 0.0780833 -5.8114 1.45197e-16 0.0546624 0.0003 3.37825 0.201566 
600.11 71.9623 13.3075 13.0959 0.394534 -2.27703 7.75111e-13 0.0546624 0.0003 3.18917 0.817038 
600.11 65.3498 13.5484 13.3826 0.31669 -0.0965034 9.51975e-14 0.0546624 0.0003 2.62128 0.954457 
600.11 65.4661 13.5441 13.5394 0.00703358 2.26924 0.117057 1.39979 0.503 3.00903 -1.02323 
600.11 75.5714 13.1796 13.007 0.313274 -4.92935 8.33236e-14 0.0546624 0.0003 2.55335 0.595576 
600.11 76.1814 13.1588 13.3537 -0.359223 -0.700018 7.20062e-19 0.0546624 0.0003 2.31485 -0.247055 
600.11 67.2448 13.4787 13.379 0.208928 -0.360267 5.41854e-15 0.0546624 0.0003 3.4113 0.878015 
600.11 64.2347 13.59 13.5703 0.0442988 1.25049 0.270557 1.39979 0.503 2.48309 0.927775 
600.11 88.3725 12.7454 12.7209 0.0288876 -7.58059 3.84665e-17 0.0546624 0.0003 3.39401 -0.0314733 
600.11 71.1928 13.3352 13.1704 0.310304 -2.87486 7.92009e-14 0.0546624 0.0003 3.53218 0.674562 
600.11 68.1443 13.4455 13.2195 0.422445 -0.738612 1.66485e-12 0.0546624 0.0003 2.93358 -0.941346 
600.11 74.841 13.2055 13.1186 0.174043 -2.15254 2.05374e-15 0.0546624 0.0003 2.23997 -0.0690023 
600.11 68.1778 13.4447 13.5341 -0.16958 0.924313 0.00115332 1.39979 0.0003 3.27969 -0.899947 
600.11 86.2089 12.8171 12.9557 -0.259071 -2.65109 1.75842e-20 0.0546624 0.0003 3.45455 -0.078905 
600.11 86.132 12.8195 12.814 0.0290353 -5.40889 4.28308e-17 0.0546624 0.0003 2.70923 0.361242 
600.11 65.95 13.5264 13.5157 0.0208859 2.79454 0.16103 1.39979 0.503 3.15957 0.995355 
600.11 63.4237 13.6207 13.7398 -0.219262 2.6765 0.000307858 1.39979 0.0003 2.68148 1.04095 
600.11 71.2002 13.3351 13.3265 0.00892233 0.417732 0.121155 1.39979 0.503 3.18772 0.837957 
600.11 65.7995 13.5319 13.5073 0.0590712 2.33213 0.359198 1.39979 0.503 2.33301 -0.762227 
600.11 93.9627 12.5647 12.6525 -0.187766 -8.54288 1.12623e-19 0.0546624 0.0003 2.89197 0.105669 
600.11 65.8639 13.5298 13.3111 0.430314 0.180982 0.997925 1.39979 0.503 3.87438 0.506764 
600.11 63.3647 13.6228 13.6163 0.013673 1.32784 0.137617 1.39979 0.503 1.9458 0.279229 
600.11 65.4974 13.5429 13.3217 0.416652 -0.976458 1.43179e-12 0.0546624 0.0003 3.30679 0.975186 
600.11 70.6287 13.3555 13.3311 0.0369187 0.72427 0.224082 1.39979 0.503 2.38208 -0.618711 
600.11 82.9816 12.9247 12.7855 0.256127 -6.53301 1.79837e-14 0.0546624 0.0003 3.54276 0.100624 
600.11 64.7852 13.5694 13.5269 0.098261 2.3014 0.619624 1.39979 0.503 3.98562 -0.345011 
600.11 69.4139 13.3995 13.2847 0.248796 0.33649 0.989766 1.39979 0.503 3.42567 -0.801907 
600.11 71.7282 13.3159 13.0936 0.412699 -3.63638 1.26748e-12 0.0546624 0.0003 2.56412 0.723787 
600.11 75.48 13.1833 13.3365 -0.293454 0.0887452 4.03089e-05 1.39979 0.0003 3.06424 0.743674 
600.11 67.4369 13.4716 13.4651 0.0242283 1.94354 0.179265 1.39979 0.503 2.05854 -0.205789 
600.11 62.7778 13.6446 13.6405 0.00365554 1.35921 0.107405 1.39979 0.503 2.08558 0.630907 
600.11 69.307 13.4035 13.4154 -0.0297399 1.79594 0.0463416 1.39979 0.0003 3.21113 0.885844 
600.11 71.2188 13.3345 13.4037 -0.135179 1.04901 0.00287492 1.39979 0.0003 2.82674 0.840599 
600.11 81.6257 12.971 13.1488 -0.344152 -1.81694 1.70002e-21 0.0546624 0.0003 3.49469 -0.317396 
600.11 64.6094 13.5764 13.5583 0.0362684 0.720102 0.22566 1.39979 0.503 2.05418 -0.455883 
600.11 82.2777 12.949 13.1539 -0.380985 -1.38349 6.46581e-22 0.0546624 0.0003 3.27639 -0.498996 
600.11 65.2627 13.5521 13.5459 0.0183111 2.90898 0.154407 1.39979 0.503 1.97483 0.090908 
600.11 65.6417 13.538 13.4507 0.184563 0.215576 0.942823 1.39979 0.503 2.42682 -0.840648 
600.11 67.6913 13.4621 13.2502 0.398586 -0.75977 8.73191e-13 0.0546624 0.0003 2.96987 0.956245 
600.11 63.1188 13.6319 13.6253 0.0104107 2.18682 0.126481 1.39979 0.503 3.9802 -0.496787 
600.11 85.0105 12.8567 12.8767 -0.054766 -4.59334 4.07331e-18 0.0546624 0.0003 3.19242 -0.457181 
600.11 55.8382 13.9108 13.9166 -0.0137948 4.67864 0.0701735 1.39979 0.0003 1.85124 -0.825697 
600.11 67.485 13.47 13.4577 0.0282869 0.669334 0.19223 1.39979 0.503 2.47908 -0.809279 
600.11 67.2066 13.4802 13.4897 -0.0174317 0.404665 0.0646836 1.39979 0.0003 3.14024 0.960446 
600.11 64.4987 13.5801 13.5737 0.0111386 1.17437 0.129183 1.39979 0.503 2.02539 0.400001 
600.11 66.9917 13.4882 13.3532 0.289197 0.352037 0.996563 1.39979 0.503 3.57772 -0.787576 
600.11 71.3004 13.3318 13.3623 -0.0271803 0.547396 0.0547586 1.39979 0.0003 2.16869 -0.203918 
600.11 64.9394 13.564 13.562 0.00643678 1.81864 0.116591 1.39979 0.503 3.59999 0.84888 
600.11 85.4222 12.8433 12.9595 -0.219184 -4.57717 5.11612e-20 0.0546624 0.0003 2.69073 -0.372433 
600.11 67.7203 13.4611 13.4532 0.00772365 1.90999 0.117941 1.39979 0.503 2.10607 -0.338512 
600.11 70.8315 13.3481 13.1852 0.307368 -1.80723 7.32301e-14 0.0546624 0.0003 2.1794 0.285844 
600.11 66.7615 13.4963 13.4965 0.00487354 1.4259 0.11326 1.39979 0.503 3.98311 -0.0373246 
600.11 70.072 13.3758 13.3609 0.0309761 0.289356 0.202966 1.39979 0.503 2.11203 0.0499195 
600.11 81.4211 12.9781 13.0986 -0.207082 -2.41297 7.5404e-20 0.0546624 0.0003 2.97209 -0.592425 
600.11 91.0905 12.6568 12.6804 -0.0771001 -7.92863 2.14406e-18 0.0546624 0.0003 2.9959 0.298558 
600.11 75.6208 13.1783 13.2792 -0.200784 -0.649581 8.18535e-20 0.0546624 0.0003 3.74273 -0.0151744 
600.11 65.1323 13.5565 13.5476 0.0116429 1.87969 0.129861 1.39979 0.503 3.661 0.794708 
600.11 78.4387 13.08 13.0922 -0.0405109 -4.05929 5.96542e-18 0.0546624 0.0003 2.41036 0.31957 
600.11 86.5583 12.8053 12.8774 -0.159176 -5.67401 2.42315e-19 0.0546624 0.0003 3.42901 -0.13982 
600.11 82.6559 12.9358 12.8597 0.141473 -5.7228 8.26269e-16 0.0546624 0.0003 3.54776 -0.119624 
600.11 75.8255 13.1707 12.9644 0.382553 -4.45303 5.56536e-13 0.0546624 0.0003 2.70908 -0.678139 
600.11 71.97 13.3078 13.4432 -0.237123 2.09831 0.000197239 1.39979 0.0003 3.22625 -0.806901 
600.11 67.4822 13.4701 13.4768 -0.00236523 0.564846 0.0962339 1.39979 0.0003 2.24348 0.595111 
600.11 64.1835 13.5921 13.4996 0.212979 1.26648 0.97402 1.39979 0.503 2.86969 1.05548 
600.11 68.3291 13.4392 13.435 0.0130797 1.09884 0.137095 1.39979 0.503 3.53696 0.769601 
600.11 82.1856 12.9516 12.8505 0.184126 -6.18841 2.57309e-15 0.0546624 0.0003 3.33389 -0.465981 
600.11 61.9672 13.6752 13.6654 0.0202254 2.09941 0.159977 1.39979 0.503 2.04292 0.617655 
600.11 72.4329 13.2911 13.3637 -0.137602 0.351153 0.00272557 1.39979 0.0003 2.51358 -0.667435 
600.11 63.6856 13.6105 13.5938 0.0303819 2.4549 0.199257 1.39979 0.503 2.86046 1.07097 
600.11 67.3875 13.4735 13.4741 0.0049471 2.3571 0.113475 1.39979 0.503 3.80611 0.531511 
600.11 87.6812 12.7681 12.7495 0.0166197 -7.07424 2.75789e-17 0.0546624 0.0003 2.59076 -0.0810379 
600.11 67.6032 13.4654 13.4625 0.00585313 0.837145 0.114519 1.39979 0.503 2.14441 -0.433792 
600.11 50.0525 14.1407 14.1406 0.000181746 6.73259 0.0996709 1.39979 0.503 0.428076 -0.0425917 
600.11 66.6594 13.5004 13.4937 0.0158709 2.26651 0.14518 1.39979 0.503 2.67672 0.932207 
600.11 76.6943 13.1408 13.2374 -0.174596 -1.27025 1.7446e-19 0.0546624 0.0003 2.28713 -0.0581892 
600.11 63.6995 13.6103 13.6062 0.0163456 1.69972 0.148579 1.39979 0.503 1.92454 0.0959873 
600.11 66.3651 13.5112 13.4335 0.170831 0.805229 0.920853 1.39979 0.503 3.96765 0.233995 
600.11 52.2359 14.0531 14.0502 0.00641213 5.98133 0.115964 1.39979 0.503 2.08891 -1.45326 
600.11 71.0243 13.3414 13.3796 -0.0858809 0.202444 0.010453 1.39979 0.0003 3.16657 0.847364 
600.11 73.3028 13.2599 13.2507 0.0255936 1.02897 0.182921 1.39979 0.503 2.42621 0.562147 
600.11 64.8422 13.5675 13.5547 0.0193287 1.96106 0.15445 1.39979 0.503 2.24775 0.721731 
600.11 94.8429 12.5366 12.5948 -0.125804 -7.6999 6.06096e-19 0.0546624 0.0003 2.94355 -0.0152949 
600.11 81.7412 12.9669 13.0341 -0.148231 -5.17158 3.26821e-19 0.0546624 0.0003 2.51956 -0.333523 
600.11 75.8823 13.1687 12.9653 0.377411 -5.33266 4.84123e-13 0.0546624 0.0003 2.89707 -0.729218 
600.11 94.5584 12.5456 12.5696 -0.0624516 -7.99876 3.31316e-18 0.0546624 0.0003 2.95339 0.0867493 
600.11 78.155 13.0898 13.0853 -0.00624402 -4.43507 1.50791e-17 0.0546624 0.0003 2.85063 -0.661311 
600.11 65.2366 13.5529 13.5513 0.00445207 2.33656 0.110803 1.39979 0.503 3.16366 -1.0171 
600.11 71.6628 13.3182 13.0989 0.408326 -2.76151 1.12788e-12 0.0546624 0.0003 3.84501 -0.0526238 
600.11 65.9938 13.5247 13.509 0.0284448 1.80092 0.190611 1.39979 0.503 4.00382 0.0794123 
600.11 59.832 13.7564 13.7525 0.00707506 2.98113 0.117201 1.39979 0.503 1.85383 -0.420787 
600.11 85.9468 12.8258 12.9383 -0.202951 -3.52964 8.16509e-20 0.0546624 0.0003 3.17193 0.436345 
600.11 65.4666 13.5444 13.5049 0.0903191 1.5794 0.565322 1.39979 0.503 2.05771 -0.398296 
600.11 83.1085 12.9207 13.0107 -0.190913 -4.60588 1.03704e-19 0.0546624 0.0003 3.54786 0.0234829 
600.11 70.7328 13.3517 13.1436 0.389114 -1.94239 6.70813e-13 0.0546624 0.0003 2.67226 0.807705 
600.11 85.5741 12.8381 12.9417 -0.202614 -4.53075 7.86401e-20 0.0546624 0.0003 2.65453 -0.333004 
600.11 69.7323 13.388 13.4083 -0.0486645 0.816644 0.0281585 1.39979 0.0003 3.55355 0.70819 
600.11 82.7836 12.9319 13.1489 -0.405484 -2.84934 3.29882e-22 0.0546624 0.0003 3.35218 0.431425 
600.11 90.9075 12.6629 12.789 -0.258621 -6.9533 1.67184e-20 0.0546624 0.0003 3.02441 -0.304607 
600.11 70.1086 13.3743 13.4249 -0.115328 0.346997 0.00471142 1.39979 0.0003 2.46844 0.712029 
600.11 60.1196 13.7455 13.768 -0.0361329 2.97491 0.0408106 1.39979 0.0003 3.98069 -0.707414 
600.11 69.0349 13.4132 13.2929 0.22756 -0.4526 8.46734e-15 0.0546624 0.0003 3.85751 0.32881 
600.11 81.2184 12.9844 12.8182 0.307272 -7.27725 7.18978e-14 0.0546624 0.0003 3.53252 0.273888 
600.11 79.0084 13.0605 13.1665 -0.214374 -0.655694 5.61522e-20 0.0546624 0.0003 3.65558 0.0205867 
600.11 67.9314 13.4533 13.224 0.427712 -1.41355 1.91851e-12 0.0546624 0.0003 3.13931 -0.939529 
600.11 69.4529 13.3983 13.4597 -0.118227 0.688464 0.00455597 1.39979 0.0003 2.1184 -0.211094 
600.11 65.4671 13.5446 13.5638 -0.0125007 1.50352 0.077462 1.39979 0.0003 2.37472 0.809445 
600.11 68.0491 13.4493 13.4391 0.0165769 1.56691 0.14581 1.39979 0.503 2.89725 -0.940595 
600.11 66.3521 13.5116 13.5111 0.00520617 1.30357 0.113222 1.39979 0.503 3.98571 -0.143804 
600.11 69.6897 13.3895 13.3672 0.055642 1.34677 0.338888 1.39979 0.503 2.32689 -0.597765 
600.11 93.9183 12.5662 12.571 -0.0170121 -9.24132 1.14372e-17 0.0546624 0.0003 2.93465 0.139669 
600.11 68.6548 13.4275 13.416 0.0234011 0.755039 0.17098 1.39979 0.503 3.6836 0.628674 
600.11 69.7009 13.389 13.2993 0.156705 -2.48372 1.20995e-15 0.0546624 0.0003 2.11533 -0.164692 
600.11 64.4829 13.5809 13.5781 0.0118844 2.79267 0.133579 1.39979 0.503 3.92679 -0.502131 
600.11 65.689 13.5362 13.6136 -0.144857 2.15125 0.00225391 1.39979 0.0003 2.06865 0.406193 
600.11 61.7303 13.6844 13.6808 0.00554208 2.69087 0.112733 1.39979 0.503 1.85855 0.119684 
600.11 67.5888 13.466 13.4632 0.00643073 1.54027 0.116301 1.39979 0.503 2.79026 0.936094 
600.11 68.3973 13.4365 13.4361 0.0092664 1.34166 0.126753 1.39979 0.503 2.43953 0.750114 
600.11 94.4595 12.5488 12.6513 -0.228269 -8.51873 3.65854e-20 0.0546624 0.0003 2.94298 -0.092811 
600.11 78.5961 13.0749 13.2953 -0.408327 -0.965247 7.23174e-22 0.0546624 0.0003 3.28247 -0.603525 
600.11 51.1117 14.0981 14.1012 -0.00249354 6.37492 0.0941952 1.39979 0.0003 1.16652 -0.514215 
600.11 90.9745 12.6607 12.7213 -0.13896 -7.32173 4.15814e-19 0.0546624 0.0003 3.01344 0.302778 
600.11 63.2825 13.6258 13.6361 -0.0225817 2.66868 0.0562268 1.39979 0.0003 3.84822 0.690169 
600.11 91.3428 12.6489 12.8437 -0.380605 -6.95168 6.23836e-22 0.0546624 0.0003 2.7228 -0.0781248 
600.11 52.8594 14.0282 14.0305 -0.00550754 5.70868 0.0864868 1.39979 0.0003 1.3666 0.181576 
600.11 50 14.1429 14.1429 1.26912e-06 6.74943 0.099235 1.39979 0.0003 0.314448 -2.9242 
600.11 82.4251 12.9435 12.8695 0.129907 -5.57355 5.92651e-16 0.0546624 0.0003 2.43359 -0.0226489 
600.11 88.6675 12.7357 12.6846 0.0848104 -5.98719 1.75462e-16 0.0546624 0.0003 3.2789 -0.266378 
600.11 64.3926 13.5843 13.584 0.00778967 2.96553 0.121398 1.39979 0.503 2.62685 0.989093 
600.11 94.2057 12.5568 12.5906 -0.088116 -7.44911 1.63011e-18 0.0546624 0.0003 3.03408 0.127812 
600.11 64.1865 13.5918 13.5843 0.0166848 1.4059 0.148165 1.39979 0.503 2.25122 0.755595 
600.11 61.4861 13.6935 13.6865 0.0150202 3.02125 0.14208 1.39979 0.503 1.88966 0.324429 
600.11 66.5749 13.5036 13.4827 0.0403263 1.962 0.244547 1.39979 0.503 2.94631 -0.98767 
600.11 66.2709 13.5148 13.5146 0.00798337 1.86428 0.121845 1.39979 0.503 3.89896 0.434677 
600.11 67.1198 13.4835 13.4611 0.0541792 1.32043 0.328516 1.39979 0.503 2.88582 -0.966255 
600.11 64.5001 13.5803 13.523 0.126044 1.37578 0.772751 1.39979 0.503 2.73689 -1.02011 
600.11 65.6257 13.5385 13.5327 0.00934269 2.19801 0.124046 1.39979 0.503 2.99123 1.018 
600.11 79.4672 13.0447 13.1662 -0.253131 -3.08184 1.92272e-20 0.0546624 0.0003 2.81634 0.617349 
600.11 64.4976 13.5805 13.5406 0.0913816 2.13948 0.571668 1.39979 0.503 2.81226 1.03649 
600.11 65.2223 13.5532 13.546 0.0175062 1.96462 0.1509 1.39979 0.503 3.30449 0.984788 
600.11 89.5717 12.7061 12.6857 0.0203666 -7.99755 3.0526e-17 0.0546624 0.0003 3.17939 0.306419 
600.11 65.5533 13.5409 13.3097 0.433659 -0.810295 2.27051e-12 0.0546624 0.0003 3.19263 -1.00224 
600.11 83.2183 12.9167 12.7978 0.208748 -5.18222 4.88266e-15 0.0546624 0.0003 3.5089 -0.196832 
600.11 89.8963 12.6959 12.7346 -0.0494298 -6.00178 5.28404e-18 0.0546624 0.0003 2.66354 -0.0679358 
600.11 69.058 13.4123 13.3642 0.099763 0.140198 0.623295 1.39979 0.503 2.22285 0.48828 
600.11 73.8544 13.2403 13.1633 0.139755 -2.06003 7.81522e-16 0.0546624 0.0003 3.77838 0.127717 
600.11 68.9314 13.4174 13.5237 -0.178353 1.8677 0.000974109 1.39979 0.0003 2.72115 0.877712 
600.11 73.8772 13.2399 13.4099 -0.309136 -0.371842 3.56675e-13 0.0546624 0.0003 2.39287 -0.502107 
600.11 76.4299 13.1498 13.1572 -0.0284459 -2.37372 8.31633e-18 0.0546624 0.0003 2.35155 -0.317967 
600.11 65.1039 13.558 13.4022 0.330754 0.605356 0.998885 1.39979 0.503 3.93764 0.436889 
600.11 67.524 13.4685 13.3965 0.153683 2.01628 0.877689 1.39979 0.503 2.9438 0.959508 
600.11 70.9707 13.3431 13.3421 -0.0556864 -0.831663 3.56789e-18 0.0546624 0.0003 3.69409 0.516573 
600.11 74.8033 13.2068 13.1726 0.0546792 -2.4118 7.84713e-17 0.0546624 0.0003 3.7443 -0.17294 
600.11 91.7444 12.6359 12.7446 -0.221319 -7.92153 4.63248e-20 0.0546624 0.0003 2.99437 -0.271111 
600.11 70.2484 13.3691 13.2067 0.299417 -1.90446 5.7971e-14 0.0546624 0.0003 3.26134 0.845382 
600.11 68.5596 13.4305 13.4348 0.00305648 1.18352 0.109851 1.39979 0.503 2.41966 0.728933 
600.11 64.8391 13.5674 13.3835 0.345392 -1.09789 2.04846e-13 0.0546624 0.0003 1.96482 -0.126708 
600.11 65.2504 13.5525 13.5666 -0.00878563 2.42002 0.0836146 1.39979 0.0003 2.18111 -0.624114 
