600.11 50 14.1429 14.1429 1.67381e-08 0.000150989 0.099232 1.39979 0.0003 0.79915 -4.16267 
600.11 50 14.1429 14.1429 -1.5869e-09 -0.000634129 0.0985532 0.0546624 0.0003 -0.258098 -3.79745 
600.11 50 14.1429 14.1429 -2.2359e-06 -0.000218869 0.0985636 0.0546624 0.0003 -0.0358364 1.98926 
600.11 49.9995 14.1429 14.1429 1.7623e-05 8.57403e-05 0.099274 1.39979 0.0003 -1.92428 3.04787 
600.11 50 14.1429 14.1429 -1.92992e-07 1.27244e-05 0.0992315 1.39979 0.0003 -1.07587 3.94185 
600.11 50 14.1429 14.1429 -9.51029e-12 -3.38147e-05 0.0985532 0.0546624 0.0003 0.393801 -3.88071 
600.11 49.9993 14.1429 14.1429 -3.76714e-05 0.000387834 0.0991411 1.39979 0.0003 -0.344136 1.72473 
600.11 50 14.1429 14.1429 1.83156e-06 0.000389704 0.0992364 1.39979 0.0003 1.2068 -3.53874 
600.11 49.998 14.1429 14.143 -8.15532e-05 0.00123424 0.0990235 1.39979 0.0003 -0.12385 0.325804 
600.11 50 14.1429 14.1429 -3.51676e-08 8.59915e-05 0.0992319 1.39979 0.0003 0.500867 -3.28063 
600.11 50 14.1429 14.1429 2.38631e-06 0.000615418 0.0992378 1.39979 0.0003 1.54359 3.54726 
600.11 50.0019 14.1428 14.1428 -2.67208e-06 -6.98843e-05 0.0985581 0.0546624 0.0003 0.174317 -1.34451 
600.11 50.0008 14.1428 14.1428 -2.44621e-05 0.000166422 0.0991738 1.39979 0.0003 1.3016 -2.80821 
600.11 50 14.1429 14.1429 1.61762e-07 0.000161959 0.0992323 1.39979 0.0003 0.0523213 3.2474 
600.11 50.0009 14.1428 14.1428 0.000118046 -0.00124168 0.0980044 0.0546624 0.0003 2.66726 3.24286 
600.11 49.9997 14.1429 14.1429 -0.000123604 0.00128153 0.0989337 1.39979 0.0003 -0.0766445 0.405142 
600.11 50 14.1429 14.1429 1.91243e-08 0.000163856 0.099232 1.39979 0.0003 -0.804778 -3.49912 
600.11 49.9999 14.1429 14.1429 -4.14491e-06 0.000209234 0.099222 1.39979 0.0003 -2.36664 3.4692 
600.11 50 14.1429 14.1429 -3.53943e-08 0.000210239 0.0992319 1.39979 0.0003 1.11108 3.51351 
600.11 50.0025 14.1428 14.1428 -0.00012508 -0.000789637 0.0991261 0.0546624 0.0003 0.232679 1.38878 
600.11 50.0002 14.1428 14.1429 -2.66431e-06 0.000167273 0.0992255 1.39979 0.0003 0.111772 1.93004 
600.11 49.9998 14.1429 14.1429 -3.24645e-06 -5.74144e-05 0.0985681 0.0546624 0.0003 -1.54833 -3.03495 
600.11 50 14.1429 14.1429 -2.11287e-09 -0.000128735 0.0985532 0.0546624 0.0003 -1.00682 3.90539 
600.11 49.998 14.1429 14.1428 0.000210654 -0.000450342 0.0975853 0.0546624 0.0003 -0.155508 0.723523 
600.11 50 14.1429 14.1429 3.03848e-08 0.000176227 0.099232 1.39979 0.0003 0.399402 -3.63373 
600.11 50 14.1429 14.1429 -9.10199e-08 -0.00014047 0.0985536 0.0546624 0.0003 -0.116048 -3.26115 
600.11 50 14.1429 14.1429 -1.83625e-09 -5.92076e-05 0.0985532 0.0546624 0.0003 -0.69397 3.89232 
600.11 50 14.1429 14.1429 -5.39368e-06 0.000448746 0.0992188 1.39979 0.0003 -0.464969 2.89718 
600.11 50.0001 14.1429 14.1429 -4.07826e-06 -2.48852e-06 0.0985719 0.0546624 0.0003 0.20652 -2.26749 
600.11 50 14.1429 14.1429 -9.28964e-08 0.000130967 0.0992317 1.39979 0.0003 -1.06886 3.23186 
600.11 50.0041 14.1427 14.1428 -0.000153319 -0.000845599 0.0992501 0.0546624 0.0003 0.353874 1.45049 
600.11 50.0001 14.1429 14.1429 -1.78341e-05 5.90415e-05 0.0991891 1.39979 0.0003 0.00390431 -1.7231 
600.11 49.9988 14.1429 14.1429 2.20991e-05 0.000618016 0.0992908 1.39979 0.0003 -0.150037 -1.00403 
600.11 49.9994 14.1429 14.1428 8.21843e-05 7.3025e-05 0.0994332 1.39979 0.0388044 -0.107185 0.959033 
600.11 50 14.1429 14.1429 1.41857e-07 0.000100716 0.0992323 1.39979 0.0003 -0.440635 2.8957 
600.11 49.9997 14.1429 14.1429 -3.19505e-05 0.000822744 0.0991553 1.39979 0.0003 -0.075442 -0.164244 
600.11 49.999 14.1429 14.1429 2.5003e-05 -0.000127175 0.0984368 0.0546624 0.0003 -0.261373 1.46028 
600.11 50.0009 14.1428 14.1428 -1.28852e-05 -0.000361981 0.0986103 0.0546624 0.0003 2.3167 3.18641 
600.11 50 14.1429 14.1429 1.45341e-09 0.000310109 0.099232 1.39979 0.0003 -0.245537 3.49558 
600.11 49.9999 14.1429 14.1429 -1.48686e-07 -0.00022105 0.0985541 0.0546624 0.0003 -2.21821 -3.34299 
600.11 50.0054 14.1426 14.1427 -0.000132192 -0.00161546 0.0991711 0.0546624 0.0003 2.84884 2.97156 
600.11 49.9996 14.1429 14.1429 9.81164e-06 -6.70844e-05 0.0985083 0.0546624 0.0003 -0.241505 1.72175 
600.11 49.9955 14.143 14.1428 0.000370538 -0.000775333 0.0968629 0.0546624 0.0003 -0.181769 0.114106 
600.11 50 14.1429 14.1429 4.72097e-06 6.91325e-06 0.0992434 1.39979 0.0003 0.0775235 2.43182 
600.11 50 14.1429 14.1428 0.000135966 -0.000657576 0.0979276 0.0546624 0.0003 -0.0655718 -1.20308 
600.11 50 14.1429 14.1429 5.79983e-07 4.32908e-05 0.0992333 1.39979 0.0003 -0.804754 -3.00359 
600.11 50.0006 14.1428 14.1428 8.65688e-05 -0.000345932 0.0981533 0.0546624 0.0003 2.28958 -3.23452 
600.11 49.9996 14.1429 14.1429 1.45435e-05 0.000621341 0.0992666 1.39979 0.0003 -1.32526 2.80552 
600.11 49.9997 14.1429 14.1429 -1.43758e-05 0.000372269 0.0991972 1.39979 0.0003 -1.59001 -2.98631 
600.11 50 14.1429 14.1429 4.33591e-06 0.000571864 0.0992425 1.39979 0.0003 -0.0646431 -2.6273 
600.11 49.9975 14.143 14.1429 3.06529e-05 0.00100485 0.0993045 1.39979 0 -2.77729 2.96255 
600.11 50.0057 14.1426 14.1427 -0.000124099 -0.00115684 0.0991223 0.0546624 0.0003 0.528908 1.64174 
600.11 49.9981 14.1429 14.143 -0.000106535 0.00203236 0.098977 1.39979 0.0003 -0.119406 -0.231047 
600.11 50.0001 14.1429 14.1428 7.76715e-05 -1.3205e-05 0.0981934 0.0546624 0.0003 -0.0478823 -1.53335 
600.11 50 14.1429 14.1429 2.4442e-08 0.000228121 0.099232 1.39979 0.0003 -0.616785 3.22024 
600.11 50 14.1429 14.1429 1.64088e-08 8.76378e-05 0.099232 1.39979 0.0003 1.39166 -3.86413 
600.11 50.0024 14.1428 14.1429 -0.000191 0.000357943 0.0987714 1.39979 0.0003 0.0194831 0.565599 
600.11 49.9999 14.1429 14.1429 -1.04213e-05 0.000183506 0.0992067 1.39979 0.0003 -0.499211 -2.33647 
600.11 50.0021 14.1428 14.1427 0.000102128 -0.00132002 0.0980831 0.0546624 0.0003 1.783 2.87624 
600.11 49.9995 14.1429 14.1429 -2.04114e-05 0.000404226 0.0991827 1.39979 0.0003 -0.661145 -2.22996 
600.11 50.0001 14.1429 14.1428 4.18161e-05 6.53242e-05 0.099334 1.39979 0.00415637 0.286512 2.37784 
600.11 50 14.1429 14.1429 8.97681e-08 -5.42946e-05 0.0985527 0.0546624 0.0003 1.39155 3.98963 
600.11 49.9999 14.1429 14.1429 1.03523e-07 -5.48217e-05 0.0985527 0.0546624 0.0003 -1.56813 -3.17788 
600.11 50 14.1429 14.1429 -3.72954e-07 0.000104815 0.099231 1.39979 0.0003 -0.836437 -3.47702 
600.11 50.013 14.1423 14.1424 -0.00015901 -0.00489721 0.0992848 0.0546624 0.0003 0.455498 -1.2287 
600.11 49.9988 14.1429 14.1429 -5.34204e-05 0.00113845 0.0991028 1.39979 0.0003 -0.391438 -1.65574 
600.11 50.0014 14.1428 14.1428 -6.35269e-06 -0.000470816 0.098586 0.0546624 0.0003 0.230864 -1.57501 
600.11 50.0002 14.1429 14.1428 2.43362e-05 -0.000173212 0.0984406 0.0546624 0.0003 0.19279 -2.08259 
600.11 49.9915 14.1432 14.1431 0.000113223 0.00254375 0.0995047 1.39979 0.0635937 -0.26226 -0.161458 
600.11 50.002 14.1428 14.1427 7.1981e-05 -0.00113971 0.0982298 0.0546624 0.0003 0.273851 1.53799 
600.11 50.0001 14.1429 14.1429 2.25712e-06 -3.2268e-05 0.0985428 0.0546624 0.0003 2.02418 3.50627 
600.11 49.9924 14.1432 14.1429 0.000530424 0.000441161 0.100526 1.39979 0.345012 -0.245259 -0.0923935 
600.11 50.0019 14.1428 14.1428 -9.27416e-05 0.000126764 0.0990105 1.39979 0.0003 0.182448 1.37451 
600.11 50.0024 14.1428 14.1427 8.76059e-05 -0.00192642 0.0981764 0.0546624 0.0003 0.00438663 0.377408 
600.11 50 14.1429 14.1429 -9.34508e-08 -0.000772977 0.0985536 0.0546624 0.0003 -1.99809 -3.56012 
600.11 50 14.1429 14.1429 4.84403e-07 4.52399e-05 0.0992331 1.39979 0.0003 0.946178 -3.79086 
600.11 50.0028 14.1427 14.1427 -4.03844e-05 -0.00123933 0.0987529 0.0546624 0.0003 0.261204 -1.40508 
600.11 50 14.1429 14.1429 -1.10345e-05 1.23821e-05 0.0992051 1.39979 0.0003 -0.208998 2.26044 
600.11 50.0006 14.1428 14.1428 9.41414e-05 -0.00089343 0.0981192 0.0546624 0.0003 0.34612 1.97011 
600.11 49.998 14.1429 14.143 -8.18228e-05 0.000786923 0.0990327 1.39979 0.0003 -0.323192 -1.34237 
600.11 49.9985 14.1429 14.1429 1.77329e-05 0.000660504 0.0992752 1.39979 0.0003 -0.307993 1.4221 
600.11 50.0039 14.1427 14.1427 -0.000125297 -0.0012592 0.0991405 0.0546624 0.0003 0.0828804 0.692134 
600.11 50.0048 14.1427 14.1428 -0.000159467 -0.00115227 0.0992802 0.0546624 0.0003 1.01781 -2.24327 
600.11 50 14.1429 14.1429 1.31539e-07 0.000559048 0.0992323 1.39979 0.0003 0.521702 3.23724 
600.11 50 14.1429 14.1429 7.88965e-08 8.68428e-05 0.0992321 1.39979 0.0003 0.637434 3.80802 
600.11 50 14.1429 14.1429 5.32874e-10 3.27398e-05 0.099232 1.39979 0.0003 -0.984939 -4.02824 
600.11 49.9997 14.1429 14.1429 1.18417e-05 0.000107485 0.0992602 1.39979 0.0003 -0.284229 1.86921 
600.11 50.0011 14.1428 14.1428 -8.61955e-06 -0.00054712 0.0985995 0.0546624 0.0003 0.135124 1.45957 
600.11 50 14.1429 14.1429 1.24089e-06 -4.66118e-05 0.0985474 0.0546624 0.0003 1.86333 -3.78581 
600.11 50 14.1429 14.1429 1.73118e-06 6.48166e-05 0.0992362 1.39979 0.0003 0.342543 3.08399 
600.11 49.9982 14.1429 14.1429 4.52237e-05 0.000505188 0.0993419 1.39979 0.00690345 -2.84376 -3.01986 
600.11 50 14.1429 14.1429 -7.13185e-08 -0.000191074 0.0985535 0.0546624 0.0003 -0.875082 3.36671 
600.11 50.0006 14.1428 14.1428 0.000106703 -0.000862157 0.098061 0.0546624 0.0003 0.0251328 1.34566 
600.11 50 14.1429 14.1429 9.75012e-07 0.000164734 0.0992343 1.39979 0.0003 1.31367 -3.60731 
600.11 50 14.1429 14.1429 -6.38289e-09 -2.67306e-05 0.0985532 0.0546624 0.0003 1.12001 -3.92533 
600.11 50 14.1429 14.1429 -4.73572e-07 2.40493e-05 0.0992308 1.39979 0.0003 0.630839 -2.90512 
600.11 50 14.1429 14.1429 -5.48612e-08 -1.8677e-05 0.0985534 0.0546624 0.0003 0.246381 3.06922 
600.11 50.0001 14.1429 14.1428 4.86056e-05 0.000410775 0.0993507 1.39979 0.00999418 0.034169 -1.81221 
600.11 50 14.1429 14.1429 3.20905e-10 1.03843e-05 0.099232 1.39979 0.0003 -0.936931 3.95437 
600.11 50 14.1429 14.1429 2.6423e-07 -0.000282167 0.0985519 0.0546624 0.0003 -0.886476 -2.89415 
600.11 49.9996 14.1429 14.1429 -1.94671e-06 0.000250672 0.0992273 1.39979 0.0003 -0.447719 2.03199 
600.11 50 14.1429 14.1429 -1.49189e-09 7.27549e-05 0.0992319 1.39979 0.0003 0.0125205 3.40487 
600.11 50 14.1429 14.1429 1.63238e-07 6.03768e-05 0.0992324 1.39979 0.0003 0.299394 -3.14118 
600.11 50.0032 14.1427 14.1428 -0.000124211 -0.000504135 0.0991168 0.0546624 0.0003 1.35395 2.57669 
600.11 50.0001 14.1429 14.1429 -1.93881e-06 -0.000223583 0.098562 0.0546624 0.0003 1.65417 -3.40608 
600.11 49.9996 14.1429 14.1429 -1.52171e-05 0.000243356 0.0991952 1.39979 0.0003 -2.53469 -3.21624 
600.11 50 14.1429 14.1429 -8.92222e-10 -0.000165686 0.0985532 0.0546624 0.0003 0.123697 -3.7387 
600.11 50 14.1429 14.1429 -1.42754e-07 -8.49202e-06 0.0985538 0.0546624 0.0003 0.728434 -3.28263 
600.11 50 14.1429 14.1429 -4.78793e-08 -8.80946e-05 0.0985534 0.0546624 0.0003 -0.549507 -3.63833 
600.11 50.0044 14.1427 14.1427 -4.56658e-05 -0.00133665 0.0987668 0.0546624 0.0003 0.528426 -1.71727 
600.11 50 14.1429 14.1429 3.42716e-10 -3.79916e-05 0.0985532 0.0546624 0.0003 0.342039 3.45998 
600.11 50 14.1429 14.1429 -1.56203e-06 0.000264242 0.0992281 1.39979 0.0003 -1.30404 3.5779 
600.11 50.0011 14.1428 14.1428 0.000122414 -0.00115908 0.0979903 0.0546624 0.0003 1.93899 -3.04692 
600.11 49.999 14.1429 14.1429 3.90492e-05 0.000207327 0.0993253 1.39979 0.00111763 -0.526674 -1.90214 
600.11 49.9996 14.1429 14.1427 0.000286979 -0.00129712 0.0972336 0.0546624 0.0003 -0.0846267 0.738401 
600.11 50.0003 14.1428 14.1428 -8.149e-06 -7.91362e-05 0.098589 0.0546624 0.0003 0.072912 1.66779 
600.11 49.9978 14.1429 14.1429 1.38275e-05 0.00118726 0.099266 1.39979 0.0003 -1.07688 -2.28944 
600.11 50 14.1429 14.1429 4.34377e-08 4.29365e-06 0.0992321 1.39979 0.0003 0.323362 3.07227 
600.11 49.999 14.1429 14.1429 -2.48665e-05 0.000661243 0.0991739 1.39979 0.0003 -0.222037 -1.33602 
600.11 50 14.1429 14.1429 3.21535e-09 6.21523e-05 0.099232 1.39979 0.0003 -0.298719 3.47486 
600.11 50 14.1429 14.1429 -2.37667e-08 7.1574e-05 0.0992319 1.39979 0.0003 1.01712 -3.58311 
600.11 50.0002 14.1429 14.1428 5.93744e-05 -0.000624287 0.0982831 0.0546624 0.0003 -0.0574846 0.861493 
600.11 49.9992 14.1429 14.1429 3.44718e-05 5.04661e-05 0.0993151 1.39979 0 -0.211339 1.4226 
600.11 50.0018 14.1428 14.1426 0.000335087 -0.00236161 0.0970035 0.0546624 0.0003 1.20151 -2.58496 
600.11 50 14.1429 14.1429 -6.79412e-09 -0.000266946 0.0985532 0.0546624 0.0003 -0.591336 3.70733 
600.11 50 14.1429 14.1429 1.60001e-06 0.000239992 0.0992359 1.39979 0.0003 0.77416 3.53608 
600.11 49.995 14.1431 14.143 0.000109025 0.00150972 0.0994952 1.39979 0.0603203 -1.20354 -2.21253 
600.11 50 14.1429 14.1429 -2.6102e-06 0.000189656 0.0992255 1.39979 0.0003 -1.03672 -2.9876 
600.11 50 14.1429 14.1429 8.6229e-09 8.81958e-05 0.099232 1.39979 0.0003 -1.35946 3.86532 
600.11 49.9999 14.1429 14.1429 -8.10079e-06 4.0254e-05 0.0992123 1.39979 0.0003 -0.378555 -2.39119 
600.11 50 14.1429 14.1429 -2.46508e-06 0.000582834 0.099226 1.39979 0.0003 -0.425208 2.67912 
600.11 50 14.1429 14.1429 1.77961e-07 -0.00016158 0.0985523 0.0546624 0.0003 -0.0925932 -3.10338 
600.11 49.9995 14.1429 14.1429 1.63675e-05 1.09549e-05 0.099271 1.39979 0.0003 -2.06499 -3.08828 
600.11 50 14.1429 14.1429 -5.74321e-06 1.87596e-05 0.099218 1.39979 0.0003 -1.45188 -3.27193 
600.11 50 14.1429 14.1429 -5.64436e-10 0.000163968 0.099232 1.39979 0.0003 -0.994328 -4.04177 
600.11 50.0123 14.1424 14.1424 -5.73213e-05 -0.00546264 0.0988428 0.0546624 0.0003 0.176694 0.134997 
600.11 50 14.1429 14.1429 -1.36312e-08 0.000298755 0.0992319 1.39979 0.0003 0.0406432 2.89899 
600.11 50.0004 14.1428 14.1428 3.42149e-05 0.000137603 0.0993159 1.39979 0 1.24882 -2.88655 
600.11 49.9982 14.1429 14.1429 0.000149089 -0.000112442 0.0978666 0.0546624 0.0003 -0.120614 0.388021 
600.11 50.001 14.1428 14.1428 2.51921e-05 -0.000296677 0.0984374 0.0546624 0.0003 0.503023 2.06861 
600.11 49.9932 14.1431 14.1431 0.000108124 0.00232185 0.0994975 1.39979 0.0611109 -0.27414 -0.563893 
600.11 50 14.1429 14.1429 -2.30181e-07 9.19455e-05 0.0992314 1.39979 0.0003 -0.391522 -3.17883 
600.11 50 14.1429 14.1429 1.3274e-09 4.79194e-05 0.099232 1.39979 0.0003 -0.758584 3.65209 
600.11 49.9974 14.143 14.1429 6.61857e-05 0.000727246 0.0993913 1.39979 0.0241944 -0.627229 -1.77188 
600.11 50.0004 14.1428 14.1428 2.80048e-05 0.000121589 0.0992998 1.39979 0.0003 0.0113681 -1.44814 
600.11 50 14.1429 14.1429 -1.16485e-07 0.000134626 0.0992317 1.39979 0.0003 0.542298 3.00883 
600.11 50 14.1429 14.1429 -7.22589e-07 -0.000109899 0.0985564 0.0546624 0.0003 1.46034 -3.3629 
600.11 50 14.1429 14.1429 -7.24943e-06 1.39229e-07 0.0992143 1.39979 0.0003 -1.65521 3.2973 
600.11 50.0013 14.1428 14.1428 -3.59576e-05 -0.000319855 0.0987239 0.0546624 0.0003 0.0325412 1.04817 
600.11 49.9998 14.1429 14.1429 9.14843e-06 0.000415289 0.0992538 1.39979 0.0003 -0.146559 -1.59417 
600.11 50.0003 14.1428 14.1429 -8.15454e-06 0.00046094 0.0992127 1.39979 0.0003 2.28063 -3.3606 
600.11 50 14.1429 14.1429 -4.15863e-10 -0.00015631 0.0985532 0.0546624 0.0003 -0.4402 4.14481 
600.11 50.0056 14.1426 14.1427 -0.000233361 -0.00112906 0.0996286 0.0546624 0.105759 0.0739767 -0.240569 
600.11 50.0001 14.1429 14.1429 -7.64106e-05 3.32527e-05 0.0990484 1.39979 0.0003 -0.053695 -1.11606 
600.11 50.0001 14.1429 14.1429 -2.03312e-06 0.00014053 0.0992271 1.39979 0.0003 0.40397 -2.58632 
600.11 49.9982 14.1429 14.1429 1.79398e-05 0.000952071 0.0992755 1.39979 0.0003 -2.00378 -2.85639 
600.11 49.9957 14.143 14.1431 -4.23723e-05 0.00264529 0.0991294 1.39979 0.0003 -0.197722 -0.446035 
600.11 50.001 14.1428 14.1428 2.23007e-06 -2.10939e-05 0.0985435 0.0546624 0.0003 0.229777 1.67667 
600.11 49.9998 14.1429 14.1429 -4.34491e-05 -3.91203e-05 0.0987544 0.0546624 0.0003 -0.729474 2.47972 
600.11 49.9972 14.143 14.1429 0.000112952 0.00071888 0.0995043 1.39979 0.0634634 -0.154109 -0.436056 
600.11 49.9938 14.1431 14.1429 0.000388611 9.68966e-05 0.100093 1.39979 0.247111 -0.233083 0.344283 
600.11 50.0102 14.1424 14.1426 -0.000217813 -0.00326262 0.099548 0.0546624 0.078458 1.48074 2.43141 
600.11 49.9961 14.143 14.143 9.57747e-05 0.00175339 0.0994641 1.39979 0.0495651 -0.172278 -0.236727 
600.11 49.9974 14.143 14.143 -0.000110584 0.00159674 0.0989661 1.39979 0.0003 -0.231595 0.986814 
600.11 50 14.1429 14.1429 -1.45015e-08 0.000211386 0.0992319 1.39979 0.0003 1.2899 -3.89587 
600.11 50 14.1429 14.1429 5.98674e-06 -0.000151841 0.0985254 0.0546624 0.0003 0.131451 -2.44743 
600.11 50 14.1429 14.1429 1.20639e-08 9.46974e-05 0.099232 1.39979 0.0003 0.0840033 -3.85018 
600.11 50.0018 14.1428 14.1429 -0.000158721 0.000509109 0.0988502 1.39979 0.0003 0.0205247 -0.776577 
600.11 50 14.1429 14.1429 1.97246e-06 -2.07667e-06 0.0985442 0.0546624 0.0003 -0.697119 2.71083 
600.11 50.0084 14.1425 14.1426 -0.000280144 -0.00257311 0.0998522 0.0546624 0.177814 0.131029 0.307527 
600.11 49.9999 14.1429 14.1428 4.09654e-05 -7.09221e-05 0.0983664 0.0546624 0.0003 -0.075101 -1.11833 
600.11 49.9998 14.1429 14.1428 4.23477e-05 -0.0002047 0.0983586 0.0546624 0.0003 -0.105097 1.45694 
600.11 50.0004 14.1428 14.1429 -2.09304e-05 -3.02657e-05 0.0986484 0.0546624 0.0003 0.0972997 1.71922 
600.11 50.0001 14.1429 14.1429 2.8235e-06 7.19528e-05 0.0992391 1.39979 0.0003 1.15528 3.02162 
600.11 49.9973 14.143 14.143 -1.01261e-05 0.000924581 0.0992009 1.39979 0.0003 -0.163336 -0.580474 
600.11 49.9997 14.1429 14.1429 -1.60156e-05 0.000111228 0.0991933 1.39979 0.0003 -0.997946 2.60111 
600.11 50.0013 14.1428 14.1428 1.02865e-05 -0.000871015 0.098508 0.0546624 0.0003 0.724142 2.2442 
600.11 50 14.1429 14.1429 8.5453e-07 4.26188e-05 0.099234 1.39979 0.0003 -1.17495 -3.14111 
600.11 50.0025 14.1428 14.1427 0.000163008 -0.00196246 0.0978016 0.0546624 0.0003 2.10174 -2.96773 
600.11 50 14.1429 14.1429 6.17982e-08 9.04755e-05 0.0992321 1.39979 0.0003 -0.655283 -3.25021 
600.11 50 14.1429 14.1429 1.03471e-08 0.000264161 0.099232 1.39979 0.0003 0.827978 -3.93943 
600.11 50 14.1429 14.1429 5.95733e-06 0.000131672 0.0992465 1.39979 0.0003 0.867577 3.24861 
600.11 50 14.1429 14.1429 1.03892e-08 -0.000592019 0.0985531 0.0546624 0.0003 -0.463447 -3.36912 
600.11 49.999 14.1429 14.1429 -4.21718e-05 0.000329102 0.0991301 1.39979 0.0003 -0.428717 -1.76048 
600.11 50 14.1429 14.1429 -1.89356e-05 -4.00262e-05 0.098641 0.0546624 0.0003 -0.0555644 -1.79551 
600.11 50 14.1429 14.1429 4.63366e-07 -0.000129652 0.098551 0.0546624 0.0003 0.822306 3.78684 
600.11 50.0003 14.1428 14.1428 1.09748e-05 -0.000107968 0.0985027 0.0546624 0.0003 0.42767 2.23814 
600.11 49.9992 14.1429 14.1429 2.95135e-05 0.000213359 0.0993025 1.39979 0 -0.934132 2.36868 
600.11 50 14.1429 14.1429 -1.00181e-05 4.92357e-05 0.0992075 1.39979 0.0003 -0.0516688 2.3089 
600.11 50 14.1429 14.1429 -3.34328e-09 -1.6151e-05 0.0985532 0.0546624 0.0003 1.04489 3.95738 
600.11 50.0013 14.1428 14.1428 0.000103127 -0.00127457 0.0980805 0.0546624 0.0003 1.01453 -2.50685 
600.11 49.9977 14.143 14.143 -2.70224e-05 0.00131377 0.0991754 1.39979 0.0003 -0.165637 -0.709677 
600.11 49.9996 14.1429 14.1429 -5.25736e-05 0.00036076 0.0991046 1.39979 0.0003 -2.49301 -3.22906 
600.11 50 14.1429 14.1429 3.6738e-06 -3.73096e-05 0.0985361 0.0546624 0.0003 0.600406 -2.93392 
600.11 50 14.1429 14.1429 -1.83159e-10 -0.000159994 0.0985532 0.0546624 0.0003 -0.181935 4.19405 
600.11 50.0033 14.1427 14.1427 5.31491e-05 -0.00184911 0.0983115 0.0546624 0.0003 0.106718 -0.913862 
600.11 50.0017 14.1428 14.1429 -0.000126098 9.01875e-05 0.0989308 1.39979 0.0003 0.0233759 0.842433 
600.11 49.9968 14.143 14.143 1.19335e-05 0.00135561 0.0992632 1.39979 0.0003 -0.283684 -1.05675 
600.11 49.9905 14.1432 14.1432 9.54592e-05 0.00367605 0.0994627 1.39979 0.0490758 -0.282696 -0.203799 
600.11 50 14.1429 14.1429 -1.55873e-09 2.69385e-05 0.0992319 1.39979 0.0003 0.101668 3.44527 
600.11 50 14.1429 14.1429 6.13125e-06 8.90909e-05 0.0992469 1.39979 0.0003 0.0374807 2.30454 
600.11 50.0027 14.1427 14.1427 8.22023e-05 -0.00180602 0.0981757 0.0546624 0.0003 0.499402 1.81162 
600.11 50 14.1429 14.1429 -1.91888e-10 0.000221084 0.099232 1.39979 0.0003 0.500392 3.70389 
600.11 50.0002 14.1428 14.1428 4.87524e-05 0.000142236 0.0993515 1.39979 0.0102836 0.0411412 -1.7304 
600.11 50 14.1429 14.1429 3.17361e-06 0.000571132 0.0992397 1.39979 0.0003 -0.130274 -2.4906 
600.11 50.003 14.1427 14.1427 1.67556e-06 -0.00161694 0.0985664 0.0546624 0.0003 0.0874676 -0.877087 
600.11 49.9995 14.1429 14.1428 0.000214363 -0.00140925 0.0975758 0.0546624 0.0003 -0.0860595 -0.654375 
600.11 50.0044 14.1427 14.1427 -0.000148127 -0.00129623 0.0992528 0.0546624 0.0003 0.268946 -1.25709 
600.11 50 14.1429 14.1429 2.46344e-06 6.37429e-05 0.099238 1.39979 0.0003 0.497125 -3.37377 
600.11 49.9987 14.1429 14.1429 -3.91014e-06 0.00100063 0.0992234 1.39979 0.0003 -0.131073 -0.8117 
600.11 50.0055 14.1426 14.1428 -0.000284032 -0.00110044 0.0998792 0.0546624 0.186055 0.0852187 0.417602 
600.11 50.0043 14.1427 14.1427 -0.000126622 -0.00126271 0.0991378 0.0546624 0.0003 0.213936 -1.12724 
600.11 49.9997 14.1429 14.1429 -1.57732e-05 0.000141383 0.0991933 1.39979 0.0003 -2.58999 3.25837 
600.11 50 14.1429 14.1428 2.22659e-05 -6.17399e-05 0.0984502 0.0546624 0.0003 -0.117145 -1.94771 
600.11 50 14.1429 14.1429 -2.49076e-07 0.000231451 0.0992313 1.39979 0.0003 0.0364818 -3.2292 
600.11 50 14.1429 14.1429 -1.78503e-07 7.06095e-05 0.0992315 1.39979 0.0003 1.74511 -3.63611 
600.11 50.0011 14.1428 14.1428 2.18091e-05 -0.000392456 0.098453 0.0546624 0.0003 0.816598 2.38105 
600.11 50.0038 14.1427 14.1427 -3.32315e-05 -0.00140186 0.0987233 0.0546624 0.0003 0.652733 -1.92165 
600.11 50.0003 14.1428 14.1428 -3.4683e-06 0.000264369 0.0992235 1.39979 0.0003 1.19089 -2.90037 
600.11 50.0001 14.1429 14.1429 -3.00726e-06 0.000251171 0.0992248 1.39979 0.0003 2.03288 3.46606 
600.11 50 14.1429 14.1429 -6.58835e-11 0.000103031 0.099232 1.39979 0.0003 0.321061 4.0507 
600.11 50.0001 14.1429 14.1428 1.1619e-05 -0.000165107 0.0984994 0.0546624 0.0003 0.351902 -2.44139 
600.11 50 14.1429 14.1429 -1.36535e-06 -7.54347e-06 0.0985593 0.0546624 0.0003 -0.130813 -2.2895 
600.11 50 14.1429 14.1429 7.22363e-08 5.39083e-05 0.0992321 1.39979 0.0003 0.255714 3.49301 
600.11 50 14.1429 14.1429 1.76543e-10 -0.000194764 0.0985532 0.0546624 0.0003 -0.77511 -3.49952 
600.11 49.9986 14.1429 14.1429 -6.22291e-06 0.000541775 0.0992144 1.39979 0.0003 -0.210522 -1.17388 
600.11 50 14.1429 14.1429 -3.1081e-08 9.9215e-05 0.0992319 1.39979 0.0003 0.342447 -2.93053 
600.11 50.0039 14.1427 14.1427 0.000113861 -0.00208958 0.0980149 0.0546624 0.0003 0.985449 2.25943 
600.11 49.9974 14.143 14.1429 0.000223439 0.000172957 0.0997739 1.39979 0.153308 -0.193073 -0.810781 
600.11 49.9999 14.1429 14.1429 -3.57066e-07 0.000610828 0.099231 1.39979 0.0003 -0.255674 2.08494 
600.11 49.9989 14.1429 14.1429 3.64103e-05 0.000114422 0.0993189 1.39979 0 -2.17579 2.99587 
600.11 50.004 14.1427 14.1428 -0.000145317 -0.0006795 0.0992139 0.0546624 0.0003 0.740952 2.01058 
600.11 49.9952 14.1431 14.143 4.0264e-05 0.00231469 0.0993254 1.39979 0.00113661 -0.19277 0.230687 
600.11 50.0001 14.1429 14.1429 -1.97497e-06 1.72629e-05 0.0992272 1.39979 0.0003 0.841532 2.95459 
600.11 50.0034 14.1427 14.1427 8.21553e-05 -0.00191832 0.0981757 0.0546624 0.0003 0.648538 1.93966 
600.11 49.998 14.1429 14.1429 4.74713e-05 0.000611087 0.0993455 1.39979 0.00817879 -0.480275 -1.63836 
600.11 50.0002 14.1428 14.1429 -7.99617e-06 -4.03847e-05 0.0985903 0.0546624 0.0003 0.1596 2.00315 
600.11 50 14.1429 14.1429 -9.10263e-08 0.000145633 0.0992317 1.39979 0.0003 1.48531 3.52074 
600.11 50 14.1429 14.1429 1.79448e-11 -1.12753e-05 0.0985532 0.0546624 0.0003 -0.0906598 -4.18506 
600.11 50.0042 14.1427 14.1427 6.57753e-08 -0.00168173 0.0985621 0.0546624 0.0003 0.409771 -1.54621 
600.11 50 14.1429 14.1429 -1.7995e-10 -7.17139e-06 0.0985532 0.0546624 0.0003 0.320804 -3.90774 
600.11 50.0002 14.1428 14.1429 -2.70411e-06 -0.000253292 0.0985658 0.0546624 0.0003 0.284511 2.17501 
600.11 50 14.1429 14.1429 1.31646e-08 -0.000155497 0.0985531 0.0546624 0.0003 -0.466273 3.344 
600.11 50.0001 14.1429 14.1429 -1.85873e-06 0.00033077 0.0992275 1.39979 0.0003 1.54716 -3.25906 
600.11 50.0026 14.1428 14.1427 1.32971e-05 -0.00122072 0.0985068 0.0546624 0.0003 0.610418 -1.96056 
600.11 50 14.1429 14.1429 -5.26116e-07 -2.94321e-05 0.0985556 0.0546624 0.0003 0.363427 -2.67212 
600.11 50.0003 14.1428 14.1429 -1.28104e-05 0.000145861 0.0992014 1.39979 0.0003 0.423294 2.21522 
600.11 50 14.1429 14.1429 4.95887e-08 4.30193e-05 0.0992321 1.39979 0.0003 0.484588 -3.75627 
600.11 49.9974 14.143 14.143 5.0065e-06 0.00156451 0.0992445 1.39979 0.0003 -0.183492 0.761746 
600.11 49.9999 14.1429 14.1427 0.000336049 -0.00194158 0.0970063 0.0546624 0.0003 -0.0696322 0.645124 
600.11 49.9999 14.1429 14.1429 -2.02696e-05 0.000310863 0.0991827 1.39979 0.0003 -1.78101 3.25966 
600.11 50 14.1429 14.1429 -1.75496e-06 3.279e-05 0.0992277 1.39979 0.0003 -1.14856 3.55957 
600.11 50.0047 14.1427 14.1427 -8.7262e-05 -0.00195093 0.0989815 0.0546624 0.0003 1.44981 2.56458 
600.11 49.997 14.143 14.1429 8.69897e-05 0.00142495 0.0994457 1.39979 0.0431585 -0.250762 -0.988482 
600.11 50.0015 14.1428 14.1427 0.000141757 -0.00155875 0.0979005 0.0546624 0.0003 2.48763 -3.14077 
600.11 50.0068 14.1426 14.1426 -4.91983e-05 -0.00216992 0.0987814 0.0546624 0.0003 1.31221 -2.40384 
600.11 49.9959 14.143 14.143 1.15366e-05 0.00208597 0.0992662 1.39979 0.0003 -0.255528 -0.836359 
600.11 50 14.1429 14.1429 -1.04956e-05 0.000257947 0.0992064 1.39979 0.0003 -0.929583 3.0648 
600.11 50.0003 14.1428 14.1429 -8.58183e-06 -0.000120442 0.0985923 0.0546624 0.0003 0.644979 2.48942 
600.11 49.9998 14.1429 14.1429 2.77859e-05 0.000589813 0.0993017 1.39979 0 -0.105679 1.38199 
600.11 50.0048 14.1427 14.1428 -0.000154109 -0.00105806 0.0992522 0.0546624 0.0003 2.91908 2.9923 
600.11 50 14.1429 14.1429 -2.09989e-10 -0.000109616 0.0985532 0.0546624 0.0003 -0.12925 3.84434 
600.11 50.0008 14.1428 14.1428 5.9401e-05 -0.000528251 0.0982819 0.0546624 0.0003 0.770483 2.39085 
600.11 50 14.1429 14.1429 -1.49264e-08 0.000233243 0.0992319 1.39979 0.0003 -0.688984 -3.14595 
600.11 49.9977 14.143 14.1429 2.31937e-05 0.000915538 0.0992882 1.39979 0.0003 -0.934482 2.14805 
600.11 50 14.1429 14.1429 9.90665e-11 -5.02327e-05 0.0985532 0.0546624 0.0003 -0.265991 4.03871 
600.11 50 14.1429 14.1429 -5.14052e-05 0.000401342 0.0991071 1.39979 0.0003 -0.0564594 -1.47346 
600.11 49.9995 14.1429 14.1429 1.78186e-05 0.00026466 0.0992743 1.39979 0.0003 -1.79929 -2.98557 
600.11 50 14.1429 14.1429 -1.35751e-08 -0.000140275 0.0985532 0.0546624 0.0003 -0.551499 -4.00541 
600.11 50.0039 14.1427 14.1425 0.000347171 -0.0039005 0.096959 0.0546624 0.0003 0.671829 -1.93809 
600.11 50 14.1429 14.1429 -6.17513e-07 0.000212038 0.0992305 1.39979 0.0003 0.857336 -3.1646 
600.11 50 14.1429 14.1429 1.52075e-06 -0.000123505 0.0985462 0.0546624 0.0003 0.529431 -2.80244 
600.11 50 14.1429 14.1429 7.46853e-06 -3.82895e-05 0.0985184 0.0546624 0.0003 1.27118 3.536 
600.11 50 14.1429 14.1429 -8.65367e-05 0.000799113 0.0990252 1.39979 0.0003 -0.0664329 0.439463 
600.11 49.9991 14.1429 14.1429 4.66027e-07 0.000527049 0.0992321 1.39979 0.0003 -0.813567 2.25355 
600.11 49.9988 14.1429 14.1429 -3.40454e-05 0.000749815 0.0991498 1.39979 0.0003 -0.736832 2.09148 
600.11 50 14.1429 14.1429 3.45589e-10 -0.000129078 0.0985532 0.0546624 0.0003 -0.219814 3.78149 
600.11 50 14.1429 14.1429 4.17795e-07 6.39587e-05 0.099233 1.39979 0.0003 -0.397577 -2.90589 
600.11 49.9986 14.1429 14.1428 0.000147743 -0.000390915 0.0978947 0.0546624 0.0003 -0.106174 0.186871 
600.11 50.0017 14.1428 14.1428 -0.000118673 -0.000326332 0.0991206 0.0546624 0.0003 0.0149513 -0.772167 
600.11 50 14.1429 14.1429 -6.61426e-07 -7.26052e-07 0.0985562 0.0546624 0.0003 -0.896297 -3.05786 
600.11 50.0014 14.1428 14.143 -0.000308899 0.00124669 0.0984899 1.39979 0.0003 -0.00943268 -0.633361 
600.11 49.9998 14.1429 14.1429 -1.77553e-05 0.000373768 0.0991892 1.39979 0.0003 -1.90778 3.18426 
600.11 50.0009 14.1428 14.1428 -3.51781e-05 -0.000690987 0.0987155 0.0546624 0.0003 0.239032 1.72434 
600.11 50.0009 14.1428 14.1428 -1.06196e-05 -0.0003759 0.0986021 0.0546624 0.0003 1.6048 2.9337 
600.11 50.0019 14.1428 14.1428 -5.20009e-05 -0.000289034 0.0987911 0.0546624 0.0003 1.53924 -2.7798 
600.11 50.0008 14.1428 14.1428 0.000119347 -0.0011093 0.0980027 0.0546624 0.0003 1.3679 -2.84366 
600.11 50 14.1429 14.1429 -1.69597e-07 -8.66109e-05 0.0985539 0.0546624 0.0003 0.268423 -2.83766 
600.11 49.9982 14.1429 14.1429 4.23337e-05 0.000368751 0.0993368 1.39979 0.00511814 -0.332957 1.40765 
600.11 50.0043 14.1427 14.1428 -0.000164012 -0.000898014 0.0992982 0.0546624 0.0003 0.508004 -1.69048 
600.11 50.0038 14.1427 14.1427 -1.48064e-05 -0.00196597 0.0986421 0.0546624 0.0003 2.30135 -2.9492 
600.11 50.0003 14.1428 14.1428 1.09447e-05 0.000149908 0.0992591 1.39979 0.0003 0.102067 -1.77357 
600.11 50 14.1429 14.1429 1.36396e-06 -0.000207692 0.0985468 0.0546624 0.0003 0.251012 3.02899 
600.11 50.0046 14.1427 14.1427 -7.23465e-05 -0.00170867 0.0988855 0.0546624 0.0003 0.78124 -2.02188 
600.11 49.9965 14.143 14.143 2.4211e-05 0.00116076 0.0992949 1.39979 0.0003 -0.322206 1.1287 
600.11 50 14.1429 14.1429 1.05701e-07 -5.727e-05 0.0985527 0.0546624 0.0003 0.895152 -3.70248 
600.11 50 14.1429 14.1429 -1.31909e-05 0.000174281 0.0991998 1.39979 0.0003 -0.589269 2.76197 
600.11 49.9998 14.1429 14.1429 1.08714e-06 0.000150564 0.0992348 1.39979 0.0003 -2.21638 3.28528 
600.11 50 14.1429 14.1429 3.18597e-06 6.4314e-05 0.0992397 1.39979 0.0003 1.96503 -3.74084 
600.11 50.0004 14.1428 14.1428 -1.24039e-05 -0.000227533 0.0986098 0.0546624 0.0003 1.50178 3.01928 
600.11 49.9999 14.1429 14.1429 -1.00813e-05 0.000377514 0.0992075 1.39979 0.0003 -0.176839 -1.93457 
600.11 50 14.1429 14.1429 -8.70763e-10 0.000102512 0.099232 1.39979 0.0003 0.598067 3.87757 
600.11 50 14.1429 14.1429 -3.02207e-08 5.18235e-05 0.0992319 1.39979 0.0003 -1.22163 -3.97239 
600.11 50.0001 14.1429 14.1428 8.35964e-05 -0.000379406 0.0981656 0.0546624 0.0003 0.00548598 1.73686 
600.11 49.9987 14.1429 14.1429 -1.91393e-05 0.00111628 0.099186 1.39979 0.0003 -0.463654 1.73806 
600.11 50.0026 14.1428 14.1428 -1.91886e-05 -0.00111304 0.0986401 0.0546624 0.0003 0.319957 1.53987 
600.11 50 14.1429 14.1429 2.84408e-07 -0.000114274 0.0985519 0.0546624 0.0003 1.8047 -3.84218 
600.11 50 14.1429 14.1429 5.67095e-08 -2.24743e-06 0.0985529 0.0546624 0.0003 -1.45215 3.66329 
600.11 49.9951 14.1431 14.1431 -1.87706e-05 0.00246901 0.0991876 1.39979 0.0003 -0.209181 -0.410717 
600.11 50 14.1429 14.1429 7.63157e-09 0.000293544 0.099232 1.39979 0.0003 -0.339358 3.98206 
600.11 50.0014 14.1428 14.1428 7.46067e-05 -0.00114236 0.0982092 0.0546624 0.0003 1.73867 2.92708 
600.11 49.9991 14.1429 14.1429 3.28933e-05 -1.18843e-05 0.098404 0.0546624 0.0003 -1.64622 2.82039 
600.11 49.9999 14.1429 14.1429 2.03829e-06 3.08632e-05 0.0992368 1.39979 0.0003 -2.24617 -3.43705 
600.11 49.9999 14.1429 14.1429 -5.68625e-06 6.24502e-05 0.0992182 1.39979 0.0003 -0.361013 -2.36635 
600.11 49.9995 14.1429 14.1429 -5.75889e-05 0.000525601 0.0990923 1.39979 0.0003 -0.541835 2.08904 
600.11 50.0094 14.1425 14.1426 -0.000143693 -0.0022562 0.0991763 0.0546624 0.0003 0.158795 0.403286 
600.11 49.9997 14.1429 14.1429 5.51268e-06 0.000327443 0.0992452 1.39979 0.0003 -1.26622 -2.78766 
600.11 50 14.1429 14.1429 7.49999e-09 -0.000143487 0.0985531 0.0546624 0.0003 -1.09168 3.79446 
600.11 50.0108 14.1424 14.1425 -0.00017643 -0.00353587 0.0993735 0.0546624 0.0179806 2.9068 2.85567 
600.11 50 14.1429 14.1429 -3.36695e-09 -0.00011918 0.0985532 0.0546624 0.0003 0.566526 3.70597 
600.11 50 14.1429 14.1429 -2.60581e-11 -0.000103349 0.0985532 0.0546624 0.0003 -0.132116 4.04835 
600.11 50.0001 14.1429 14.1429 2.15993e-06 0.000349786 0.0992372 1.39979 0.0003 0.0897734 -1.9409 
600.11 50.0025 14.1428 14.1428 -0.000139695 -2.92567e-05 0.0991754 0.0546624 0.0003 0.0613499 0.847073 
600.11 49.9984 14.1429 14.1429 4.02179e-05 0.000704019 0.0993289 1.39979 0.00235271 -0.168548 -0.958668 
600.11 49.9999 14.1429 14.1429 -1.59171e-05 9.82582e-05 0.0991933 1.39979 0.0003 -0.57441 2.54502 
600.11 50 14.1429 14.1429 -3.67944e-06 -3.93455e-05 0.0985703 0.0546624 0.0003 -0.292678 2.87998 
600.11 50.0046 14.1427 14.1426 0.000168398 -0.00347335 0.0977973 0.0546624 0.0003 0.206198 1.08342 
600.11 50 14.1429 14.1429 -6.81479e-08 0.000202407 0.0992318 1.39979 0.0003 -0.133243 3.27454 
600.11 49.9998 14.1429 14.1429 -1.25609e-05 0.00043964 0.0992015 1.39979 0.0003 -1.19704 2.85072 
600.11 49.9988 14.1429 14.1429 2.10578e-05 0.000307136 0.0992809 1.39979 0.0003 -1.03304 2.38472 
600.11 50.001 14.1428 14.1428 6.9054e-05 -0.0004423 0.0982366 0.0546624 0.0003 2.62845 3.22584 
600.11 50 14.1429 14.1429 6.47235e-11 -0.000113133 0.0985532 0.0546624 0.0003 0.194815 -3.88051 
600.11 49.9943 14.1431 14.143 0.000104228 0.00182322 0.0994878 1.39979 0.0577637 -0.282274 -0.736288 
600.11 50 14.1429 14.1429 3.88382e-09 0.000154181 0.099232 1.39979 0.0003 -0.884053 -3.78128 
600.11 50 14.1429 14.1429 1.15189e-05 3.55906e-05 0.09926 1.39979 0.0003 0.607727 2.92112 
600.11 50 14.1429 14.1429 2.07893e-07 3.37952e-05 0.0992325 1.39979 0.0003 1.38968 -3.65929 
600.11 49.9926 14.1432 14.1431 6.55346e-05 0.00271439 0.0993876 1.39979 0.0228986 -0.250399 0.268167 
600.11 49.9996 14.1429 14.1429 -6.45257e-06 0.000182614 0.0992164 1.39979 0.0003 -2.38255 -3.2026 
600.11 50.0001 14.1429 14.1429 -1.87806e-05 0.000186627 0.0991869 1.39979 0.0003 -0.0616341 0.493334 
600.11 50.0001 14.1429 14.1428 5.902e-06 0.000281773 0.0992469 1.39979 0.0003 -0.00848346 -1.62751 
600.11 50 14.1429 14.1429 1.19621e-10 -1.27704e-05 0.0985532 0.0546624 0.0003 0.0224865 3.99826 
600.11 49.9996 14.1429 14.1429 -3.60837e-05 0.000418291 0.0991448 1.39979 0.0003 -0.746176 2.3567 
600.11 49.9999 14.1429 14.1429 -4.19908e-07 -3.56254e-05 0.0985547 0.0546624 0.0003 -1.89046 3.34511 
600.11 50 14.1429 14.1429 1.23391e-06 -3.38138e-05 0.0985475 0.0546624 0.0003 -0.446955 2.53825 
600.11 50.0022 14.1428 14.1428 -8.55405e-05 -0.000259435 0.0989413 0.0546624 0.0003 1.08944 -2.4625 
600.11 50.0001 14.1429 14.1429 -0.000158437 0.0011145 0.0988504 1.39979 0.0003 -0.0620661 -0.589967 
600.11 50 14.1429 14.1429 5.27837e-09 0.00023427 0.099232 1.39979 0.0003 0.847986 -3.94367 
600.11 49.998 14.1429 14.1429 5.9124e-05 0.000721506 0.099373 1.39979 0.0178082 -0.613347 -1.81857 
600.11 50.0001 14.1429 14.1428 1.52608e-05 0.000121542 0.099269 1.39979 0.0003 2.12986 -3.42871 
600.11 50 14.1429 14.1429 1.47543e-07 0.000182585 0.0992323 1.39979 0.0003 -1.25349 3.18898 
600.11 49.9955 14.143 14.1428 0.000561023 -0.00153314 0.0959752 0.0546624 0.0003 -0.18593 -0.250778 
600.11 49.9994 14.1429 14.1429 6.88046e-07 0.000537632 0.0992337 1.39979 0.0003 -2.66561 -3.18182 
600.11 49.9957 14.143 14.143 5.95072e-05 0.00190334 0.0993799 1.39979 0.0202091 -0.194251 -0.406365 
600.11 49.9999 14.1429 14.1429 3.78654e-06 2.99003e-05 0.099241 1.39979 0.0003 -0.420537 2.32106 
600.11 50 14.1429 14.1429 6.88134e-07 0.000138036 0.0992336 1.39979 0.0003 -0.382391 2.62979 
600.11 50.0014 14.1428 14.1428 -1.06957e-05 -0.00114609 0.0986027 0.0546624 0.0003 0.774753 -2.27877 
600.11 50 14.1429 14.1429 9.73207e-07 0.000203353 0.0992343 1.39979 0.0003 0.0792459 -2.91662 
600.11 50.0026 14.1428 14.1429 -0.000230234 0.000310455 0.0986785 1.39979 0.0003 0.000940061 0.111076 
600.11 50.0007 14.1428 14.1428 -2.37913e-05 0.000180388 0.0991753 1.39979 0.0003 1.55459 2.96289 
600.11 49.9995 14.1429 14.1429 -7.24889e-06 0.00053638 0.0992159 1.39979 0.0003 -1.91937 3.03384 
600.11 49.9991 14.1429 14.1429 -2.90049e-05 0.000622979 0.0991611 1.39979 0.0003 -1.99067 2.96504 
600.11 50.0056 14.1426 14.1427 -0.0001364 -0.00137585 0.0991781 0.0546624 0.0003 0.730249 1.91418 
600.11 50 14.1429 14.1429 8.01164e-09 4.0345e-05 0.099232 1.39979 0.0003 1.00684 4.05657 
600.11 50.0021 14.1428 14.1427 0.000163383 -0.00151863 0.097805 0.0546624 0.0003 1.55506 -2.77085 
600.11 50 14.1429 14.1429 -9.0999e-07 4.06071e-05 0.0992297 1.39979 0.0003 -0.116068 2.2384 
600.11 50 14.1429 14.1429 -4.23046e-08 0.000302472 0.0992319 1.39979 0.0003 1.50388 3.85294 
600.11 49.9999 14.1429 14.1429 -1.33478e-05 0.000130161 0.0991995 1.39979 0.0003 -2.36801 -3.47583 
600.11 50 14.1429 14.1429 1.68563e-06 -0.000235576 0.0985454 0.0546624 0.0003 0.580786 -2.90262 
600.11 50.0041 14.1427 14.1428 -0.000111635 -0.000666722 0.0990638 0.0546624 0.0003 1.45887 2.59714 
600.11 49.9999 14.1429 14.1429 1.01143e-06 -0.000241494 0.0985485 0.0546624 0.0003 -0.460146 2.39907 
600.11 50.0036 14.1427 14.1427 -1.4181e-05 -0.00163175 0.0986193 0.0546624 0.0003 0.944252 2.24311 
600.11 50.0047 14.1427 14.1426 -1.89061e-05 -0.00236717 0.0986668 0.0546624 0.0003 0.387874 1.469 
600.11 49.9991 14.1429 14.1428 0.00023945 -0.00100902 0.0974689 0.0546624 0.0003 -0.09203 0.163356 
600.11 49.9998 14.1429 14.1429 3.7678e-06 -0.000163284 0.098536 0.0546624 0.0003 -1.4067 -2.98701 
600.11 50 14.1429 14.1429 -1.99065e-06 -9.01568e-05 0.0985624 0.0546624 0.0003 -0.215928 2.73591 
600.11 49.9997 14.1429 14.1429 6.77959e-06 0.000251539 0.0992483 1.39979 0.0003 -0.474462 2.13143 
600.11 50 14.1429 14.1429 1.25365e-06 0.000167745 0.099235 1.39979 0.0003 1.48105 -3.51008 
600.11 50.001 14.1428 14.1428 0.000117683 -0.00109271 0.0980095 0.0546624 0.0003 2.24825 3.15127 
600.11 50.0001 14.1429 14.1428 6.30828e-06 0.000333026 0.0992472 1.39979 0.0003 2.09376 3.43737 
600.11 49.9979 14.1429 14.143 -4.32794e-05 0.00115515 0.0991277 1.39979 0.0003 -2.02921 2.83827 
600.11 50 14.1429 14.1429 2.04085e-08 -9.25524e-05 0.0985531 0.0546624 0.0003 -1.00889 -3.49016 
600.11 49.9995 14.1429 14.1429 -2.25125e-05 0.000180821 0.0991781 1.39979 0.0003 -0.141183 -1.29762 
600.11 50 14.1429 14.1429 -2.0448e-07 -0.000127588 0.0985541 0.0546624 0.0003 0.0357108 -2.37982 
600.11 50 14.1429 14.1429 1.968e-07 -0.000119687 0.0985523 0.0546624 0.0003 -0.327789 2.74625 
600.11 50.015 14.1423 14.1424 -0.000268263 -0.00530352 0.099794 0.0546624 0.159705 1.13469 2.09067 
600.11 50 14.1429 14.1429 1.83981e-09 0.000287968 0.099232 1.39979 0.0003 1.30126 -4.0064 
600.11 50 14.1429 14.1429 4.31013e-06 0.000220675 0.0992424 1.39979 0.0003 -0.112939 -2.20084 
600.11 49.9969 14.143 14.143 7.40445e-05 0.000958591 0.0994172 1.39979 0.0332218 -0.233954 0.897603 
600.11 49.9945 14.1431 14.143 9.90892e-05 0.00188175 0.099475 1.39979 0.0533143 -0.201301 -0.0572932 
600.11 50 14.1429 14.1429 -2.44036e-09 4.66846e-05 0.0992319 1.39979 0.0003 -1.30405 3.79417 
600.11 50.0005 14.1428 14.1428 3.63093e-05 -0.000149414 0.0983856 0.0546624 0.0003 2.44099 3.28924 
600.11 50.0002 14.1428 14.1429 -8.98679e-06 0.00010503 0.0992105 1.39979 0.0003 0.871971 -2.71352 
600.11 50 14.1429 14.1429 6.32388e-08 -1.15982e-05 0.0985529 0.0546624 0.0003 -0.367493 -3.02357 
600.11 49.9985 14.1429 14.1429 5.54672e-05 0.000719977 0.0993655 1.39979 0.0151768 -0.360441 -1.52256 
600.11 50.0004 14.1428 14.1428 2.50283e-05 0.000368608 0.0992938 1.39979 0.0003 1.66711 -3.122 
600.11 49.9997 14.1429 14.1429 1.0339e-05 0.000224084 0.0992566 1.39979 0.0003 -1.02702 2.62876 
600.11 50.0071 14.1426 14.1427 -0.000193439 -0.00237575 0.0994465 0.0546624 0.0434276 0.0962876 0.102143 
600.11 50 14.1429 14.1429 -2.93094e-07 0.000100557 0.0992313 1.39979 0.0003 0.652463 3.13574 
600.11 50.0008 14.1428 14.1428 5.79253e-05 -0.00103868 0.098287 0.0546624 0.0003 0.0598223 1.3377 
600.11 50 14.1429 14.1429 -6.88673e-07 0.0005873 0.0992302 1.39979 0.0003 1.45256 -3.37635 
600.11 50.0013 14.1428 14.1428 6.08781e-05 -0.000783597 0.0982726 0.0546624 0.0003 0.222081 1.58656 
600.11 50 14.1429 14.1429 -1.62312e-05 5.48121e-05 0.0991924 1.39979 0.0003 -0.88322 -2.89093 
600.11 50.0036 14.1427 14.1427 3.9276e-05 -0.0020186 0.0983871 0.0546624 0.0003 2.59914 3.01195 
600.11 49.9998 14.1429 14.1429 -3.73569e-05 0.000611192 0.0991413 1.39979 0.0003 -1.79808 3.14191 
600.11 49.9942 14.1431 14.143 0.00021107 0.00187787 0.0997472 1.39979 0.144769 -0.210479 0.154672 
600.11 50 14.1429 14.1429 1.69307e-08 0.000335043 0.099232 1.39979 0.0003 -0.18259 -3.70073 
600.11 50.0009 14.1428 14.1428 -2.92988e-05 0.000107759 0.0991619 1.39979 0.0003 1.68812 -2.98396 
600.11 50 14.1429 14.1429 1.28168e-05 2.28568e-05 0.0992633 1.39979 0.0003 0.851089 3.11408 
600.11 50.0086 14.1425 14.1425 3.63612e-05 -0.00392327 0.0984076 0.0546624 0.0003 1.70776 -2.59177 
600.11 50.0019 14.1428 14.1428 -6.67299e-05 -0.000329479 0.0988557 0.0546624 0.0003 0.560719 1.98134 
600.11 49.9988 14.1429 14.1429 -1.18352e-05 0.000669479 0.0992043 1.39979 0.0003 -0.751427 2.11536 
600.11 50 14.1429 14.1429 -8.25265e-07 4.0908e-05 0.09923 1.39979 0.0003 0.219164 2.53071 
600.11 50.0002 14.1429 14.1428 3.01965e-06 0.000100751 0.0992392 1.39979 0.0003 1.78802 3.28842 
600.11 50 14.1429 14.1429 8.16238e-09 -3.47391e-05 0.0985531 0.0546624 0.0003 0.788885 -4.10257 
600.11 50 14.1429 14.1429 2.86823e-06 0.000147424 0.099239 1.39979 0.0003 1.22837 3.74802 
600.11 50.0005 14.1428 14.1428 -2.03843e-05 -0.000245874 0.0986456 0.0546624 0.0003 0.518327 -2.22957 
600.11 50 14.1429 14.1429 -9.66509e-07 -0.000180673 0.0985577 0.0546624 0.0003 -1.20265 3.73271 
600.11 49.9994 14.1429 14.1429 -6.98725e-06 0.000417659 0.0992164 1.39979 0.0003 -2.68189 3.17206 
600.11 50 14.1429 14.1429 -1.37122e-06 0.00013902 0.0992287 1.39979 0.0003 -1.07571 3.12425 
600.11 50 14.1429 14.1429 4.78776e-09 6.08164e-05 0.099232 1.39979 0.0003 -1.44259 3.8911 
600.11 50.0002 14.1428 14.1429 -4.5726e-06 -5.53669e-05 0.0985741 0.0546624 0.0003 0.978839 -2.81455 
600.11 50.0001 14.1429 14.1428 2.30146e-05 -0.000281251 0.0984456 0.0546624 0.0003 0.170838 2.16166 
600.11 50.0032 14.1427 14.1427 4.05204e-05 -0.00168078 0.0983658 0.0546624 0.0003 1.86019 2.84082 
600.11 50 14.1429 14.1429 -1.0859e-06 -6.67326e-05 0.0985585 0.0546624 0.0003 0.862345 2.99582 
600.11 50 14.1429 14.1429 2.9923e-06 -5.06144e-05 0.0985394 0.0546624 0.0003 1.84989 3.59829 
600.11 49.9999 14.1429 14.1429 -1.26036e-06 0.000265284 0.0992289 1.39979 0.0003 -1.35419 3.00002 
600.11 50 14.1429 14.1429 1.35552e-06 0.000209297 0.0992352 1.39979 0.0003 0.705173 -3.11756 
600.11 50.0042 14.1427 14.1428 -0.000189516 -0.00109375 0.0994415 0.0546624 0.0416912 0.0671864 0.530605 
600.11 50 14.1429 14.1429 2.3799e-10 0.000495537 0.099232 1.39979 0.0003 -0.226297 -3.67705 
600.11 50.0031 14.1427 14.1427 0.000137018 -0.00239398 0.0979268 0.0546624 0.0003 0.0123848 -0.06186 
600.11 50 14.1429 14.1429 -1.08993e-07 -6.91477e-05 0.0985537 0.0546624 0.0003 -0.600649 3.61557 
600.11 50 14.1429 14.1429 4.46155e-08 0.000167461 0.0992321 1.39979 0.0003 0.634585 -3.76104 
600.11 49.9999 14.1429 14.1429 3.72472e-06 9.51024e-05 0.0992408 1.39979 0.0003 -1.0131 2.84179 
600.11 50.0002 14.1429 14.1428 5.64499e-05 -0.000178956 0.0982916 0.0546624 0.0003 0.122364 1.96104 
600.11 50 14.1429 14.1429 -2.98393e-08 0.000134933 0.0992319 1.39979 0.0003 1.83819 3.82664 
600.11 50 14.1429 14.1429 1.37032e-07 4.64316e-05 0.0992323 1.39979 0.0003 1.12846 -4.02547 
600.11 49.9932 14.1431 14.1431 -2.0139e-05 0.00323909 0.0991843 1.39979 0.0003 -0.256738 0.452904 
600.11 50.0001 14.1429 14.1429 -3.1105e-06 0.000201385 0.0992245 1.39979 0.0003 1.33227 -3.16373 
600.11 50 14.1429 14.1429 1.34486e-07 -0.000126766 0.0985525 0.0546624 0.0003 -0.0345309 -3.27361 
600.11 50.0005 14.1428 14.1428 9.32081e-05 -0.000826661 0.0981219 0.0546624 0.0003 0.49144 -2.22081 
600.11 49.9934 14.1431 14.1431 5.01174e-05 0.00277036 0.0993643 1.39979 0.0147427 -0.225122 0.0153108 
600.11 50 14.1429 14.1429 -1.62056e-07 9.31761e-05 0.0992315 1.39979 0.0003 0.566547 3.03689 
600.11 50.0019 14.1428 14.1428 -3.59397e-05 -0.000874812 0.0987159 0.0546624 0.0003 0.0685379 1.03836 
600.11 49.9972 14.143 14.143 -0.000110336 0.00153148 0.0989715 1.39979 0.0003 -0.234029 0.95782 
600.11 49.9994 14.1429 14.1429 1.14183e-06 0.000382751 0.0992347 1.39979 0.0003 -1.07506 -2.53868 
600.11 50 14.1429 14.1429 -2.53345e-08 0.000152268 0.0992319 1.39979 0.0003 -0.581708 3.34157 
600.11 50.0001 14.1429 14.1429 -2.56041e-06 0.000152904 0.0992259 1.39979 0.0003 1.81088 3.43032 
600.11 50 14.1429 14.1429 3.22889e-06 0.000131778 0.0992398 1.39979 0.0003 -0.169485 2.44083 
600.11 50.0015 14.1428 14.1428 -5.83042e-06 -0.000541025 0.0985804 0.0546624 0.0003 1.31375 -2.69981 
600.11 50.0039 14.1427 14.1428 -0.000163717 -0.000829468 0.0993044 0.0546624 0 0.143309 0.965468 
600.11 49.9993 14.1429 14.1427 0.000250082 -0.00104497 0.097419 0.0546624 0.0003 -0.0861208 0.193312 
600.11 49.9996 14.1429 14.1429 7.84409e-06 3.83581e-05 0.0992508 1.39979 0.0003 -0.748532 2.37908 
600.11 50.0004 14.1428 14.1428 5.79708e-06 -0.000336374 0.0985267 0.0546624 0.0003 0.23075 1.95167 
600.11 50 14.1429 14.1429 7.18409e-08 7.49466e-05 0.0992321 1.39979 0.0003 -0.0978054 -2.45392 
600.11 50.0001 14.1429 14.1428 1.23058e-05 3.99575e-05 0.0992619 1.39979 0.0003 0.707742 -2.68769 
600.11 50 14.1429 14.1429 -1.43115e-08 0.000344238 0.0992319 1.39979 0.0003 -0.0232611 -3.02909 
600.11 50.0003 14.1428 14.1428 2.45832e-05 -0.00053587 0.09844 0.0546624 0.0003 1.38814 -2.99801 
600.11 49.9999 14.1429 14.1429 -2.90006e-06 0.000222045 0.0992249 1.39979 0.0003 -1.3738 -3.15357 
600.11 49.9999 14.1429 14.1429 -2.57631e-05 0.000280497 0.0991695 1.39979 0.0003 -0.194916 -1.92947 
600.11 50 14.1429 14.1429 1.03665e-05 0.000167534 0.0992572 1.39979 0.0003 -0.026822 2.2871 
600.11 50.0013 14.1428 14.1428 -1.01384e-05 -0.000401988 0.0985984 0.0546624 0.0003 0.315919 1.74505 
600.11 50.0015 14.1428 14.1428 -5.80951e-05 -6.38535e-05 0.0988166 0.0546624 0.0003 1.20303 -2.62204 
600.11 50.0029 14.1427 14.1428 -7.72587e-05 -0.000363851 0.0989069 0.0546624 0.0003 0.0528839 0.726046 
600.11 50.0001 14.1429 14.1428 6.72073e-06 5.87558e-05 0.0992482 1.39979 0.0003 0.63793 2.6547 
600.11 50.0006 14.1428 14.1428 2.9153e-05 -0.000257437 0.0984145 0.0546624 0.0003 0.316779 -1.93833 
600.11 50.0031 14.1427 14.1427 7.2538e-05 -0.00168369 0.0982203 0.0546624 0.0003 0.915754 -2.24487 
600.11 50.0003 14.1428 14.1428 3.49361e-05 -1.63903e-05 0.0983918 0.0546624 0.0003 0.947901 -2.70954 
600.11 49.9977 14.1429 14.1429 5.62875e-05 0.000711337 0.0993658 1.39979 0.0152701 -0.879004 -2.09799 
600.11 50 14.1429 14.1429 1.97752e-08 0.000121154 0.099232 1.39979 0.0003 -0.304892 -3.13501 
600.11 49.9998 14.1429 14.1428 6.39941e-05 0.000112672 0.0993884 1.39979 0.023189 -0.0830637 -0.966362 
600.11 49.9967 14.143 14.143 5.72841e-05 0.00170785 0.0993758 1.39979 0.01877 -0.190291 0.627166 
600.11 50 14.1429 14.1429 2.16611e-10 4.78598e-05 0.099232 1.39979 0.0003 0.321701 -3.47658 
600.11 50.0009 14.1428 14.1428 -2.59666e-05 -0.000428726 0.0986719 0.0546624 0.0003 0.511927 -2.1052 
600.11 50.0001 14.1429 14.1429 2.68532e-06 0.000196176 0.0992388 1.39979 0.0003 2.1765 3.48524 
600.11 49.9944 14.1431 14.1429 0.000369894 0.000120577 0.100101 1.39979 0.249304 -0.217729 -0.328428 
600.11 50 14.1429 14.1429 -4.00382e-08 0.000100481 0.0992319 1.39979 0.0003 -1.67528 -3.66518 
600.11 50 14.1429 14.1429 -1.6945e-07 0.000330053 0.0992315 1.39979 0.0003 -1.39611 -3.76648 
600.11 50 14.1429 14.1429 1.88663e-07 0.000376085 0.0992324 1.39979 0.0003 0.639526 -3.13453 
600.11 50 14.1429 14.1429 -2.2714e-07 0.000275394 0.0992314 1.39979 0.0003 -0.826159 -3.48582 
600.11 50 14.1429 14.1429 -2.5433e-11 9.06959e-05 0.099232 1.39979 0.0003 -0.0345548 4.19726 
600.11 50.0001 14.1429 14.1429 -4.87509e-06 -0.000315851 0.0985752 0.0546624 0.0003 0.756325 -2.73567 
600.11 50.0064 14.1426 14.1426 -4.0359e-05 -0.00318392 0.0987727 0.0546624 0.0003 0.0833253 0.063848 
600.11 50 14.1429 14.1429 3.34807e-06 0.000156719 0.0992401 1.39979 0.0003 -0.163462 2.43576 
600.11 50 14.1429 14.1429 -5.28525e-07 8.95413e-05 0.0992307 1.39979 0.0003 0.91749 -3.09452 
600.11 50.0009 14.1428 14.143 -0.000288717 0.00193728 0.0985355 1.39979 0.0003 -0.0325371 -0.60592 
600.11 50 14.1429 14.1429 -1.02323e-07 0.000115615 0.0992317 1.39979 0.0003 0.664886 -3.17514 
600.11 50 14.1429 14.1429 -6.44518e-07 0.000226167 0.0992304 1.39979 0.0003 -0.324645 3.11485 
600.11 49.9988 14.1429 14.1429 4.20655e-05 8.44539e-06 0.0992872 1.39979 0.0003 -0.875739 -2.24047 
600.11 50 14.1429 14.1429 4.15279e-06 0.000202569 0.099242 1.39979 0.0003 0.144058 -2.43634 
600.11 50.0003 14.1428 14.1429 -3.9448e-05 -2.94932e-05 0.0987347 0.0546624 0.0003 -0.0200693 1.34644 
600.11 49.9888 14.1433 14.1433 8.93907e-05 0.00459648 0.0994523 1.39979 0.0454622 -0.303983 -0.117737 
600.11 49.9993 14.1429 14.1429 -1.9696e-05 0.000431834 0.099184 1.39979 0.0003 -2.77838 -3.15562 
600.11 50 14.1429 14.1429 1.56854e-09 -0.000317009 0.0985531 0.0546624 0.0003 0.0575299 3.8557 
600.11 50.003 14.1427 14.1427 0.000110978 -0.00183498 0.0980435 0.0546624 0.0003 2.56784 -3.03781 
600.11 49.9997 14.1429 14.1429 -3.97104e-07 -0.000150997 0.0985549 0.0546624 0.0003 -1.01206 2.63042 
600.11 50.0034 14.1427 14.1427 0.000103544 -0.00258858 0.0980769 0.0546624 0.0003 0.375946 1.55122 
600.11 49.9995 14.1429 14.1429 -2.88708e-05 0.000844032 0.0991591 1.39979 0.0003 -0.0829785 0.431675 
600.11 50.0045 14.1427 14.1428 -0.000165094 -0.000382833 0.0993019 0.0546624 0 0.438042 1.56627 
600.11 50.0005 14.1428 14.1428 -1.87836e-05 -0.000481419 0.0986385 0.0546624 0.0003 0.85249 2.56345 
600.11 50.0032 14.1427 14.1428 -8.43941e-05 -0.000106803 0.0989384 0.0546624 0.0003 0.907326 2.22846 
600.11 49.999 14.1429 14.1429 -4.51738e-05 0.000762026 0.099123 1.39979 0.0003 -0.208395 -1.32986 
600.11 49.9999 14.1429 14.1429 -1.91882e-05 -1.06832e-05 0.0986422 0.0546624 0.0003 -0.223153 2.10656 
600.11 50 14.1429 14.1429 3.16273e-10 4.11672e-05 0.099232 1.39979 0.0003 -0.300734 -3.73585 
600.11 50 14.1429 14.1429 1.03884e-07 0.000157715 0.0992322 1.39979 0.0003 -0.0551441 3.67263 
600.11 50.0003 14.1428 14.1428 7.59145e-05 -0.000454398 0.0982015 0.0546624 0.0003 0.441338 2.30169 
600.11 50.0003 14.1428 14.1428 5.35723e-05 -0.000894116 0.098306 0.0546624 0.0003 0.472859 -2.2787 
600.11 50 14.1429 14.1429 2.13072e-06 0.00011348 0.0992372 1.39979 0.0003 1.83628 -3.76964 
600.11 49.9989 14.1429 14.143 -0.00023439 0.00204799 0.0986702 1.39979 0.0003 -0.0975965 -0.194647 
600.11 49.9994 14.1429 14.143 -0.000310683 0.00244822 0.0984895 1.39979 0.0003 -0.0851943 -0.374535 
600.11 50.0001 14.1429 14.1428 3.82257e-05 0.000232498 0.0993251 1.39979 0.00104641 0.452315 -2.45886 
600.11 49.9974 14.143 14.143 -9.24624e-05 0.00206519 0.0990133 1.39979 0.0003 -0.265303 1.09794 
600.11 50.0054 14.1426 14.1428 -0.000402246 -0.000444162 0.100411 0.0546624 0.322494 0.0674743 0.20563 
600.11 49.9999 14.1429 14.1429 2.83055e-06 0.000194275 0.0992387 1.39979 0.0003 -1.58287 -3.15104 
600.11 50.0019 14.1428 14.1428 3.65474e-05 -0.00244852 0.0983855 0.0546624 0.0003 0.382896 -1.74101 
600.11 49.9973 14.143 14.143 -0.000127086 0.00194541 0.0989251 1.39979 0.0003 -2.20779 -2.84653 
600.11 50.0016 14.1428 14.1428 -8.34607e-05 -0.000365688 0.0989553 0.0546624 0.0003 0.0447699 1.00445 
600.11 49.998 14.1429 14.1429 6.04371e-05 0.000792472 0.0993873 1.39979 0.0227856 -0.14724 -0.656254 
600.11 49.9988 14.1429 14.1429 -7.84719e-06 0.000840338 0.0992226 1.39979 0.0003 -0.109526 0.546733 
600.11 50 14.1429 14.1429 -1.53913e-08 8.10515e-05 0.0992319 1.39979 0.0003 -0.129687 3.81093 
600.11 50 14.1429 14.1429 3.14407e-10 0.000346154 0.099232 1.39979 0.0003 0.0750868 4.18658 
600.11 49.9963 14.143 14.1429 0.000133923 0.000786031 0.0995552 1.39979 0.0809156 -0.1636 0.129404 
600.11 50.0014 14.1428 14.1427 0.000300695 -0.00164307 0.0971695 0.0546624 0.0003 0.0245957 0.957676 
600.11 50.0015 14.1428 14.1429 -0.000105871 8.99297e-05 0.098977 1.39979 0.0003 -0.0273975 -0.0840692 
600.11 50.0003 14.1428 14.1428 6.79893e-05 -0.000392329 0.0982383 0.0546624 0.0003 0.76557 2.5572 
600.11 50 14.1429 14.1429 -5.60969e-06 0.000119876 0.0992183 1.39979 0.0003 -0.841854 -2.91852 
600.11 50 14.1429 14.1429 -6.06402e-06 -0.000138028 0.0985813 0.0546624 0.0003 -0.336111 2.71065 
600.11 50 14.1429 14.1429 1.37926e-06 -8.49788e-05 0.0985469 0.0546624 0.0003 -1.6285 3.30544 
600.11 50.0018 14.1428 14.1427 7.60352e-05 -0.00167224 0.0982098 0.0546624 0.0003 0.575589 -2.01007 
600.11 50.0043 14.1427 14.1428 -0.000108813 -0.00101362 0.0990348 0.0546624 0.0003 0.049744 -0.303192 
600.11 49.9996 14.1429 14.1429 -4.29999e-05 0.000550665 0.0991271 1.39979 0.0003 -0.460908 2.02379 
600.11 50.0073 14.1426 14.1426 -5.40533e-05 -0.00286614 0.0988051 0.0546624 0.0003 0.122589 0.409322 
600.11 49.9997 14.1429 14.1429 1.0056e-05 0.000426479 0.099256 1.39979 0.0003 -1.42417 2.88751 
600.11 50.0001 14.1429 14.1429 -6.69174e-07 -3.08159e-05 0.0985563 0.0546624 0.0003 0.291312 2.36717 
600.11 50.005 14.1427 14.1427 -2.95289e-05 -0.00187933 0.0986899 0.0546624 0.0003 2.18929 2.87436 
600.11 50.002 14.1428 14.1429 -0.000267035 0.000893718 0.0985951 1.39979 0.0003 -0.00477321 -0.407949 
600.11 50.0003 14.1428 14.1429 -1.87725e-05 -0.000624086 0.0986389 0.0546624 0.0003 0.202897 1.92176 
600.11 50 14.1429 14.1429 -3.78304e-06 8.25902e-05 0.0992227 1.39979 0.0003 -0.955691 3.26605 
600.11 50.0007 14.1428 14.1429 -0.000178107 0.00114776 0.098806 1.39979 0.0003 -0.0458787 0.279955 
600.11 50.0001 14.1429 14.1429 -3.66894e-06 0.000230192 0.0992232 1.39979 0.0003 0.446474 -2.51476 
600.11 50.0002 14.1428 14.1428 -5.64299e-07 4.0887e-05 0.0992304 1.39979 0.0003 1.2518 -2.9928 
600.11 49.9936 14.1431 14.143 0.000181859 0.0023785 0.0996779 1.39979 0.122192 -0.249232 0.466871 
600.11 50 14.1429 14.1429 2.18702e-06 0.000293691 0.0992373 1.39979 0.0003 -0.0510587 -2.57979 
600.11 49.9998 14.1429 14.1429 -6.20977e-05 0.000701295 0.0990844 1.39979 0.0003 -0.0746441 0.784701 
600.11 50 14.1429 14.1429 -1.04263e-08 0.000349861 0.0992319 1.39979 0.0003 -1.26996 -3.83068 
600.11 50.0016 14.1428 14.1427 0.000110801 -0.00106342 0.0980454 0.0546624 0.0003 -0.0154366 -0.439321 
600.11 50.0034 14.1427 14.1427 -3.32211e-05 -0.00117304 0.0987064 0.0546624 0.0003 0.0191973 -0.00928589 
600.11 50.0002 14.1428 14.1429 -8.08714e-05 0.000469542 0.0990363 1.39979 0.0003 -0.011155 -1.47265 
600.11 49.9999 14.1429 14.1429 1.14371e-05 3.30577e-05 0.0992598 1.39979 0.0003 -0.229572 -2.10832 
600.11 49.9997 14.1429 14.1429 1.83289e-06 1.63713e-08 0.0986133 1.39979 0.0003 -1.87232 3.12778 
600.11 50.001 14.1428 14.1428 4.07153e-05 -0.000432139 0.0983656 0.0546624 0.0003 0.112103 -1.43464 
600.11 49.999 14.1429 14.1428 0.000281603 -0.00108922 0.0972581 0.0546624 0.0003 -0.0996841 0.494122 
600.11 50.0056 14.1426 14.1427 -0.000165563 -0.0011239 0.0993113 0.0546624 0 0.731099 -1.91445 
600.11 49.997 14.143 14.1429 9.12675e-05 0.00107773 0.0994537 1.39979 0.0459527 -0.147255 -0.206239 
600.11 49.9998 14.1429 14.1429 -2.28248e-05 0.00029532 0.0991767 1.39979 0.0003 -0.38698 -2.16448 
600.11 50.0018 14.1428 14.1427 8.7776e-05 -0.00125056 0.0981553 0.0546624 0.0003 2.28541 -3.07087 
600.11 49.9982 14.1429 14.1429 6.45141e-05 0.00120573 0.0993881 1.39979 0.0230629 -0.745463 -2.01693 
600.11 50.0011 14.1428 14.1428 -4.393e-05 -7.8879e-05 0.0987524 0.0546624 0.0003 0.537638 2.07789 
600.11 50.0063 14.1426 14.1426 1.986e-05 -0.00299841 0.098445 0.0546624 0.0003 0.232221 -1.00591 
600.11 50.0009 14.1428 14.1428 -3.01181e-05 -0.000260513 0.098691 0.0546624 0.0003 0.800295 2.39484 
600.11 50 14.1429 14.1429 -2.67144e-08 1.23878e-05 0.0992319 1.39979 0.0003 -0.617844 -3.51622 
600.11 50 14.1429 14.1429 2.72193e-08 0.000206148 0.099232 1.39979 0.0003 1.16384 3.97779 
600.11 49.9952 14.1431 14.143 0.000156426 0.000975016 0.0996146 1.39979 0.101064 -0.197228 -0.286448 
600.11 50 14.1429 14.1429 3.26776e-08 5.51183e-05 0.099232 1.39979 0.0003 -0.404624 3.2815 
600.11 50.0027 14.1427 14.1428 -0.000101964 -0.000592182 0.0990164 0.0546624 0.0003 0.647187 1.99578 
600.11 50.004 14.1427 14.1426 6.17947e-05 -0.00231285 0.0982848 0.0546624 0.0003 0.0698198 0.596018 
600.11 49.9989 14.1429 14.1429 -5.43018e-05 0.000950936 0.0991027 1.39979 0.0003 -1.93654 2.92013 
600.11 49.9897 14.1433 14.1432 0.000179282 0.00337472 0.0996725 1.39979 0.120394 -0.29915 -0.263757 
600.11 50.0049 14.1427 14.1427 -0.000160083 -0.00146985 0.0993113 0.0546624 0 0.216491 -1.07478 
600.11 50.0032 14.1427 14.1427 -1.41978e-05 -0.00137305 0.098618 0.0546624 0.0003 0.295362 -1.4286 
600.11 50 14.1429 14.1429 2.14739e-06 0.000100639 0.0992372 1.39979 0.0003 0.293218 -2.91175 
600.11 50.0001 14.1429 14.1429 7.72452e-06 -0.000600521 0.0985174 0.0546624 0.0003 0.0288318 1.93432 
600.11 49.9999 14.1429 14.1429 -8.7362e-06 8.80517e-05 0.0992108 1.39979 0.0003 -1.39826 3.08338 
600.11 50 14.1429 14.1429 1.3213e-05 0.000237842 0.0992641 1.39979 0.0003 -0.00236856 -2.11854 
600.11 50.0005 14.1428 14.1428 -1.01294e-05 -0.000353077 0.0985993 0.0546624 0.0003 1.70943 3.08409 
600.11 50 14.1429 14.1429 2.62075e-07 -0.000129061 0.098552 0.0546624 0.0003 -0.0166234 -2.06646 
600.11 49.9997 14.1429 14.1429 3.26556e-06 3.14084e-05 0.0992399 1.39979 0.0003 -1.6298 3.00334 
600.11 50 14.1429 14.1428 1.70397e-05 -8.69723e-05 0.0984745 0.0546624 0.0003 -0.0974508 1.94061 
600.11 50.008 14.1425 14.1426 -0.000176329 -0.00223799 0.0993405 0.0546624 0.00643238 0.346351 1.18904 
600.11 50.0069 14.1426 14.1427 -0.000363492 -0.000920752 0.100237 0.0546624 0.283609 0.0941102 0.0888431 
600.11 50.0001 14.1429 14.1429 -5.53682e-05 0.000192217 0.0991005 1.39979 0.0003 -0.0563153 -1.136 
600.11 49.9999 14.1429 14.1429 2.83608e-06 -2.38307e-05 0.0985403 0.0546624 0.0003 -0.50768 -2.4436 
600.11 50 14.1429 14.1429 5.88656e-07 -0.000188887 0.0985504 0.0546624 0.0003 1.05502 3.65149 
600.11 50.0005 14.1428 14.1428 1.33914e-05 0.000754077 0.0992657 1.39979 0.0003 2.04499 3.20412 
600.11 50.0023 14.1428 14.1428 3.47152e-06 -0.000703365 0.0985356 0.0546624 0.0003 0.0467644 -0.818515 
600.11 50.001 14.1428 14.1428 3.91728e-05 -0.000475684 0.0983727 0.0546624 0.0003 1.53104 -2.89362 
600.11 49.9997 14.1429 14.1429 1.25324e-05 0.000186096 0.0992618 1.39979 0.0003 -0.638552 2.28839 
600.11 49.9997 14.1429 14.1429 9.73124e-06 -4.9055e-06 0.0985088 0.0546624 0.0003 -2.01016 -3.15102 
600.11 49.9999 14.1429 14.1429 -1.78892e-05 0.000366063 0.0991885 1.39979 0.0003 -0.924301 2.71267 
600.11 50.0023 14.1428 14.1427 4.086e-05 -0.00112112 0.0983657 0.0546624 0.0003 0.0441579 0.808896 
600.11 50 14.1429 14.1429 4.64199e-08 -0.000187196 0.0985529 0.0546624 0.0003 -0.153318 3.34362 
600.11 50.0017 14.1428 14.1428 -1.74331e-06 -0.000337234 0.0985628 0.0546624 0.0003 2.4712 -3.11811 
600.11 50 14.1429 14.1429 -2.75745e-08 1.01841e-06 0.0992319 1.39979 0.0003 0.937314 3.61135 
600.11 50 14.1429 14.1429 -2.8169e-06 0.000122542 0.0992251 1.39979 0.0003 -0.877885 -3.04145 
600.11 50 14.1429 14.1429 1.10416e-07 -0.000351414 0.0985526 0.0546624 0.0003 -0.757733 -3.12697 
600.11 50 14.1429 14.1429 1.90053e-07 -0.000204492 0.0985523 0.0546624 0.0003 -0.708354 -3.11701 
600.11 50.0002 14.1429 14.1428 8.14052e-05 -0.00024 0.0981765 0.0546624 0.0003 -0.00686013 -1.63061 
600.11 50 14.1429 14.1429 3.43939e-06 0.000246965 0.0992403 1.39979 0.0003 -0.0148794 -2.51647 
600.11 50 14.1429 14.1429 9.87037e-07 0.00044051 0.0992344 1.39979 0.0003 1.49316 3.7474 
600.11 49.9995 14.1429 14.1429 -4.69795e-05 0.000276952 0.0991181 1.39979 0.0003 -0.351406 -1.80552 
600.11 49.9994 14.1429 14.1429 -1.29275e-05 0.000323531 0.0992011 1.39979 0.0003 -1.40544 2.77673 
