600.11 50 14.1429 14.1429 -1.28003e-06 6.75412 0 1.39979 0.0003 -1.27482 3.52289 
600.11 49.9996 14.1429 14.1429 -4.17032e-05 6.7512 0 1.39979 0.0003 -0.149982 -1.39062 
600.11 49.7621 14.1525 14.15 0.00477696 6.82841 0 1.39979 0.0003 -0.940199 -0.315702 
600.11 45.3856 14.3317 14.2751 0.108991 8.12443 0 1.39979 0.0003 -2.10363 -0.795797 
600.11 39.718 14.5709 14.574 0.000770338 10.6472 0 1.39979 0.0003 -2.90119 -0.80147 
600.11 50 14.1429 14.1429 -8.37824e-07 6.7498 0 1.39979 0.0003 1.67611 3.53364 
600.11 50.5725 14.1198 14.1295 -0.0179711 6.47762 0 1.39979 0.0003 0.945841 0.238348 
600.11 50 14.1429 14.1429 2.67374e-08 7.37708 1.97626e-323 1.39979 0.0003 0.821432 -3.58483 
600.11 50 14.1429 14.1429 1.22464e-06 6.79711 0 1.39979 0.0003 -0.112375 -2.18957 
600.11 49.996 14.143 14.143 1.74544e-05 6.62549 0 1.39979 0.0003 -1.67349 2.56642 
600.11 41.6986 14.4864 14.4415 0.0913707 8.80264 0 1.39979 0.0003 -3.89568 -0.243638 
600.11 49.9994 14.1429 14.1429 -3.70114e-05 6.74619 0 1.39979 0.0003 -2.21871 3.11044 
600.11 45.0291 14.3466 14.419 -0.167282 7.83456 0 1.39979 0.0003 -2.17971 0.831427 
600.11 49.9623 14.1444 14.1448 -0.000473155 6.77194 0 1.39979 0.0003 -0.784617 1.11406 
600.11 51.5426 14.0808 14.1064 -0.0475821 6.36637 0 1.39979 0.0003 1.45035 0.95054 
600.11 50.0023 14.1428 14.1422 0.00123931 6.77993 0 1.39979 0.0003 1.91328 -2.9159 
600.11 50.0382 14.1413 14.1412 0.000272267 6.77322 0 1.39979 0.0003 0.482637 0.769125 
600.11 50.0007 14.1428 14.1428 -1.79886e-06 6.73255 0 1.39979 0.0003 0.0495319 -1.3942 
600.11 72.8003 13.2779 13.2932 -0.0277479 -2.56574 0.184809 0.0546624 0.503 2.21283 0.216817 
600.11 50.2007 14.1348 14.1372 -0.00467625 4.96399 0 1.39979 0.0003 1.26856 -1.5186 
600.11 50.875 14.1076 14.0994 0.0110011 6.25876 0 1.39979 0.0003 2.13034 -1.76236 
600.11 50 14.1429 14.1429 -2.62658e-07 6.87139 0 1.39979 0.0003 1.34152 3.51367 
600.11 72.8258 13.2769 13.2811 -0.00229992 -0.241524 0.105984 0.0546624 0.503 2.26899 -0.362141 
600.11 50 14.1429 14.1429 1.48997e-07 7.75714 0 1.39979 0.0003 0.859929 -3.40018 
600.11 48.5853 14.2003 14.2033 -0.00393288 7.54411 0 1.39979 0.0003 -1.38956 -0.0502495 
600.11 32.8524 14.8716 14.9177 -0.0798003 15.2617 0 1.39979 0.0003 -3.38476 0.0538834 
600.11 50.0011 14.1428 14.1431 -0.000546156 6.20059 0 1.39979 0.0003 0.0101246 0.987303 
600.11 49.9745 14.1439 14.1436 0.000599117 6.73949 0 1.39979 0.0003 -2.28607 -2.45384 
600.11 62.8715 13.6414 13.7606 -0.22602 2.91296 0 1.39979 0.0003 2.05133 -0.571204 
600.11 50 14.1429 14.1429 4.68682e-07 6.76101 0 1.39979 0.0003 1.00092 -3.79879 
600.11 41.8544 14.4797 14.3894 0.174645 8.44725 0 1.39979 0.0003 -3.03435 -0.937411 
600.11 49.998 14.1429 14.1429 -2.99854e-06 6.55969 0 1.39979 0.0003 -0.736599 -1.97052 
600.11 50.2541 14.1326 14.132 0.0010042 6.82082 0 1.39979 0.0003 1.00668 1.04885 
600.11 50 14.1429 14.1429 -5.49965e-09 7.04026 0 1.39979 0.0003 -0.730004 3.64286 
600.11 49.9247 14.1459 14.1521 -0.0132243 6.45852 0 1.39979 0.0003 -0.6988 0.418528 
600.11 49.9981 14.1429 14.1433 -0.000864486 5.85397 0 1.39979 0.0003 -1.19433 -2.413 
600.11 74.4579 13.2189 13.2472 -0.056773 -2.15191 0.198899 0.0546624 0.503 2.25285 -0.198987 
600.11 51.5581 14.0802 14.0927 -0.0250316 6.25973 0 1.39979 0.0003 2.42131 1.7207 
600.11 50.1599 14.1364 14.1361 -0.000226842 6.70337 0 1.39979 0.0003 1.77545 -2.00704 
600.11 49.2022 14.1751 14.18 -0.0142965 5.69604 0 1.39979 0.0003 -3.83537 1.568 
600.11 49.9978 14.1429 14.1429 2.58159e-06 6.61508 0 1.39979 0.0003 -2.62124 -2.96514 
600.11 49.9456 14.1451 14.144 0.00191565 6.63539 0 1.39979 0.0003 -2.30133 2.30227 
600.11 37.8652 14.6507 14.5751 0.150715 10.9623 0 1.39979 0.0003 -2.36089 0.284689 
600.11 50.0026 14.1428 14.1427 3.80736e-05 5.93747 0 1.39979 0.0003 0.111665 -1.04278 
600.11 55.5223 13.9231 13.7975 0.251096 5.08089 5.64137e-135 1.39979 0.0003 4.04599 -0.981007 
600.11 50.0976 14.1389 14.1316 0.015501 6.74976 0 1.39979 0.0003 2.69332 2.43263 
600.11 50.5024 14.1226 14.1313 -0.0160735 6.61897 0 1.39979 0.0003 1.00376 0.647512 
600.11 49.9716 14.144 14.1442 -0.00048897 6.73415 0 1.39979 0.0003 -2.40236 2.46338 
600.11 49.7408 14.1533 14.1595 -0.0125603 6.59298 0 1.39979 0.0003 -1.08819 0.7775 
600.11 50 14.1429 14.1429 3.57638e-08 6.86458 0 1.39979 0.0003 1.25497 3.97656 
600.11 49.8485 14.149 14.1492 -0.000689826 6.75023 0 1.39979 0.0003 -1.37692 -1.46654 
600.11 50.0002 14.1428 14.1429 -8.26742e-06 6.84273 0 1.39979 0.0003 0.642211 2.53753 
600.11 49.8898 14.1473 14.1472 0.000232979 6.78902 0 1.39979 0.0003 -2.25336 -2.13067 
600.11 75.555 13.1804 13.188 -0.0135854 -2.64934 0.154013 0.0546624 0.503 2.71071 -0.68634 
600.11 50.0015 14.1428 14.1428 -5.84687e-05 6.72844 0 1.39979 0.0003 2.24889 -3.0869 
600.11 50.0022 14.1428 14.1428 -7.80949e-05 6.74914 0 1.39979 0.0003 1.63948 2.80642 
600.11 51.3078 14.0902 14.0619 0.0560158 5.93029 0 1.39979 0.0003 2.55859 -1.80924 
600.11 63.382 13.6218 13.4425 0.341215 0.75628 3.1119e-29 1.39979 0.0003 2.34731 0.873463 
600.11 48.5368 14.2022 14.2047 -0.0135818 6.86178 0 1.39979 0.0003 -4.02741 -1.22741 
600.11 49.9933 14.1431 14.1434 -0.000562716 6.75075 0 1.39979 0.0003 -0.832867 1.7734 
600.11 49.7888 14.1514 14.1477 0.00686017 6.24346 0 1.39979 0.0003 -1.69958 -1.66365 
600.11 49.8894 14.1473 14.1452 0.00379107 6.55442 0 1.39979 0.0003 -1.31116 -1.4967 
600.11 49.7468 14.1531 14.1704 -0.036929 5.75073 0 1.39979 0.0003 -2.23052 -1.92114 
600.11 45.1643 14.3409 14.3041 0.0617564 7.22447 0 1.39979 0.0003 -3.6995 -0.949481 
600.11 49.957 14.1446 14.1454 -0.00162977 6.76319 0 1.39979 0.0003 -2.55346 -2.4125 
600.11 50 14.1429 14.1429 6.32572e-07 6.75392 0 1.39979 0.0003 -1.6537 3.44105 
600.11 50.0248 14.1419 14.1423 -0.000826561 6.73815 0 1.39979 0.0003 0.420197 -0.833586 
600.11 49.939 14.1453 14.1459 -0.00129265 6.78089 0 1.39979 0.0003 -2.33457 2.28796 
600.11 74.6702 13.2118 13.2981 -0.197749 -1.17744 0.2 0.0546624 0.503 3.27186 0.717544 
600.11 49.8422 14.1492 14.1472 0.0036511 7.59202 1.97626e-323 1.39979 0.0003 -1.02202 0.912247 
600.11 35.707 14.7451 14.7584 -0.00852727 13.489 0 1.39979 0.0003 -2.43541 -0.103106 
600.11 50 14.1429 14.1429 -1.75493e-08 6.7525 0 1.39979 0.0003 -2.12373 -3.67441 
600.11 50.2905 14.1311 14.1353 -0.0072226 6.7544 0 1.39979 0.0003 3.56835 -2.14894 
600.11 43.4009 14.4148 14.5347 -0.237995 9.62831 0 1.39979 0.0003 -3.21287 1.02067 
600.11 49.9855 14.1434 14.1434 0.000113415 6.85114 0 1.39979 0.0003 -1.0951 -1.85848 
600.11 52.2193 14.0538 14.0822 -0.0545428 6.17743 0 1.39979 0.0003 3.20562 1.70485 
600.11 49.8674 14.1482 14.1471 0.00222913 6.73211 0 1.39979 0.0003 -2.81887 -2.20968 
600.11 74.5291 13.2166 13.2463 -0.06736 -1.17066 0.199615 0.0546624 0.503 2.91249 -0.76632 
600.11 75.9678 13.1663 13.1775 -0.0172028 -2.14057 0.164698 0.0546624 0.503 2.76478 0.695233 
600.11 50.8092 14.1102 14.119 -0.0160939 8.08786 1.97626e-323 1.39979 0.0003 3.38113 -1.94735 
600.11 49.9125 14.1464 14.1452 0.00235053 6.74897 0 1.39979 0.0003 -2.37041 -2.21962 
600.11 50.2598 14.1324 14.1152 0.0365865 8.21042 1.97626e-323 1.39979 0.0003 2.80799 -2.23956 
600.11 56.0091 13.9041 13.8421 0.122286 4.00975 8.34904e-185 1.39979 0.0003 2.70988 -1.37451 
600.11 50.0025 14.1428 14.1427 0.000206614 6.76396 0 1.39979 0.0003 0.16613 -1.23155 
600.11 50 14.1429 14.1429 -6.36245e-07 7.15034 0 1.39979 0.0003 -1.23055 3.78469 
600.11 50 14.1429 14.1429 -2.95528e-06 6.7462 0 1.39979 0.0003 -0.182159 2.56539 
600.11 50.0001 14.1429 14.1428 1.55387e-05 6.74771 0 1.39979 0.0003 0.0233367 -1.96287 
600.11 50 14.1429 14.1429 -1.05764e-07 6.72614 0 1.39979 0.0003 -1.24948 3.77974 
600.11 50.0076 14.1425 14.1426 -0.000118256 6.74568 0 1.39979 0.0003 1.63456 -2.57726 
600.11 50 14.1429 14.1429 -6.33447e-09 6.58478 0 1.39979 0.0003 -0.0143021 4.21989 
600.11 48.7656 14.1929 14.1777 0.0293182 7.10149 0 1.39979 0.0003 -2.90277 1.6491 
600.11 50.0854 14.1394 14.1368 0.00549277 6.69553 0 1.39979 0.0003 1.59743 2.04329 
600.11 50.2409 14.1331 14.1332 0.000809844 7.84564 1.97626e-323 1.39979 0.0003 0.738414 -0.100482 
600.11 49.9998 14.1429 14.1429 -8.24765e-05 6.08141 0 1.39979 0.0003 -0.424966 2.10549 
600.11 50.0008 14.1428 14.1428 -1.66242e-05 6.75626 0 1.39979 0.0003 0.970578 -2.56158 
600.11 49.7429 14.1532 14.1548 -0.00550057 6.52045 0 1.39979 0.0003 -1.27708 -1.13908 
600.11 53.2401 14.0132 14.0442 -0.0610828 6.32199 0 1.39979 0.0003 3.29006 -1.57923 
600.11 50.1079 14.1385 14.1392 -0.000679156 6.79897 0 1.39979 0.0003 0.588696 0.311498 
600.11 50.0006 14.1428 14.1429 -0.000119889 6.75824 0 1.39979 0.0003 -0.0505827 0.038246 
600.11 50.1266 14.1377 14.1399 -0.0040545 7.16652 0 1.39979 0.0003 1.30684 -1.69946 
600.11 50.0003 14.1428 14.1429 -8.65915e-05 6.72667 0 1.39979 0.0003 0.0315381 -1.6387 
600.11 47.5174 14.2438 14.2125 0.0586713 5.63966 0 1.39979 0.0003 -3.86973 1.13478 
600.11 65.0091 13.5613 13.6877 -0.26975 3.45857 3.13621e-259 1.39979 0.0003 3.41471 -0.950815 
600.11 71.3072 13.3312 13.3344 -0.00632027 -0.576506 0.12692 0.0546624 0.503 3.50961 0.687811 
600.11 49.9357 14.1455 14.146 -0.000952127 6.77618 0 1.39979 0.0003 -3.37721 -2.34156 
600.11 74.7128 13.21 13.2341 -0.0398314 -2.24913 0.194483 0.0546624 0.503 3.52198 0.561318 
600.11 50 14.1429 14.1429 1.17374e-07 6.74745 0 1.39979 0.0003 -0.683135 3.14517 
600.11 37.2187 14.679 14.7048 -0.0428385 12.0934 0 1.39979 0.0003 -3.28844 -0.596429 
600.11 49.9998 14.1429 14.1429 -6.88042e-08 6.63386 0 1.39979 0.0003 -1.18017 2.80843 
600.11 49.8323 14.1496 14.1601 -0.0222935 6.9395 0 1.39979 0.0003 -1.64244 1.68637 
600.11 49.86 14.1485 14.1504 -0.00322915 5.26763 0 1.39979 0.0003 -3.24447 -2.19166 
600.11 69.2481 13.4059 13.5832 -0.331849 1.20674 0 1.39979 0.0003 3.37085 0.833292 
600.11 49.7636 14.1524 14.1618 -0.0194698 6.86501 0 1.39979 0.0003 -2.55787 -2.03828 
600.11 49.1897 14.1757 14.19 -0.0285466 7.29246 0 1.39979 0.0003 -1.39104 0.744096 
600.11 52.7568 14.0323 13.9814 0.100945 4.95996 0 1.39979 0.0003 1.3535 -0.162295 
600.11 50.0011 14.1428 14.1428 7.54898e-05 6.70289 0 1.39979 0.0003 0.034329 -1.12766 
600.11 42.8727 14.4367 14.3535 0.160428 8.99683 0 1.39979 0.0003 -3.09848 -1.00053 
600.11 49.9998 14.1429 14.1429 -5.89858e-05 6.27862 0 1.39979 0.0003 -0.274684 1.94759 
600.11 42.6857 14.4448 14.5128 -0.131657 10.7697 0 1.39979 0.0003 -3.64132 0.758161 
600.11 50.004 14.1427 14.1422 0.000964632 6.78153 0 1.39979 0.0003 0.122403 -0.864698 
600.11 75.5303 13.1813 13.1898 -0.0196784 -2.50873 0.171443 0.0546624 0.503 3.36526 0.649455 
600.11 46.056 14.3041 14.4032 -0.200644 8.55166 0 1.39979 0.0003 -3.64394 -1.08487 
600.11 50 14.1429 14.1429 8.84387e-06 6.74599 0 1.39979 0.0003 0.876262 3.1942 
600.11 53.9851 13.9836 13.9516 0.0621329 5.0504 0 1.39979 0.0003 1.86597 -1.04398 
600.11 50.0769 14.1397 14.1388 0.0019322 7.45652 1.97626e-323 1.39979 0.0003 1.49625 -1.99577 
600.11 49.9719 14.144 14.1447 -0.00138246 6.4909 0 1.39979 0.0003 -1.53449 2.07105 
600.11 56.2807 13.8937 13.9724 -0.147578 8.12916 1.97626e-323 1.39979 0.0003 2.18401 1.12401 
600.11 50.2317 14.1335 14.1361 -0.00398173 7.698 0 1.39979 0.0003 0.864472 -0.776089 
600.11 50 14.1429 14.1429 -5.96598e-09 6.75753 0 1.39979 0.0003 0.33972 3.37283 
600.11 50.2785 14.1316 14.1323 -0.00153182 6.67735 0 1.39979 0.0003 1.45027 1.60672 
600.11 50 14.1429 14.1429 -2.20283e-10 6.75197 0 1.39979 0.0003 0.368654 3.85395 
600.11 49.9611 14.1444 14.1438 0.00122782 6.6879 0 1.39979 0.0003 -2.36439 -2.38989 
600.11 40.0331 14.5573 14.4964 0.10523 9.5415 0 1.39979 0.0003 -2.2616 0.370064 
600.11 55.3094 13.9315 13.9056 0.0486215 4.7823 1.97626e-323 1.39979 0.0003 2.66378 1.4077 
600.11 50 14.1429 14.1429 4.72149e-11 6.74953 0 1.39979 0.0003 -0.380231 -4.03508 
600.11 50.0016 14.1428 14.1428 -5.60302e-05 6.75247 0 1.39979 0.0003 0.575581 2.03642 
600.11 50 14.1429 14.1429 1.46924e-08 6.78114 0 1.39979 0.0003 -0.249711 3.14018 
600.11 49.8214 14.1501 14.1593 -0.0193555 6.8945 0 1.39979 0.0003 -3.50336 2.09082 
600.11 47.4462 14.2467 14.2093 0.0708632 7.46356 0 1.39979 0.0003 -1.81222 -0.778171 
600.11 50 14.1429 14.1429 4.50923e-07 6.74976 0 1.39979 0.0003 -0.160538 2.42732 
600.11 46.9098 14.2688 14.2286 0.0770554 7.60512 0 1.39979 0.0003 -2.47953 -1.2485 
600.11 50.1305 14.1376 14.1401 -0.00457214 6.90042 0 1.39979 0.0003 0.898013 1.14319 
600.11 44.8983 14.352 14.3204 0.0559039 8.06352 0 1.39979 0.0003 -3.89 0.739202 
600.11 50.0099 14.1425 14.1414 0.00233085 6.73442 0 1.39979 0.0003 0.652706 -1.65581 
600.11 50.1181 14.1381 14.1294 0.0185233 6.6697 0 1.39979 0.0003 0.677936 0.657733 
600.11 50.0016 14.1428 14.1428 7.28051e-05 6.76506 0 1.39979 0.0003 0.0177106 0.826149 
600.11 49.9995 14.1429 14.1429 -7.85329e-05 6.74119 0 1.39979 0.0003 -1.14761 -2.6208 
600.11 52.0847 14.0591 14.0523 0.0099484 5.72567 0 1.39979 0.0003 2.10027 -1.48371 
600.11 50 14.1429 14.1429 -2.15699e-10 6.75532 0 1.39979 0.0003 0.036167 -3.28048 
600.11 43.1314 14.426 14.4136 0.0304712 9.78364 0 1.39979 0.0003 -1.98175 -0.103006 
600.11 50.0001 14.1429 14.1429 -1.03052e-07 6.7483 0 1.39979 0.0003 0.839345 2.82077 
600.11 49.9979 14.1429 14.1429 7.38089e-05 6.77336 0 1.39979 0.0003 -2.39186 2.92994 
600.11 49.2548 14.173 14.1662 0.0134751 7.0065 0 1.39979 0.0003 -2.26646 -1.6388 
600.11 52.2679 14.0517 14.0295 0.0358979 4.85666 0 1.39979 0.0003 2.94342 1.71041 
600.11 35.1157 14.7709 14.6449 0.245381 11.8329 0 1.39979 0.0003 -3.05929 0.534577 
600.11 50.0005 14.1428 14.1426 0.000600264 6.88118 0 1.39979 0.0003 -0.0533986 0.217333 
600.11 49.9975 14.143 14.1435 -0.00109888 6.25752 0 1.39979 0.0003 -1.77423 -2.70464 
600.11 46.5976 14.2818 14.3529 -0.146882 7.47413 0 1.39979 0.0003 -3.55116 -1.19685 
600.11 50.095 14.139 14.1374 0.00356244 6.70484 0 1.39979 0.0003 1.94449 -2.21901 
600.11 50 14.1429 14.1429 1.84748e-08 6.73079 0 1.39979 0.0003 -0.767697 -3.49698 
600.11 48.0441 14.2224 14.2377 -0.0267842 6.54778 0 1.39979 0.0003 -1.68318 0.738104 
600.11 33.9472 14.8227 14.7796 0.0963521 13.0853 0 1.39979 0.0003 -2.56788 -0.169499 
600.11 50.0005 14.1428 14.1428 7.83258e-05 6.7627 0 1.39979 0.0003 0.910009 2.6156 
600.11 50 14.1429 14.1429 -1.29451e-07 6.75017 0 1.39979 0.0003 0.0749371 2.66867 
600.11 49.5393 14.1615 14.1578 0.00783179 5.77543 0 1.39979 0.0003 -2.39683 -1.82521 
600.11 49.974 14.1439 14.1449 -0.00214739 6.7562 0 1.39979 0.0003 -1.21495 1.8244 
600.11 50 14.1429 14.1429 -2.94651e-06 6.74878 0 1.39979 0.0003 -1.11293 3.50457 
600.11 49.8397 14.1493 14.149 0.00076674 6.75933 0 1.39979 0.0003 -3.07615 -2.17355 
600.11 57.4896 13.8467 13.9215 -0.131833 6.2785 1.97626e-323 1.39979 0.0003 2.53778 -1.2422 
600.11 33.2021 14.8559 14.8648 -0.00919647 13.5695 0 1.39979 0.0003 -3.33406 0.243845 
600.11 50.0148 14.1423 14.1425 -0.000476732 6.70479 0 1.39979 0.0003 2.41151 2.74083 
600.11 49.9902 14.1433 14.1431 0.000198872 6.7491 0 1.39979 0.0003 -1.41529 -2.22646 
600.11 49.8373 14.1494 14.1509 -0.00341566 7.26409 0 1.39979 0.0003 -2.20251 -2.01965 
600.11 49.9905 14.1432 14.1434 -0.000310103 6.74719 0 1.39979 0.0003 -2.638 -2.71443 
600.11 50.2378 14.1333 14.1376 -0.00815634 6.61515 0 1.39979 0.0003 2.82589 2.25987 
600.11 50 14.1429 14.1429 -1.24564e-06 6.74506 0 1.39979 0.0003 -1.79061 3.72369 
600.11 50 14.1429 14.1429 -1.8977e-08 6.75049 0 1.39979 0.0003 -0.601731 4.11846 
600.11 49.9997 14.1429 14.1429 -1.40124e-05 6.64513 0 1.39979 0.0003 -2.49465 -3.27707 
600.11 50 14.1429 14.1429 3.35706e-06 7.08306 0 1.39979 0.0003 0.951161 -3.15884 
600.11 49.9917 14.1432 14.1431 0.000263279 6.64215 0 1.39979 0.0003 -1.21249 -2.10523 
600.11 53.1063 14.0185 14.0575 -0.0749561 5.82668 0 1.39979 0.0003 2.09308 1.34044 
600.11 44.3477 14.3749 14.3061 0.132028 7.90571 0 1.39979 0.0003 -1.89824 0.155208 
600.11 45.0144 14.3473 14.4078 -0.119314 9.45664 0 1.39979 0.0003 -1.86014 0.249965 
600.11 49.9972 14.143 14.1429 7.09974e-05 6.49077 0 1.39979 0.0003 -0.956009 2.12699 
600.11 51.1216 14.0976 14.0465 0.107192 6.56957 2.27171e-212 1.39979 0.0003 1.12393 -0.315003 
600.11 53.3066 14.0104 13.9771 0.053084 5.09737 0 1.39979 0.0003 2.98594 1.5997 
600.11 50.0265 14.1418 14.1417 -2.74261e-05 6.75156 0 1.39979 0.0003 1.06075 1.87814 
600.11 50.0037 14.1427 14.1427 -1.38876e-05 6.73047 0 1.39979 0.0003 0.14861 -1.0134 
600.11 50.147 14.1369 14.125 0.0255208 6.57533 0 1.39979 0.0003 0.647875 -0.279455 
600.11 47.4857 14.2453 14.3234 -0.160387 7.96641 0 1.39979 0.0003 -4.14148 -0.85436 
600.11 45.9671 14.3076 14.3001 0.000191654 8.34695 0 1.39979 0.0003 -4.16007 -0.472234 
600.11 50 14.1429 14.1429 -1.41554e-09 6.74757 0 1.39979 0.0003 -0.709094 4.04679 
600.11 46.9858 14.2658 14.3267 -0.121629 8.74675 0 1.39979 0.0003 -2.85461 -1.35424 
600.11 41.0659 14.5134 14.5853 -0.15255 10.17 0 1.39979 0.0003 -2.8977 0.882814 
600.11 50 14.1429 14.1429 1.01002e-09 6.77434 0 1.39979 0.0003 1.24686 3.88313 
600.11 50.0003 14.1428 14.1429 -1.01376e-05 6.84902 0 1.39979 0.0003 2.19044 -3.31829 
600.11 50.0015 14.1428 14.1428 -3.98212e-05 6.74863 0 1.39979 0.0003 2.47392 -3.138 
600.11 51.9047 14.0664 14.0974 -0.0579101 5.34289 0 1.39979 0.0003 1.26713 0.309043 
600.11 60.5303 13.7298 13.7623 -0.0621041 3.95468 5.86679e-235 1.39979 0.0003 2.6454 1.13908 
600.11 50.001 14.1428 14.1428 9.91972e-05 6.74794 0 1.39979 0.0003 0.764866 -2.3456 
600.11 50 14.1429 14.1429 4.25219e-07 6.89281 0 1.39979 0.0003 -0.66823 -2.95079 
600.11 49.1727 14.1764 14.1752 0.0067226 7.10472 0 1.39979 0.0003 -2.27723 -1.61236 
600.11 50.0002 14.1429 14.1428 2.67146e-05 7.12783 0 1.39979 0.0003 1.53 3.17418 
600.11 49.9998 14.1429 14.1429 -2.02513e-06 6.75108 0 1.39979 0.0003 -0.316314 1.99031 
600.11 50.0008 14.1428 14.1428 -2.66033e-05 6.757 0 1.39979 0.0003 1.08278 2.66339 
600.11 50.3711 14.1279 14.1216 0.0118794 7.4618 1.97626e-323 1.39979 0.0003 2.67694 -2.1444 
600.11 49.4818 14.1638 14.1632 0.000901425 6.77005 0 1.39979 0.0003 -2.01047 1.61267 
600.11 50 14.1429 14.1429 3.9678e-08 6.74901 0 1.39979 0.0003 0.179317 -3.49365 
600.11 50.0048 14.1427 14.1427 -0.000125731 6.9722 0 1.39979 0.0003 0.897493 -2.13191 
600.11 50.0003 14.1428 14.1428 0.000176975 7.9893 1.97626e-323 1.39979 0.0003 0.394298 2.19216 
600.11 50.1381 14.1373 14.138 -0.000534386 8.24628 1.97626e-323 1.39979 0.0003 3.4955 2.32904 
600.11 50.0038 14.1427 14.1427 5.33627e-05 6.6618 0 1.39979 0.0003 0.622173 -1.88217 
600.11 73.9684 13.2361 13.1511 0.127823 -2.66989 2.41779e-06 0.0546624 0.0003 2.25227 -0.242002 
600.11 49.9894 14.1433 14.1436 -0.000673728 6.40195 0 1.39979 0.0003 -0.389264 0.744367 
600.11 49.9698 14.1441 14.1453 -0.00256783 6.88666 0 1.39979 0.0003 -1.8425 -2.24228 
600.11 50.0216 14.142 14.1408 0.00248016 6.72534 0 1.39979 0.0003 0.954177 -1.81781 
600.11 52.5873 14.0391 14.0766 -0.0702091 6.04394 0 1.39979 0.0003 1.78996 -1.15503 
600.11 49.9988 14.1429 14.1429 -6.6329e-06 6.16553 0 1.39979 0.0003 -2.59552 3.06534 
600.11 49.6201 14.1582 14.1594 -0.000456085 6.37014 0 1.39979 0.0003 -2.37634 -1.86972 
600.11 55.6994 13.9163 13.977 -0.118037 5.14472 0 1.39979 0.0003 2.21403 1.1861 
600.11 50.8137 14.11 14.0948 0.0298634 7.42954 1.97626e-323 1.39979 0.0003 3.33721 -1.95434 
600.11 49.9992 14.1429 14.1432 -0.000597153 5.93352 0 1.39979 0.0003 -1.67724 2.85221 
600.11 40.1678 14.5517 14.5377 0.0339892 10.9185 0 1.39979 0.0003 -2.73614 0.791378 
600.11 33.4128 14.8464 14.7734 0.15189 12.7132 0 1.39979 0.0003 -3.37123 -0.213275 
600.11 32.7999 14.8738 14.8365 0.0851359 14.292 0 1.39979 0.0003 -2.65339 -0.166345 
600.11 46.4068 14.2896 14.2903 0.000814267 9.37829 1.97626e-323 1.39979 0.0003 -2.38367 1.14131 
600.11 50.3085 14.1304 14.1137 0.0352094 6.97443 1.97626e-323 1.39979 0.0003 2.95988 -2.20962 
600.11 49.9979 14.1429 14.1429 6.76569e-05 6.75818 0 1.39979 0.0003 -1.72209 2.71142 
600.11 66.5379 13.5045 13.395 0.185118 0.790323 1.35114e-138 1.39979 0.0003 3.19991 0.970285 
600.11 49.9357 14.1455 14.1495 -0.00864807 6.79474 0 1.39979 0.0003 -1.37093 -1.72398 
600.11 42.8396 14.4383 14.4715 -0.0610722 10.378 0 1.39979 0.0003 -3.48476 0.878547 
600.11 50.2253 14.1338 14.1178 0.0338424 6.45445 0 1.39979 0.0003 1.4195 -1.64139 
600.11 43.1588 14.4249 14.5469 -0.241491 10.939 0 1.39979 0.0003 -3.89027 0.5091 
600.11 50 14.1429 14.1429 -2.76003e-07 6.80901 0 1.39979 0.0003 0.269356 2.81455 
600.11 49.9813 14.1436 14.1441 -0.00083335 6.81627 0 1.39979 0.0003 -1.21713 -1.91276 
600.11 51.5208 14.0816 14.0557 0.0520211 5.97109 0 1.39979 0.0003 3.36967 1.78424 
600.11 50 14.1429 14.1429 -1.56846e-11 6.69628 0 1.39979 0.0003 -0.244997 4.07286 
600.11 50.7602 14.1122 14.1244 -0.0218926 6.57482 0 1.39979 0.0003 3.597 -1.90838 
600.11 47.5255 14.2435 14.2127 0.0558793 7.16382 0 1.39979 0.0003 -2.79529 1.41611 
600.11 62.4139 13.6586 13.7685 -0.214339 2.64706 0 1.39979 0.0003 3.03438 1.12277 
600.11 50.0003 14.1428 14.1428 0.000112006 6.76297 0 1.39979 0.0003 2.44147 -3.39455 
600.11 50 14.1429 14.1429 8.88599e-08 6.48479 0 1.39979 0.0003 0.210629 3.57587 
600.11 38.4722 14.6245 14.5663 0.120006 10.8508 0 1.39979 0.0003 -3.71793 -0.156327 
600.11 50.0847 14.1394 14.141 -0.00288411 6.73604 0 1.39979 0.0003 0.888753 1.30041 
600.11 51.8598 14.0681 14.0578 0.0195843 5.7526 0 1.39979 0.0003 1.51444 0.956987 
600.11 51.0759 14.0995 14.0574 0.0876663 7.43439 1.97626e-323 1.39979 0.0003 2.39925 -1.81623 
600.11 49.9752 14.1439 14.1437 0.000396251 6.38173 0 1.39979 0.0003 -1.68162 2.19561 
600.11 50.0167 14.1422 14.1424 -0.000454648 6.74392 0 1.39979 0.0003 2.47079 2.73106 
600.11 44.6411 14.3628 14.3569 0.0149923 8.35885 0 1.39979 0.0003 -3.87292 -0.727105 
600.11 54.0938 13.9794 14.0257 -0.084339 5.60198 0 1.39979 0.0003 2.18365 -1.29702 
600.11 38.7164 14.6142 14.7376 -0.238633 12.4446 0 1.39979 0.0003 -2.49336 -0.551889 
600.11 47.5757 14.2414 14.2059 0.0672633 7.96748 0 1.39979 0.0003 -1.56266 0.0375862 
600.11 50 14.1429 14.1429 -1.46229e-05 6.03512 0 1.39979 0.0003 -1.17042 3.24577 
600.11 49.5193 14.1623 14.1551 0.0135529 6.83095 0 1.39979 0.0003 -1.35363 -0.970863 
600.11 49.9985 14.1429 14.1431 -0.000402218 6.74413 0 1.39979 0.0003 -1.46823 2.63372 
600.11 49.9967 14.143 14.1429 9.4328e-05 5.92013 0 1.39979 0.0003 -1.78181 2.65459 
600.11 50.0004 14.1428 14.1428 2.01516e-05 6.86978 0 1.39979 0.0003 0.181237 1.84258 
600.11 50 14.1429 14.1429 -2.85235e-05 5.94283 0 1.39979 0.0003 -1.95768 -3.48685 
600.11 50 14.1429 14.1429 -4.29214e-07 6.75239 0 1.39979 0.0003 0.650334 3.07222 
600.11 50 14.1429 14.1429 3.68151e-08 6.74929 0 1.39979 0.0003 0.56246 3.52342 
600.11 36.4774 14.7113 14.7409 -0.0546666 12.8513 0 1.39979 0.0003 -3.09239 0.61246 
600.11 50.0004 14.1428 14.1428 -1.42954e-05 7.71632 1.97626e-323 1.39979 0.0003 0.952469 -2.68365 
600.11 49.9998 14.1429 14.1429 -0.000172984 6.73263 0 1.39979 0.0003 -0.283795 -1.92931 
600.11 70.6596 13.3546 13.3598 -0.00934714 -0.802484 0.139005 0.0546624 0.503 3.06597 -0.870959 
600.11 50.2213 14.1339 14.1363 -0.00422648 6.72814 0 1.39979 0.0003 1.1731 1.36756 
600.11 63.6656 13.6112 13.4467 0.314661 -0.0544701 5.34798e-14 0.0546624 0.0003 2.12916 -0.640301 
600.11 50.0119 14.1424 14.1426 -0.000427388 7.59496 1.97626e-323 1.39979 0.0003 1.44673 -2.37852 
600.11 69.7826 13.3864 13.5226 -0.261623 0.176937 0 1.39979 0.0003 2.54407 -0.772853 
600.11 50 14.1429 14.1429 2.6395e-10 6.90081 0 1.39979 0.0003 -0.050856 -4.12983 
600.11 50.2819 14.1315 14.1352 -0.00708221 7.24106 0 1.39979 0.0003 1.68079 -1.79741 
600.11 49.9994 14.1429 14.1429 -5.65627e-05 6.75284 0 1.39979 0.0003 -1.3251 2.71712 
600.11 50.0525 14.1407 14.1343 0.0139126 7.34523 1.97626e-323 1.39979 0.0003 3.05215 2.5722 
600.11 50 14.1429 14.1429 -8.39217e-09 6.82267 0 1.39979 0.0003 -1.44941 -3.97447 
600.11 50.0041 14.1427 14.1427 -6.97803e-05 6.7476 0 1.39979 0.0003 2.50492 -2.97803 
600.11 50 14.1429 14.1429 2.25858e-08 6.93522 0 1.39979 0.0003 -0.218212 3.29174 
600.11 49.9648 14.1443 14.1438 0.000913516 6.57405 0 1.39979 0.0003 -3.03016 -2.49276 
600.11 49.9893 14.1433 14.1431 0.000356876 6.73049 0 1.39979 0.0003 -0.4549 0.94755 
600.11 50 14.1429 14.1429 -3.97161e-09 6.89241 0 1.39979 0.0003 -1.01785 3.86467 
600.11 50 14.1429 14.1429 -9.437e-06 6.6267 0 1.39979 0.0003 -0.651496 2.89948 
600.11 49.9997 14.1429 14.1429 -9.32997e-05 6.74044 0 1.39979 0.0003 -2.65667 3.30097 
600.11 50.0086 14.1425 14.1419 0.00126556 7.08411 0 1.39979 0.0003 2.94072 -2.89555 
600.11 51.4659 14.0838 14.062 0.0438276 6.35289 0 1.39979 0.0003 2.16841 1.63236 
600.11 50 14.1429 14.1429 1.42427e-08 6.7404 0 1.39979 0.0003 -0.983165 3.65969 
600.11 49.959 14.1445 14.1439 0.00112393 6.51079 0 1.39979 0.0003 -0.611678 0.60019 
600.11 50 14.1429 14.1429 -6.83066e-07 6.89276 0 1.39979 0.0003 -1.50829 3.51152 
600.11 50.0007 14.1428 14.1429 -7.61629e-05 6.75086 0 1.39979 0.0003 0.0965113 1.50392 
600.11 49.2113 14.1748 14.2095 -0.0724511 7.49426 0 1.39979 0.0003 -1.25167 -0.335477 
600.11 68.628 13.428 13.3225 0.199628 -0.655713 2.22462e-09 0.0546624 0.0003 3.41506 0.832064 
600.11 49.9999 14.1429 14.1429 -0.000143873 6.55186 0 1.39979 0.0003 -1.14442 -2.87999 
600.11 49.9992 14.1429 14.1429 -7.65514e-05 6.74113 0 1.39979 0.0003 -0.295877 -1.60127 
600.11 49.963 14.1444 14.1468 -0.00511897 6.78918 0 1.39979 0.0003 -0.710069 0.961373 
600.11 46.3871 14.2903 14.2958 -0.0183122 8.18963 0 1.39979 0.0003 -1.78266 -0.441489 
600.11 49.8315 14.1497 14.1508 -0.00222241 6.13279 0 1.39979 0.0003 -3.42991 -2.12045 
600.11 49.9948 14.1431 14.1431 -0.000124515 6.7531 0 1.39979 0.0003 -1.92343 -2.63409 
600.11 50.024 14.1419 14.142 -0.000562385 6.74331 0 1.39979 0.0003 0.468536 0.987774 
600.11 32.1901 14.901 14.7956 0.213428 13.9195 0 1.39979 0.0003 -3.09345 -0.323741 
600.11 49.8978 14.147 14.1531 -0.013344 5.67359 0 1.39979 0.0003 -2.15346 2.11061 
600.11 69.6613 13.3904 13.2483 0.265257 -0.211391 5.4804e-12 0.0546624 0.0003 2.40838 0.67952 
600.11 72.4911 13.2889 13.2977 -0.0204304 -2.44291 0.173688 0.0546624 0.503 2.48374 -0.642903 
600.11 49.9999 14.1429 14.1429 4.3182e-06 6.74114 0 1.39979 0.0003 -0.998754 2.80004 
600.11 49.0315 14.1821 14.1977 -0.031243 7.49648 0 1.39979 0.0003 -1.77217 -1.20834 
600.11 43.2992 14.4188 14.4798 -0.144905 11.2004 0 1.39979 0.0003 -2.85898 1.02541 
600.11 50.9124 14.1061 14.1045 0.00253706 6.8718 0 1.39979 0.0003 2.64374 -1.92188 
600.11 49.9994 14.1429 14.1429 2.04941e-05 6.73065 0 1.39979 0.0003 -1.5524 2.85063 
600.11 72.1079 13.3029 13.4991 -0.363959 1.85663 1.97626e-323 1.39979 0.0003 3.17258 -0.816319 
600.11 39.1551 14.5949 14.4807 0.219501 8.96106 0 1.39979 0.0003 -3.66371 0.398685 
600.11 49.9997 14.1429 14.1429 3.07402e-06 6.7486 0 1.39979 0.0003 -0.867912 -2.52114 
600.11 50.3433 14.129 14.1074 0.0460175 7.96608 1.97626e-323 1.39979 0.0003 3.28844 -2.16704 
600.11 50.0004 14.1428 14.1428 5.30991e-05 7.89541 1.97626e-323 1.39979 0.0003 1.6449 3.08457 
600.11 49.9881 14.1433 14.1434 -0.000208678 6.84156 0 1.39979 0.0003 -1.66821 2.34621 
600.11 49.9978 14.1429 14.1434 -0.00105654 6.52297 0 1.39979 0.0003 -0.127026 -0.244332 
600.11 50 14.1429 14.1429 -1.35828e-08 6.74906 0 1.39979 0.0003 -0.241543 -3.60663 
600.11 49.932 14.1456 14.1516 -0.0128394 6.2727 0 1.39979 0.0003 -1.95609 -2.11681 
600.11 49.9999 14.1429 14.1429 -1.56758e-05 6.74947 0 1.39979 0.0003 -1.13264 -2.91552 
600.11 49.9712 14.144 14.1437 0.000642823 6.80615 0 1.39979 0.0003 -0.47782 -0.212306 
600.11 44.868 14.3534 14.3996 -0.0918119 9.21031 0 1.39979 0.0003 -2.44114 -1.01043 
600.11 49.9919 14.1432 14.1432 -6.11972e-05 6.75996 0 1.39979 0.0003 -0.786534 -1.66162 
600.11 49.9959 14.143 14.1436 -0.00121395 6.94339 0 1.39979 0.0003 -2.83501 -2.88133 
600.11 53.7948 13.9912 14.0084 -0.0359452 5.69313 0 1.39979 0.0003 2.58727 1.50105 
600.11 49.9942 14.1431 14.1431 4.07037e-05 6.68416 0 1.39979 0.0003 -1.87845 2.59229 
600.11 44.7068 14.3599 14.3051 0.101431 7.80531 0 1.39979 0.0003 -3.94884 -0.634011 
600.11 42.7619 14.4416 14.5124 -0.130058 9.7854 0 1.39979 0.0003 -3.18509 -0.98092 
600.11 49.9933 14.1431 14.1434 -0.00047205 6.71666 0 1.39979 0.0003 -0.628414 1.48798 
600.11 75.2361 13.192 13.3949 -0.38046 1.18167 5.27201e-256 1.39979 0.0003 3.7348 -0.163085 
600.11 49.9998 14.1429 14.1429 5.85417e-06 6.74211 0 1.39979 0.0003 -1.80762 3.16558 
600.11 49.8849 14.1475 14.1458 0.00329535 6.23105 0 1.39979 0.0003 -1.20017 -1.34713 
600.11 49.9756 14.1438 14.1436 0.000401613 6.75607 0 1.39979 0.0003 -2.74853 -2.55191 
600.11 49.9999 14.1429 14.1429 -1.50978e-05 6.68787 0 1.39979 0.0003 -0.890083 -2.75289 
600.11 50.914 14.106 14.0649 0.0852951 5.87807 0 1.39979 0.0003 3.04683 1.95379 
600.11 49.9966 14.143 14.143 7.95024e-05 6.71082 0 1.39979 0.0003 -0.682474 -1.77032 
600.11 56.8511 13.8715 13.8162 0.151822 3.56188 6.34708e-94 1.39979 0.0003 1.93536 -0.842993 
600.11 49.9767 14.1438 14.1438 -0.000115115 5.91315 0 1.39979 0.0003 -2.75992 -2.5614 
600.11 50.0001 14.1429 14.1429 -2.39379e-06 6.67771 0 1.39979 0.0003 0.231564 -2.36194 
600.11 49.8593 14.1485 14.147 0.00293739 8.08748 1.97626e-323 1.39979 0.0003 -1.38554 1.50021 
600.11 50 14.1429 14.1429 4.86891e-06 6.78589 0 1.39979 0.0003 0.647188 -3.03797 
600.11 49.988 14.1433 14.1436 -0.000389811 6.40987 0 1.39979 0.0003 -0.371648 0.584554 
600.11 51.7367 14.073 14.0859 -0.0301381 6.11562 0 1.39979 0.0003 1.61609 1.12892 
600.11 74.7667 13.2082 13.2266 -0.0479628 -1.93519 0.197721 0.0546624 0.503 3.17489 -0.744731 
600.11 51.9294 14.0653 14.0847 -0.0379716 5.76774 0 1.39979 0.0003 1.4884 0.895091 
600.11 54.5914 13.9597 13.934 0.0421482 5.25865 1.97626e-323 1.39979 0.0003 3.02425 -1.49553 
600.11 50.0754 14.1398 14.1402 -0.000471854 6.56428 0 1.39979 0.0003 1.00409 1.50978 
600.11 49.974 14.1439 14.1434 0.000862721 6.68692 0 1.39979 0.0003 -2.83772 -2.54657 
600.11 50 14.1429 14.1429 -3.54726e-08 6.91017 0 1.39979 0.0003 1.01851 -3.65998 
600.11 50 14.1429 14.1429 4.28582e-09 6.74575 0 1.39979 0.0003 -0.131738 3.32066 
600.11 50 14.1429 14.1429 2.01387e-07 6.74772 0 1.39979 0.0003 -0.183159 -2.72667 
600.11 50.0524 14.1407 14.1417 -0.00174831 6.51633 0 1.39979 0.0003 0.427946 -0.0461616 
600.11 50.0014 14.1428 14.1428 9.71176e-05 7.50948 0 1.39979 0.0003 0.0479465 -1.07532 
600.11 65.4897 13.5437 13.544 0.0495284 3.24594 2.60488e-170 1.39979 0.0003 3.65366 0.785793 
600.11 50 14.1429 14.1429 -1.06592e-09 6.8606 0 1.39979 0.0003 -1.49296 3.92935 
600.11 47.3229 14.2518 14.2342 0.035877 7.59811 0 1.39979 0.0003 -2.91875 -1.40144 
600.11 50.0191 14.1421 14.1425 -0.000695912 7.05784 0 1.39979 0.0003 2.65957 -2.73762 
600.11 55.0236 13.9427 13.8853 0.112662 5.28434 1.97626e-323 1.39979 0.0003 2.67935 -1.43046 
600.11 50.0003 14.1428 14.1429 -9.35851e-06 6.771 0 1.39979 0.0003 1.78202 -3.2199 
600.11 50 14.1429 14.1429 -1.55269e-08 6.72825 0 1.39979 0.0003 -0.333138 -3.15477 
600.11 50.0003 14.1428 14.1429 -9.78443e-06 6.76368 0 1.39979 0.0003 0.373117 2.22369 
600.11 50.5672 14.12 14.1252 -0.00999431 6.5874 0 1.39979 0.0003 3.49666 2.00977 
600.11 50 14.1429 14.1429 -3.4914e-10 6.8037 0 1.39979 0.0003 0.0498583 -3.58384 
600.11 58.6475 13.8019 13.8597 -0.116141 3.68696 0 1.39979 0.0003 2.76188 -1.24881 
600.11 47.819 14.2316 14.2593 -0.0550563 7.84809 0 1.39979 0.0003 -1.93714 1.02095 
600.11 49.5709 14.1602 14.1539 0.011892 5.67314 0 1.39979 0.0003 -1.08741 0.326111 
600.11 46.4432 14.288 14.3669 -0.169681 8.47302 0 1.39979 0.0003 -2.10127 -0.940501 
600.11 41.3392 14.5017 14.4718 0.0641734 10.1565 0 1.39979 0.0003 -2.71124 0.858354 
600.11 50.0056 14.1426 14.1427 -0.000199324 6.74758 0 1.39979 0.0003 0.714481 -1.8921 
600.11 47.9539 14.2261 14.2482 -0.0437275 6.3421 0 1.39979 0.0003 -1.76717 -0.845388 
600.11 57.3185 13.853 13.6898 0.319416 2.14553 2.47088e-57 1.39979 0.0003 2.25884 1.10959 
600.11 50 14.1429 14.1428 3.11842e-05 9.39152 1.97626e-323 1.39979 0.0003 2.03287 3.60351 
600.11 50.0728 14.1399 14.1405 -0.00108564 6.73423 0 1.39979 0.0003 1.31458 -1.85936 
600.11 66.2095 13.5166 13.361 0.285796 -1.48038 8.67891e-13 0.0546624 0.0003 2.04057 0.283836 
600.11 50 14.1429 14.1429 -9.92025e-09 6.41447 0 1.39979 0.0003 -1.01381 -3.47413 
600.11 49.9865 14.1434 14.1431 0.00047562 7.24086 0 1.39979 0.0003 -1.25308 -2.02537 
600.11 49.2002 14.1752 14.1629 0.0232185 6.89805 0 1.39979 0.0003 -1.23172 -0.16488 
600.11 34.4887 14.7988 14.8633 -0.117906 13.5245 0 1.39979 0.0003 -3.48117 -0.133187 
600.11 49.9995 14.1429 14.1432 -0.000665667 5.40295 0 1.39979 0.0003 -0.114203 1.10819 
600.11 51.3802 14.0873 14.1043 -0.0294807 6.70354 0 1.39979 0.0003 3.73126 1.69683 
600.11 49.9999 14.1429 14.1429 -6.83364e-06 6.72916 0 1.39979 0.0003 -0.504159 2.39351 
600.11 50.1475 14.1369 14.1366 -8.7151e-05 6.69707 0 1.39979 0.0003 2.58794 2.33168 
600.11 50 14.1429 14.1429 -2.2221e-07 6.72659 0 1.39979 0.0003 -0.0653484 2.61248 
600.11 40.234 14.549 14.6725 -0.240693 11.8212 0 1.39979 0.0003 -3.37662 0.749008 
600.11 49.8013 14.1509 14.1474 0.00640578 6.77513 0 1.39979 0.0003 -2.17539 1.95922 
600.11 49.9846 14.1435 14.1435 -0.000280566 6.519 0 1.39979 0.0003 -1.24865 -1.98954 
600.11 49.9994 14.1429 14.143 -0.000285106 5.34267 0 1.39979 0.0003 -1.00535 2.48774 
600.11 50 14.1429 14.1429 -6.10386e-07 6.74936 0 1.39979 0.0003 1.57086 3.50787 
600.11 49.8858 14.1475 14.1456 0.00346233 6.79998 0 1.39979 0.0003 -1.99147 2.01097 
600.11 51.3947 14.0868 14.1065 -0.0374618 7.68357 0 1.39979 0.0003 1.81573 1.4147 
600.11 51.0685 14.0998 14.1025 4.78461e-05 6.40606 0 1.39979 0.0003 1.7284 1.43105 
600.11 49.9517 14.1448 14.1439 0.00165266 6.2695 0 1.39979 0.0003 -2.47499 2.37269 
600.11 49.9998 14.1429 14.1429 -2.68255e-05 5.65125 0 1.39979 0.0003 -0.232704 1.90337 
600.11 37.9971 14.6452 14.7048 -0.103422 12.1334 0 1.39979 0.0003 -3.64631 0.287964 
600.11 49.9817 14.1436 14.1459 -0.00492524 6.02101 0 1.39979 0.0003 -3.28314 2.6033 
600.11 50 14.1429 14.1429 1.65917e-09 6.74803 0 1.39979 0.0003 -0.250599 -3.46687 
600.11 49.9998 14.1429 14.1429 2.24399e-06 6.75488 0 1.39979 0.0003 -1.09969 -2.80635 
600.11 50.0003 14.1428 14.1429 -9.63052e-06 7.65699 1.97626e-323 1.39979 0.0003 1.29467 -2.96707 
600.11 50.0124 14.1424 14.1421 0.000565002 6.64113 0 1.39979 0.0003 1.31049 -2.27635 
600.11 49.8999 14.1469 14.1465 0.00109625 4.99046 0 1.39979 0.0003 -0.792032 0.562171 
600.11 50 14.1429 14.1429 2.50415e-07 6.77267 0 1.39979 0.0003 1.45768 -3.69451 
600.11 45.5769 14.324 14.3647 -0.0687683 8.062 0 1.39979 0.0003 -3.65158 1.02698 
600.11 53.3147 14.0101 13.9363 0.149528 4.80267 0 1.39979 0.0003 2.21773 1.39453 
600.11 50.0477 14.1409 14.1382 0.00573257 6.89205 0 1.39979 0.0003 3.21245 -2.58213 
600.11 49.9995 14.1429 14.1429 -7.87764e-05 6.41553 0 1.39979 0.0003 -1.50507 2.85386 
600.11 46.1851 14.2988 14.3567 -0.115666 8.3882 0 1.39979 0.0003 -3.89502 0.907214 
600.11 50.371 14.1279 14.1346 -0.0121992 6.57052 0 1.39979 0.0003 1.33643 1.39066 
600.11 50 14.1429 14.1429 -5.3399e-08 7.34049 1.97626e-323 1.39979 0.0003 1.18571 -3.65786 
600.11 49.9989 14.1429 14.1431 -0.000475554 6.52018 0 1.39979 0.0003 -2.90758 3.09546 
600.11 50.0052 14.1426 14.1427 -0.000128033 6.72045 0 1.39979 0.0003 2.83586 2.97479 
600.11 50.0003 14.1428 14.1428 8.48043e-06 6.67282 0 1.39979 0.0003 0.375762 2.15647 
600.11 50 14.1429 14.1429 -3.83221e-07 6.7459 0 1.39979 0.0003 0.438425 -2.91252 
600.11 52.7044 14.0344 14.0148 0.0383307 5.44737 0 1.39979 0.0003 3.02881 -1.65981 
600.11 49.7989 14.151 14.1486 0.00458871 6.78586 0 1.39979 0.0003 -0.891694 0.249831 
600.11 30.1316 14.994 14.9495 0.101158 15.8294 0 1.39979 0.0003 -3.02053 0.0778284 
600.11 44.4159 14.3721 14.3504 0.0460693 9.13787 0 1.39979 0.0003 -2.97104 -1.11776 
600.11 50 14.1429 14.1429 -1.33736e-05 6.7357 0 1.39979 0.0003 -1.19912 3.15759 
600.11 50 14.1429 14.1429 5.88929e-07 6.77959 0 1.39979 0.0003 -0.612135 2.85147 
600.11 36.2352 14.722 14.8238 -0.193521 13.1531 0 1.39979 0.0003 -3.13034 0.591112 
600.11 50 14.1429 14.1429 1.38003e-07 6.75675 0 1.39979 0.0003 1.38694 3.69241 
600.11 50 14.1429 14.1429 -5.2061e-07 6.74179 0 1.39979 0.0003 0.287834 2.87823 
600.11 49.9993 14.1429 14.1429 1.40525e-05 6.36594 0 1.39979 0.0003 -0.490373 1.93828 
600.11 49.9612 14.1444 14.1439 0.000982364 6.69251 0 1.39979 0.0003 -1.17772 -1.67333 
600.11 49.9964 14.143 14.1428 0.000330188 6.73556 0 1.39979 0.0003 -0.189167 -0.538371 
600.11 50.0033 14.1427 14.1425 0.000426934 6.66419 0 1.39979 0.0003 0.184886 1.16483 
600.11 50.0842 14.1395 14.1396 -0.000804228 6.70872 0 1.39979 0.0003 0.519888 -0.0632777 
600.11 68.1786 13.4443 13.4491 -0.0129679 -0.834107 0.153077 0.0546624 0.503 2.45045 0.76595 
600.11 50 14.1429 14.1429 -1.42705e-07 5.73931 0 1.39979 0.0003 0.0968745 3.14115 
600.11 54.0596 13.9807 13.9355 0.0921337 5.1577 1.07454e-162 1.39979 0.0003 1.64461 -0.721559 
600.11 50.0026 14.1428 14.1425 0.00043562 6.73869 0 1.39979 0.0003 0.764531 2.13622 
600.11 50.0003 14.1428 14.1427 0.00031015 9.43449 1.97626e-323 1.39979 0.0003 2.23606 -3.33764 
600.11 49.1533 14.1772 14.1963 -0.0387544 7.34187 0 1.39979 0.0003 -2.21187 1.57425 
600.11 50.0482 14.1409 14.1412 -0.000384039 7.31382 0 1.39979 0.0003 0.413096 -0.0787167 
600.11 50 14.1429 14.1429 -3.68421e-08 6.73896 0 1.39979 0.0003 -0.357951 -3.89801 
600.11 51.2254 14.0936 14.0743 0.0471327 7.9265 1.97626e-323 1.39979 0.0003 1.74803 -1.40108 
600.11 50 14.1429 14.1429 4.48525e-07 6.73323 0 1.39979 0.0003 -0.188242 -2.66389 
600.11 44.4701 14.37 14.376 -0.00155175 8.47389 0 1.39979 0.0003 -3.18751 -1.10676 
600.11 49.2536 14.1731 14.1606 0.0231714 6.9617 0 1.39979 0.0003 -1.31629 -0.621896 
600.11 55.5949 13.9204 13.9912 -0.135187 5.16051 0 1.39979 0.0003 3.10629 -1.42524 
600.11 50.0319 14.1416 14.1407 0.00179757 6.73988 0 1.39979 0.0003 1.59914 -2.2685 
600.11 50 14.1429 14.1429 -5.06241e-06 6.74931 0 1.39979 0.0003 -1.76897 -3.57624 
600.11 50 14.1429 14.1429 -7.12141e-08 7.65352 1.97626e-323 1.39979 0.0003 -0.745163 -3.67353 
600.11 45.1253 14.3426 14.3153 0.0567518 8.54385 0 1.39979 0.0003 -3.13269 -1.16865 
600.11 49.9922 14.1432 14.1442 -0.00233205 6.65256 0 1.39979 0.0003 -1.22903 -2.13344 
600.11 49.9999 14.1429 14.1429 -8.08489e-05 6.74863 0 1.39979 0.0003 -0.324697 -2.21588 
600.11 49.3848 14.1678 14.1803 -0.0255409 6.88932 0 1.39979 0.0003 -2.75216 -1.83059 
600.11 50 14.1429 14.1429 -1.57115e-07 6.74975 0 1.39979 0.0003 -1.87632 3.78545 
600.11 50 14.1429 14.1429 -2.52694e-10 6.7501 0 1.39979 0.0003 -0.284088 3.83659 
600.11 50.1766 14.1357 14.1391 -0.00616979 6.71367 0 1.39979 0.0003 0.673654 -0.128689 
600.11 50 14.1429 14.1429 1.52803e-06 6.69568 0 1.39979 0.0003 1.13325 -3.66009 
600.11 49.3476 14.1693 14.1808 -0.0216581 7.08987 0 1.39979 0.0003 -2.59241 -1.78575 
600.11 50 14.1429 14.1429 2.58416e-09 6.74951 0 1.39979 0.0003 0.010555 -3.32538 
600.11 50 14.1429 14.1429 6.88165e-08 6.75794 0 1.39979 0.0003 0.375621 3.07145 
600.11 50.127 14.1377 14.1398 -0.0039002 7.93065 1.97626e-323 1.39979 0.0003 0.623173 0.320041 
600.11 51.8021 14.0705 14.0805 -0.010603 8.39748 1.97626e-323 1.39979 0.0003 2.35687 1.65498 
600.11 75.6764 13.1763 13.2111 -0.0742653 -2.2884 0.199784 0.0546624 0.503 2.39507 -0.429236 
600.11 50.0003 14.1428 14.1428 8.58663e-05 6.76102 0 1.39979 0.0003 0.542052 2.39457 
600.11 56.1289 13.8994 13.906 -0.0229975 4.64299 0 1.39979 0.0003 3.79907 1.14692 
600.11 49.7971 14.1511 14.1555 -0.00906528 6.58182 0 1.39979 0.0003 -1.73177 -1.70024 
600.11 54.0209 13.9823 14.0433 -0.114412 5.69484 0 1.39979 0.0003 3.02947 -1.53796 
600.11 49.9999 14.1429 14.1429 1.1984e-06 6.64635 0 1.39979 0.0003 -0.978517 -2.8408 
600.11 50.6135 14.1181 14.1252 -0.0136676 7.20666 0 1.39979 0.0003 1.06083 -0.669756 
600.11 49.556 14.1608 14.1541 0.0126783 6.864 0 1.39979 0.0003 -1.0694 0.0601405 
600.11 50 14.1429 14.1429 1.22627e-06 6.81405 0 1.39979 0.0003 -0.667857 -2.77262 
600.11 50 14.1429 14.1429 2.86853e-07 6.7269 0 1.39979 0.0003 -0.0653313 -2.99503 
600.11 49.7437 14.1532 14.1493 0.0073676 6.8187 0 1.39979 0.0003 -1.39655 -1.30323 
600.11 49.9976 14.143 14.1429 6.52311e-05 6.61386 0 1.39979 0.0003 -1.48226 -2.56181 
600.11 50 14.1429 14.1429 1.35234e-07 6.74637 0 1.39979 0.0003 0.895861 -3.62072 
600.11 50 14.1429 14.1429 -2.23191e-11 6.74002 0 1.39979 0.0003 0.535675 -4.19734 
600.11 50.104 14.1387 14.1312 0.0157084 8.70053 1.97626e-323 1.39979 0.0003 1.18497 -1.62963 
600.11 46.5127 14.2851 14.2435 0.0804898 7.84707 0 1.39979 0.0003 -3.30378 -1.27238 
600.11 51.8657 14.0678 14.007 0.125627 6.71633 1.97626e-323 1.39979 0.0003 3.40805 -1.71858 
600.11 50 14.1429 14.1429 7.42924e-12 6.92812 0 1.39979 0.0003 0.642195 -3.93323 
600.11 50.003 14.1427 14.1426 0.000341913 6.957 0 1.39979 0.0003 0.317975 1.49329 
600.11 50 14.1429 14.1429 -1.19191e-09 6.73468 0 1.39979 0.0003 -0.415776 3.30816 
600.11 50.088 14.1393 14.1392 -0.000280783 6.70826 0 1.39979 0.0003 2.32048 -2.37726 
600.11 51.2862 14.0911 14.1095 -0.0349168 6.39753 0 1.39979 0.0003 1.86515 -1.48167 
600.11 49.9997 14.1429 14.1429 -3.12524e-05 7.66164 1.97626e-323 1.39979 0.0003 -1.97012 -3.13309 
600.11 39.3801 14.5856 14.6929 -0.206662 12.8196 0 1.39979 0.0003 -2.21273 -0.0295864 
600.11 46.9779 14.266 14.2803 -0.0457071 7.92463 0 1.39979 0.0003 -2.22036 -1.1152 
600.11 50.0231 14.1419 14.1422 -0.00042074 6.81469 0 1.39979 0.0003 3.05159 -2.72412 
600.11 50 14.1429 14.1429 1.18623e-09 6.751 0 1.39979 0.0003 0.353892 -3.93284 
600.11 48.9977 14.1835 14.2138 -0.0613802 7.52283 0 1.39979 0.0003 -1.38375 0.567498 
600.11 50 14.1429 14.1429 -7.20841e-07 6.74058 0 1.39979 0.0003 -0.190013 2.14301 
600.11 68.1841 13.4444 13.4876 -0.0939346 0.682633 0 1.39979 0.0003 2.13955 -0.384185 
600.11 49.9999 14.1429 14.1429 1.93778e-06 6.75044 0 1.39979 0.0003 -2.05195 -3.41427 
600.11 65.5918 13.54 13.7152 -0.327694 2.06359 0 1.39979 0.0003 2.08544 -0.449285 
600.11 72.4757 13.2895 13.3048 -0.0458914 -1.46309 0.197389 0.0546624 0.503 2.20635 0.224443 
600.11 50 14.1429 14.1429 -5.00533e-10 6.71575 0 1.39979 0.0003 0.411278 4.1326 
600.11 48.3164 14.2112 14.1894 0.0410148 6.30167 0 1.39979 0.0003 -1.66902 0.808159 
600.11 50 14.1429 14.1429 1.81284e-10 6.76802 0 1.39979 0.0003 -0.0552937 3.42463 
600.11 49.9983 14.1429 14.1429 -8.79376e-06 6.66243 0 1.39979 0.0003 -0.75515 -2.04287 
600.11 50.287 14.1313 14.1345 -0.00524644 6.96063 0 1.39979 0.0003 1.40475 1.55183 
600.11 50 14.1429 14.1429 1.25854e-10 6.74636 0 1.39979 0.0003 -0.690829 -4.08479 
600.11 38.6378 14.6173 14.5502 0.136178 9.27171 0 1.39979 0.0003 -3.50774 0.544243 
600.11 53.0889 14.019 13.9081 0.226793 5.43692 4.58928e-131 1.39979 0.0003 1.4243 0.378344 
600.11 50 14.1429 14.1429 -1.93346e-07 6.74914 0 1.39979 0.0003 -0.0478762 -2.3237 
600.11 49.9698 14.1441 14.1446 -0.000936635 6.75561 0 1.39979 0.0003 -1.28148 -1.84768 
600.11 47.7553 14.2341 14.2043 0.0589592 7.08141 0 1.39979 0.0003 -1.96446 1.03473 
600.11 54.9912 13.9441 13.9987 -0.0958499 5.19197 0 1.39979 0.0003 2.50113 -1.38039 
600.11 49.2498 14.1733 14.1901 -0.0348228 6.92966 0 1.39979 0.0003 -2.3346 -1.66591 
600.11 50.6747 14.1156 14.0923 0.048212 6.73368 0 1.39979 0.0003 1.88422 1.69466 
600.11 49.6901 14.1554 14.1583 -0.00535917 6.69344 0 1.39979 0.0003 -1.11732 -0.734614 
600.11 49.9996 14.1429 14.143 -0.000198585 6.0462 0 1.39979 0.0003 -1.59486 2.95703 
600.11 49.6669 14.1563 14.1511 0.00987873 6.83753 0 1.39979 0.0003 -2.3873 -1.9071 
600.11 50 14.1429 14.1429 6.35285e-07 6.78279 0 1.39979 0.0003 0.025987 2.91733 
600.11 54.4747 13.9644 13.9694 -0.00464622 6.2839 1.97626e-323 1.39979 0.0003 3.2679 1.47991 
600.11 50.3077 14.1304 14.1126 0.0378577 7.24237 0 1.39979 0.0003 0.790846 -0.0775485 
600.11 50 14.1429 14.1429 9.66149e-11 6.6925 0 1.39979 0.0003 -0.250663 -3.76395 
600.11 50 14.1429 14.1429 -8.23592e-09 6.13274 0 1.39979 0.0003 -0.382991 -3.57708 
600.11 50.3551 14.1285 14.1273 0.000879205 7.43547 1.97626e-323 1.39979 0.0003 2.56628 2.13485 
600.11 49.7027 14.1549 14.1675 -0.0278194 6.6437 0 1.39979 0.0003 -2.33177 1.91793 
600.11 56.2391 13.8953 13.8276 0.176911 5.29197 4.9696e-136 1.39979 0.0003 4.11251 0.835505 
600.11 45.4901 14.3276 14.4219 -0.189489 9.2191 0 1.39979 0.0003 -1.90364 -0.508108 
600.11 49.8854 14.1475 14.1454 0.00381872 6.77867 0 1.39979 0.0003 -0.792069 0.427294 
600.11 50.0147 14.1423 14.1405 0.00382425 6.95819 0 1.39979 0.0003 1.22873 2.17468 
600.11 50 14.1429 14.1429 2.67356e-09 6.80587 0 1.39979 0.0003 0.835985 3.63017 
600.11 55.4972 13.9242 13.9534 -0.0618406 5.99271 0 1.39979 0.0003 1.60012 0.317221 
600.11 50.0079 14.1425 14.1427 -0.000304112 6.04451 0 1.39979 0.0003 0.151446 0.535041 
600.11 50 14.1429 14.1429 2.84389e-09 6.5379 0 1.39979 0.0003 -0.0853075 3.82385 
600.11 50 14.1429 14.1429 -3.34784e-07 6.70701 0 1.39979 0.0003 -0.557637 2.815 
600.11 35.3836 14.7592 14.7287 0.0626982 12.6262 0 1.39979 0.0003 -2.87216 -0.539383 
600.11 49.1086 14.179 14.2197 -0.0855372 5.80546 0 1.39979 0.0003 -1.32072 0.478808 
600.11 50.0012 14.1428 14.1425 0.000778309 6.89451 0 1.39979 0.0003 0.110875 1.37403 
600.11 50 14.1429 14.1429 -8.49433e-10 6.99708 0 1.39979 0.0003 0.540273 4.14818 
600.11 58.3171 13.8148 13.8599 -0.0638299 4.41141 0 1.39979 0.0003 4.14212 -0.591274 
600.11 50 14.1429 14.1429 1.0402e-07 6.69657 0 1.39979 0.0003 1.02517 -3.48855 
600.11 49.4956 14.1633 14.1879 -0.0544841 6.88653 0 1.39979 0.0003 -2.56348 1.84816 
600.11 49.9977 14.143 14.1429 8.75856e-05 6.67371 0 1.39979 0.0003 -1.21616 2.38541 
600.11 50 14.1429 14.1429 1.40014e-06 6.73835 0 1.39979 0.0003 -1.76849 -3.35045 
600.11 49.9999 14.1429 14.1429 1.08055e-06 6.74577 0 1.39979 0.0003 -1.9719 3.31756 
600.11 49.9995 14.1429 14.1429 1.39988e-05 6.74974 0 1.39979 0.0003 -1.51299 -2.87162 
600.11 49.9999 14.1429 14.1429 4.47625e-06 6.73175 0 1.39979 0.0003 -1.15201 2.89766 
600.11 50.0053 14.1426 14.1418 0.0017904 6.13988 0 1.39979 0.0003 1.29877 2.44542 
600.11 49.4529 14.165 14.16 0.00727206 6.92265 0 1.39979 0.0003 -3.73347 1.72861 
600.11 49.9999 14.1429 14.1429 -0.000143537 6.08884 0 1.39979 0.0003 -2.18524 -3.33191 
600.11 48.4402 14.2062 14.2162 -0.0121602 7.55758 0 1.39979 0.0003 -3.92582 1.28206 
600.11 49.9777 14.1438 14.1445 -0.00166061 6.27849 0 1.39979 0.0003 -0.43437 -0.261188 
600.11 49.9943 14.1431 14.1431 -9.55524e-05 6.77364 0 1.39979 0.0003 -2.87212 2.82545 
600.11 50.2411 14.1331 14.1288 0.00745121 6.57679 0 1.39979 0.0003 1.71982 -1.86726 
600.11 48.6746 14.1966 14.1767 0.037584 7.17658 0 1.39979 0.0003 -1.3755 -0.141708 
600.11 50.0197 14.1421 14.1425 -0.000728275 6.82063 0 1.39979 0.0003 1.46216 2.28365 
600.11 49.9978 14.1429 14.143 -0.000178057 6.75186 0 1.39979 0.0003 -2.07145 -2.84023 
600.11 50.0375 14.1413 14.1414 -0.000234614 6.71696 0 1.39979 0.0003 0.376873 -0.254189 
600.11 49.9978 14.1429 14.1431 -0.000331668 8.6365 1.97626e-323 1.39979 0.0003 -1.35807 2.4965 
600.11 50.02 14.142 14.1423 -0.000502177 7.93025 1.97626e-323 1.39979 0.0003 1.12282 2.01019 
600.11 45.5306 14.3259 14.4104 -0.169329 8.47059 0 1.39979 0.0003 -2.80358 1.196 
600.11 68.2827 13.4407 13.4167 0.0409699 -0.424722 0.00467836 0.0546624 0.0003 2.23215 -0.541474 
600.11 50 14.1429 14.1429 -1.9873e-10 6.9 0 1.39979 0.0003 0.235096 -4.10525 
600.11 61.484 13.6938 13.7543 -0.0890194 4.62543 3.01374e-145 1.39979 0.0003 4.05091 0.483219 
600.11 50.0038 14.1427 14.1428 -0.000276096 6.67644 0 1.39979 0.0003 0.146218 0.988144 
600.11 51.1186 14.0978 14.1069 -0.0137382 6.34903 0 1.39979 0.0003 3.47653 1.84198 
600.11 50.0016 14.1428 14.1428 -4.90849e-05 6.90647 0 1.39979 0.0003 1.22452 2.629 
600.11 50.0022 14.1428 14.1428 -3.82072e-05 6.42879 0 1.39979 0.0003 0.32787 1.60705 
600.11 50.0874 14.1393 14.1397 -0.000812453 8.85289 1.97626e-323 1.39979 0.0003 1.76431 2.14297 
600.11 49.9243 14.1459 14.1485 -0.00572058 6.72174 0 1.39979 0.0003 -2.49705 -2.2831 
600.11 50.0009 14.1428 14.1428 -1.68408e-05 6.01132 0 1.39979 0.0003 0.796831 2.3922 
600.11 50 14.1429 14.1429 2.97732e-07 6.76141 0 1.39979 0.0003 0.186591 3.27607 
600.11 50.0035 14.1427 14.1423 0.000892574 6.77088 0 1.39979 0.0003 0.273125 -1.3473 
600.11 50 14.1429 14.1429 7.86206e-08 6.80229 0 1.39979 0.0003 0.943186 -3.57451 
600.11 43.9099 14.3934 14.5104 -0.232757 9.73193 0 1.39979 0.0003 -2.17098 0.691726 
600.11 50 14.1429 14.1429 4.81519e-09 7.9221 1.97626e-323 1.39979 0.0003 -0.785318 -3.71425 
600.11 52.5931 14.0389 14.0627 -0.0453835 7.03614 1.97626e-323 1.39979 0.0003 3.57391 1.57067 
600.11 76.6701 13.1415 13.1522 -0.00885126 -1.97149 0.13301 0.0546624 0.503 3.5577 0.44937 
600.11 34.4095 14.8022 14.774 0.0646151 13.0156 0 1.39979 0.0003 -3.22844 0.438087 
600.11 50 14.1429 14.1429 1.12174e-08 7.82314 0 1.39979 0.0003 0.59448 -3.82888 
600.11 50.0006 14.1428 14.1429 -7.57505e-05 5.37803 0 1.39979 0.0003 0.172464 -1.72532 
600.11 43.8597 14.3954 14.3434 0.10678 7.81552 0 1.39979 0.0003 -2.81845 1.06024 
600.11 50.5353 14.1213 14.1274 -0.0119957 6.74323 0 1.39979 0.0003 2.32075 -1.97009 
600.11 49.891 14.1473 14.1457 0.00296443 6.7956 0 1.39979 0.0003 -0.870818 0.757762 
600.11 50.0002 14.1429 14.1429 -5.62479e-06 6.75084 0 1.39979 0.0003 0.264438 2.19641 
600.11 50 14.1429 14.1429 9.7027e-11 6.74965 0 1.39979 0.0003 0.118011 -3.93371 
600.11 49.0204 14.1826 14.2034 -0.039774 7.42637 0 1.39979 0.0003 -1.36898 0.544562 
600.11 50.1233 14.1379 14.1396 -0.00330945 6.35945 0 1.39979 0.0003 0.865459 -1.10688 
600.11 51.4345 14.0851 14.0836 -0.00620273 6.28241 0 1.39979 0.0003 1.38167 0.871065 
600.11 50 14.1429 14.1429 2.16122e-09 6.7575 0 1.39979 0.0003 -0.32267 -3.65156 
600.11 50.8362 14.1091 14.0894 0.0417788 6.19099 0 1.39979 0.0003 1.30323 1.01354 
600.11 35.2947 14.7633 14.8557 -0.173452 14.2538 0 1.39979 0.0003 -3.5378 -0.111246 
600.11 50 14.1429 14.1429 -6.49788e-08 6.7972 0 1.39979 0.0003 0.177268 -2.98016 
600.11 50.2492 14.1328 14.1354 -0.00506809 6.44539 0 1.39979 0.0003 3.01065 -2.25647 
600.11 62.8104 13.6433 13.4363 0.392746 1.79765 8.77275e-47 1.39979 0.0003 1.89451 -0.0982669 
600.11 48.6624 14.1971 14.1986 -0.00690017 7.35241 0 1.39979 0.0003 -2.81944 -1.618 
600.11 49.9873 14.1434 14.1431 0.000419664 6.38535 0 1.39979 0.0003 -2.81142 2.67955 
600.11 50 14.1429 14.1429 -1.59854e-05 7.38407 0 1.39979 0.0003 -0.0849557 1.91938 
600.11 50.1902 14.1352 14.1219 0.0282553 6.54833 0 1.39979 0.0003 0.931868 -1.03964 
600.11 49.7297 14.1538 14.1568 -0.00443567 6.91505 0 1.39979 0.0003 -1.86926 1.71469 
600.11 50 14.1429 14.1429 -5.00063e-07 6.7468 0 1.39979 0.0003 -0.650879 -2.91301 
600.11 50.0002 14.1429 14.1428 2.05848e-06 6.75164 0 1.39979 0.0003 1.51358 -3.16581 
600.11 50 14.1429 14.1429 1.62459e-07 6.76842 0 1.39979 0.0003 -1.74377 3.66446 
600.11 44.092 14.3857 14.4637 -0.168226 9.83629 0 1.39979 0.0003 -3.25577 1.06289 
600.11 49.9523 14.1448 14.1458 -0.00202558 6.18192 0 1.39979 0.0003 -1.78693 2.10856 
600.11 49.9459 14.145 14.1444 0.00129005 6.72946 0 1.39979 0.0003 -1.25781 -1.66115 
600.11 50.0001 14.1429 14.1429 -3.35826e-06 6.77171 0 1.39979 0.0003 0.123109 2.09078 
600.11 50 14.1429 14.1429 -3.09058e-05 6.32069 0 1.39979 0.0003 -0.153791 2.26375 
600.11 49.9894 14.1433 14.1434 -0.000284824 6.73105 0 1.39979 0.0003 -0.308728 -0.311797 
600.11 50 14.1429 14.1429 1.45222e-06 6.74869 0 1.39979 0.0003 1.11902 3.57942 
600.11 50.0136 14.1423 14.1426 -0.000514622 6.78427 0 1.39979 0.0003 0.454215 -1.20703 
600.11 50.0282 14.1417 14.1406 0.00267148 6.72985 0 1.39979 0.0003 0.971347 -1.76408 
600.11 49.6961 14.1551 14.1565 -0.00298029 6.73933 0 1.39979 0.0003 -3.36715 -1.99207 
600.11 49.9959 14.143 14.1429 0.000155118 6.70725 0 1.39979 0.0003 -2.18087 2.76532 
600.11 35.0552 14.7736 14.6708 0.203829 11.613 0 1.39979 0.0003 -3.13467 0.516948 
600.11 50.8189 14.1098 14.1071 0.0070025 9.59046 1.97626e-323 1.39979 0.0003 2.42327 -1.89567 
600.11 50 14.1429 14.1429 9.03395e-11 6.75857 0 1.39979 0.0003 -0.198442 3.74703 
600.11 50 14.1429 14.1429 -1.27326e-08 5.74138 0 1.39979 0.0003 0.222711 -3.29556 
600.11 50 14.1429 14.1428 7.54126e-05 8.38098 1.97626e-323 1.39979 0.0003 0.381287 -2.6458 
600.11 72.6214 13.2845 13.2849 -0.00436063 -2.359 0.119885 0.0546624 0.503 2.17943 0.0195062 
