600.11 66.5896 13.5028 13.4978 0.0141527 1.77165 0.139835 1.39979 0.503 2.03672 -0.223782 
600.11 77.6059 13.1092 13.116 -0.0144855 -1.90077 0.157928 0.0546624 0.503 2.82994 0.670562 
600.11 74.1022 13.2317 13.2509 -0.0509496 -1.4684 0.198336 0.0546624 0.503 2.84852 0.767633 
600.11 64.5695 13.5777 13.5721 0.0120821 2.2473 0.132889 1.39979 0.503 3.12825 1.04349 
600.11 65.8286 13.531 13.5473 -0.0211296 2.13759 0.0603736 1.39979 0.0003 2.02734 -0.278859 
600.11 65.7907 13.5325 13.5307 0.0087304 1.32843 0.123531 1.39979 0.503 2.5753 0.919824 
600.11 67.1379 13.4826 13.474 0.0139236 1.14997 0.136739 1.39979 0.503 2.10577 0.382095 
600.11 51.2551 14.0923 14.0941 -0.00109129 6.26583 0.0971764 1.39979 0.0003 1.66048 -1.30885 
600.11 64.557 13.5779 13.4243 0.284476 -0.867272 9.93829e-13 0.0546624 0.0003 2.66502 -0.997122 
600.11 63.242 13.6273 13.5606 0.144569 0.953519 0.849043 1.39979 0.503 2.44184 -0.941752 
600.11 65.9769 13.5253 13.5034 0.0439723 1.44658 0.265924 1.39979 0.503 1.99278 -0.0219797 
600.11 66.5471 13.5042 13.3678 0.251781 -0.0101089 1.9569e-11 0.0546624 0.0003 2.06815 0.335357 
600.11 65.3141 13.5499 13.5423 0.015671 1.02877 0.144409 1.39979 0.503 2.76925 1.00152 
600.11 60.4826 13.7316 13.744 -0.0306998 2.83346 0.0452085 1.39979 0.0003 3.15728 -1.18453 
600.11 63.1733 13.6298 13.514 0.257849 0.853519 0.992137 1.39979 0.503 2.33377 0.871961 
600.11 63.7857 13.6068 13.5962 0.0219382 2.01307 0.16664 1.39979 0.503 2.03331 0.474177 
600.11 66.9624 13.4892 13.4859 0.0158199 1.68907 0.147054 1.39979 0.503 2.54407 -0.864909 
600.11 54.8551 13.9495 13.9569 -0.00465683 4.71996 0.0906216 1.39979 0.0003 3.11618 -1.47245 
600.11 63.4636 13.6191 13.6165 0.00974409 2.1274 0.12679 1.39979 0.503 1.91741 0.101701 
600.11 68.4745 13.434 13.5168 -0.135897 2.42683 0.00303228 1.39979 0.0003 2.12082 0.314929 
600.11 74.0891 13.2324 13.2475 -0.0268979 -1.40822 0.183947 0.0546624 0.503 2.35745 0.446459 
600.11 65.8208 13.5313 13.529 0.00587093 2.52388 0.114831 1.39979 0.503 2.26035 0.690954 
600.11 65.6975 13.5355 13.5301 0.0101342 1.94075 0.126725 1.39979 0.503 4.00612 -0.142378 
600.11 65.135 13.5569 13.5952 -0.0406835 2.36754 0.0389617 1.39979 0.0003 2.29245 0.752862 
600.11 70.8395 13.3479 13.2072 0.268035 -1.09327 4.05332e-12 0.0546624 0.0003 2.18557 0.302261 
600.11 73.2933 13.2603 13.2699 -0.0209954 -1.20105 0.174896 0.0546624 0.503 2.67624 0.735352 
600.11 71.7837 13.3141 13.3289 -0.0376103 -0.601508 0.194151 0.0546624 0.503 2.18199 0.205012 
600.11 62.0848 13.6709 13.6616 0.0207249 2.09544 0.162329 1.39979 0.503 2.50489 -1.02129 
600.11 76.3306 13.1532 13.116 0.0612135 -2.6697 0.000786816 0.0546624 0.0003 2.2756 -0.0238816 
600.11 72.3308 13.2949 13.3048 -0.0217837 -2.30677 0.176049 0.0546624 0.503 2.17198 0.0321478 
600.11 77.0923 13.1267 13.1493 -0.0503107 -1.99955 0.198101 0.0546624 0.503 2.33284 -0.228475 
600.11 57.8446 13.833 13.9192 -0.161739 4.62613 0.00143095 1.39979 0.0003 1.74787 0.378943 
600.11 62.0218 13.6732 13.6519 0.0487408 2.07854 0.29538 1.39979 0.503 1.91326 0.335301 
600.11 57.9586 13.8285 13.8289 0.00161592 3.98653 0.103842 1.39979 0.503 2.53973 -1.2188 
600.11 71.0455 13.3406 13.3256 0.024333 -1.37155 0.0196741 0.0546624 0.0003 2.22061 0.370663 
600.11 66.9182 13.4908 13.4795 0.0200013 1.00069 0.157361 1.39979 0.503 2.37763 -0.75613 
600.11 65.2174 13.5538 13.5529 0.0128719 1.38812 0.137456 1.39979 0.503 3.01318 1.03081 
600.11 63.6761 13.6112 13.6108 0.00918367 1.63859 0.125576 1.39979 0.503 1.97908 -0.354095 
600.11 69.2176 13.4065 13.3995 0.0193036 0.933369 0.158487 1.39979 0.503 2.24412 -0.512182 
600.11 76.5596 13.1452 13.1676 -0.049538 -2.25368 0.197977 0.0546624 0.503 2.57469 0.579659 
600.11 65.3867 13.5471 13.5371 0.0171133 2.44114 0.14841 1.39979 0.503 2.01651 0.291365 
600.11 75.0377 13.1985 13.2181 -0.048337 -2.02826 0.197776 0.0546624 0.503 2.73809 -0.711427 
600.11 66.3699 13.5109 13.4987 0.0342797 1.97846 0.221413 1.39979 0.503 3.22751 -0.969326 
600.11 64.8261 13.568 13.5641 0.0118008 1.97776 0.133007 1.39979 0.503 1.9845 0.237676 
600.11 67.0826 13.4849 13.5325 -0.065007 2.07217 0.0202894 1.39979 0.0003 2.02588 0.00222879 
600.11 64.8916 13.5656 13.5614 0.00177806 2.32167 0.102497 1.39979 0.503 1.96094 -0.0648245 
600.11 77.6739 13.1063 13.1201 -0.0361446 -2.00889 0.193199 0.0546624 0.503 2.88914 -0.681511 
600.11 65.6111 13.5388 13.5292 -0.00939535 1.34594 0.0735556 1.39979 0.0003 1.99794 -0.183528 
600.11 71.727 13.3165 13.4259 -0.184531 0.922444 0.000823809 1.39979 0.0003 2.66095 -0.773461 
600.11 78.1208 13.0911 13.0946 -0.00762136 -1.37398 0.132596 0.0546624 0.503 2.43102 -0.369863 
600.11 65.158 13.5557 13.5527 -0.00233165 0.760985 0.0918408 1.39979 0.0003 2.29512 -0.754719 
600.11 66.3405 13.5119 13.506 0.00703029 0.841486 0.116334 1.39979 0.503 2.05393 0.312643 
600.11 65.15 13.5561 13.5427 0.0354062 1.71152 0.226607 1.39979 0.503 2.59366 0.949457 
600.11 64.8066 13.5689 13.6174 -0.0886712 1.74842 0.0101715 1.39979 0.0003 2.1892 0.657112 
600.11 78.6128 13.0741 13.0902 -0.0373549 -2.19449 0.193809 0.0546624 0.503 2.34552 0.124971 
600.11 71.1691 13.3362 13.3317 0.00861448 -1.82584 0.0612039 0.0546624 0.0003 2.22263 -0.36708 
600.11 71.89 13.3105 13.3293 -0.0459688 -1.07896 0.197231 0.0546624 0.503 2.16866 -0.124352 
600.11 66.5786 13.5035 13.4959 0.0173569 2.19464 0.14991 1.39979 0.503 2.05435 -0.289639 
600.11 75.5789 13.1795 13.25 -0.154631 -0.631928 0.2 0.0546624 0.503 2.62272 -0.641517 
600.11 66.0383 13.523 13.5115 0.0223144 2.13042 0.16724 1.39979 0.503 2.00859 -0.168606 
600.11 59.0813 13.7852 13.8191 -0.0658374 3.61724 0.0183768 1.39979 0.0003 1.97515 0.719713 
600.11 51.1932 14.0948 14.0946 0.000204646 6.22692 0.0997622 1.39979 0.503 1.33775 -0.891676 
600.11 79.29 13.0506 13.0587 -0.0253298 -2.40469 0.183091 0.0546624 0.503 2.35761 -0.0912649 
600.11 68.592 13.4295 13.4819 -0.106927 0.833354 0.00606276 1.39979 0.0003 3.11423 -0.923655 
600.11 74.9011 13.2037 13.2793 -0.165626 -1.99057 0.2 0.0546624 0.503 2.28051 0.248938 
600.11 69.0265 13.4134 13.218 0.361674 -0.473647 3.15436e-13 0.0546624 0.0003 2.35379 -0.653017 
600.11 71.2263 13.3345 13.4247 -0.139077 1.15729 0.00287747 1.39979 0.0003 3.06309 -0.85559 
600.11 73.1636 13.2649 13.2715 -0.0112527 -0.970367 0.145755 0.0546624 0.503 2.74146 -0.764079 
600.11 67.3846 13.4737 13.4116 0.131647 0.954281 0.797553 1.39979 0.503 2.10871 0.371082 
600.11 75.067 13.1975 13.2434 -0.108253 -1.26533 0.199991 0.0546624 0.503 2.5573 -0.614096 
600.11 63.9203 13.602 13.4521 0.315906 0.290246 0.998323 1.39979 0.503 1.93207 -0.0956601 
600.11 71.7204 13.3163 13.323 -0.0163812 -1.37084 0.163767 0.0546624 0.503 2.90902 0.840112 
600.11 69.7098 13.3886 13.3947 -0.0152195 1.13531 0.0683393 1.39979 0.0003 2.25275 -0.500973 
600.11 75.721 13.1746 13.1973 -0.0400675 -2.14603 0.194691 0.0546624 0.503 2.35306 0.360027 
600.11 62.3705 13.6598 13.65 0.0207477 2.22062 0.162657 1.39979 0.503 2.96743 -1.1247 
600.11 77.0493 13.1283 13.1314 -0.0089124 -2.41403 0.138898 0.0546624 0.503 2.30486 0.123776 
600.11 64.8023 13.5692 13.5658 0.0111069 2.25717 0.130535 1.39979 0.503 1.99899 0.295404 
600.11 72.6734 13.2825 13.3297 -0.102408 -0.602175 0.199985 0.0546624 0.503 2.77123 -0.786957 
600.11 65.9756 13.5257 13.523 0.0132303 2.40634 0.138001 1.39979 0.503 2.07283 -0.393446 
600.11 62.5789 13.6523 13.6448 0.0164443 2.71666 0.146856 1.39979 0.503 3.14967 -1.10749 
600.11 77.5408 13.1111 13.192 -0.177552 -1.31117 0.2 0.0546624 0.503 3.18495 0.668591 
600.11 75.1552 13.1944 13.1357 0.105675 -2.23696 1.29859e-05 0.0546624 0.0003 2.25296 -0.109754 
600.11 64.6349 13.5752 13.576 0.000436615 1.81901 0.101135 1.39979 0.503 1.96753 -0.186115 
600.11 74.6404 13.2125 13.2204 -0.0175668 -1.60758 0.166605 0.0546624 0.503 2.34698 -0.405132 
600.11 66.1256 13.52 13.5137 0.0143409 1.11663 0.140397 1.39979 0.503 3.5873 -0.812753 
600.11 67.1233 13.4832 13.4672 0.040434 1.37367 0.250591 1.39979 0.503 2.02891 0.0621527 
600.11 63.6605 13.6114 13.6101 0.00463029 2.08711 0.111969 1.39979 0.503 2.19323 -0.719235 
600.11 77.319 13.1186 13.127 -0.0228362 -1.50876 0.178373 0.0546624 0.503 2.46304 0.448392 
600.11 67.9454 13.4534 13.5465 -0.150005 1.38879 0.0021104 1.39979 0.0003 3.68106 0.660832 
600.11 67.6633 13.4633 13.461 0.00150856 1.13127 0.102353 1.39979 0.503 2.07887 0.260985 
600.11 75.2328 13.1916 13.2711 -0.177938 -0.285743 0.2 0.0546624 0.503 2.25625 0.118397 
600.11 69.9702 13.3794 13.3461 0.0564613 -0.786466 0.0011797 0.0546624 0.0003 3.15765 0.878317 
600.11 66.1485 13.5193 13.5959 -0.125748 2.55802 0.00396262 1.39979 0.0003 2.21828 0.626817 
600.11 56.4095 13.8886 13.8889 0.00276125 4.43957 0.106921 1.39979 0.503 2.80813 -1.36842 
600.11 66.4336 13.5086 13.5273 -0.0310457 1.54229 0.0462198 1.39979 0.0003 2.24096 -0.64107 
600.11 75.2974 13.1897 13.1881 -0.00394897 -2.20053 0.120164 0.0546624 0.503 2.3384 -0.355762 
600.11 68.6934 13.426 13.5319 -0.187145 1.15917 0.000747285 1.39979 0.0003 2.10518 0.244721 
600.11 67.0681 13.485 13.4791 0.00842175 0.383379 0.121072 1.39979 0.503 2.30411 -0.682741 
600.11 75.288 13.1897 13.2196 -0.0746381 -1.59952 0.19981 0.0546624 0.503 2.52768 -0.58464 
600.11 65.5558 13.5412 13.5337 0.0189873 2.37883 0.156496 1.39979 0.503 2.03397 -0.328056 
600.11 62.9171 13.6396 13.6168 0.0508067 2.16781 0.306384 1.39979 0.503 2.70864 1.06667 
600.11 73.4487 13.2546 13.2084 0.0574009 -2.6932 0.001426 0.0546624 0.0003 3.05299 -0.79767 
600.11 73.6924 13.2463 13.261 -0.0392596 -2.46364 0.195054 0.0546624 0.503 2.32199 0.410691 
600.11 69.4789 13.3975 13.3781 0.0454326 1.45479 0.275127 1.39979 0.503 2.37384 0.654327 
600.11 79.1564 13.0553 13.0613 -0.0141226 -2.05652 0.156944 0.0546624 0.503 2.80729 -0.623037 
600.11 72.2614 13.2971 13.3113 -0.0351717 -1.89493 0.192669 0.0546624 0.503 2.23938 0.333496 
600.11 50.8055 14.1104 14.1087 0.00352019 6.39872 0.108111 1.39979 0.503 1.90631 -1.65693 
600.11 63.526 13.6166 13.6328 -0.0413153 1.19571 0.0340551 1.39979 0.0003 1.947 0.263152 
600.11 66.2177 13.5168 13.5131 0.0118659 2.06377 0.132466 1.39979 0.503 2.02369 0.215729 
600.11 63.6978 13.6104 13.601 0.0165291 3.17708 0.146079 1.39979 0.503 2.05572 0.523395 
600.11 75.9824 13.1654 13.1088 0.101439 -1.94363 1.91645e-05 0.0546624 0.0003 2.85085 0.718435 
600.11 67.2039 13.4803 13.4766 0.0165523 2.01123 0.149323 1.39979 0.503 2.16701 0.498484 
600.11 74.714 13.2103 13.2205 -0.010297 -2.07248 0.138693 0.0546624 0.503 2.2377 -0.077882 
600.11 72.7317 13.28 13.2112 0.092919 -1.51054 6.24598e-05 0.0546624 0.0003 2.22284 -0.256183 
600.11 66.6859 13.4992 13.4903 0.0186415 0.692583 0.154586 1.39979 0.503 2.02865 0.168244 
600.11 70.5605 13.3582 13.4321 -0.143751 1.15528 0.00228604 1.39979 0.0003 2.34573 -0.582604 
600.11 50 14.1429 14.1429 -1.04679e-06 6.74916 0.0992294 1.39979 0.0003 -1.16072 3.18346 
600.11 74.5365 13.2163 13.2246 -0.0195396 -1.41436 0.171453 0.0546624 0.503 2.22958 0.0339235 
600.11 77.1951 13.1231 13.1079 0.0235859 -2.88088 0.0211345 0.0546624 0.0003 2.98009 0.702293 
600.11 70.5946 13.3572 13.5116 -0.278618 1.35433 6.31076e-05 1.39979 0.0003 3.7244 -0.490787 
600.11 77.3853 13.1168 13.119 -0.00831321 -2.22641 0.137396 0.0546624 0.503 2.66136 0.609737 
600.11 65.9591 13.5259 13.4601 0.159013 0.00759492 0.418017 1.39979 0.503 2.01101 -0.195421 
600.11 70.9626 13.3439 13.4909 -0.275543 1.18233 6.65777e-05 1.39979 0.0003 2.1421 -0.111199 
600.11 76.7991 13.1367 13.1934 -0.130068 -1.70125 0.199999 0.0546624 0.503 2.46928 -0.475992 
600.11 65.3023 13.5505 13.5397 0.0223842 0.97806 0.168751 1.39979 0.503 2.64527 -0.964809 
600.11 68.8705 13.4191 13.4003 0.0418812 1.44681 0.257349 1.39979 0.503 2.39912 -0.700685 
600.11 78.3476 13.0835 13.1155 -0.0767987 -1.38839 0.199845 0.0546624 0.503 2.55851 0.507626 
600.11 70.304 13.3676 13.3614 0.00574939 0.84624 0.112396 1.39979 0.503 2.51916 0.741018 
600.11 62.3581 13.6603 13.6433 0.0331068 1.97284 0.21226 1.39979 0.503 2.77888 -1.10325 
600.11 66.2229 13.5166 13.6651 -0.280259 1.86672 5.83095e-05 1.39979 0.0003 2.01194 0.152334 
600.11 64.7104 13.5724 13.5727 -0.00080744 1.96433 0.0974109 1.39979 0.0003 2.17156 0.639922 
600.11 66.6199 13.5018 13.4906 0.0202862 2.20467 0.159177 1.39979 0.503 2.14283 0.49104 
600.11 66.2483 13.5155 13.5149 0.00164336 2.20302 0.103773 1.39979 0.503 2.14046 0.509226 
600.11 67.8726 13.456 13.4501 0.00953569 1.95582 0.123271 1.39979 0.503 2.32543 -0.670416 
600.11 73.5225 13.2522 13.2451 0.0109479 -1.10576 0.0534663 0.0546624 0.0003 2.42445 -0.55182 
600.11 71.1663 13.3363 13.3787 -0.0931027 0.574399 0.00864188 1.39979 0.0003 3.39184 -0.76526 
600.11 61.0475 13.7102 13.7072 0.00725265 2.23486 0.118567 1.39979 0.503 2.01507 0.637791 
600.11 76.1633 13.1592 13.2141 -0.125018 -1.86153 0.199998 0.0546624 0.503 2.89454 -0.721305 
600.11 66.6061 13.5021 13.441 0.140664 0.827265 0.838233 1.39979 0.503 2.01395 -0.0694798 
600.11 72.6196 13.2846 13.2944 -0.0165501 -1.7977 0.163435 0.0546624 0.503 2.33896 0.486595 
600.11 75.0301 13.1992 13.3794 -0.331072 0.952374 1.50449e-05 1.39979 0.0003 2.46465 -0.536596 
600.11 63.2682 13.6265 13.76 -0.255785 2.73106 0.000111877 1.39979 0.0003 2.729 -1.05975 
600.11 66.5552 13.5041 13.497 0.0182929 1.59218 0.154299 1.39979 0.503 2.0191 0.134177 
600.11 65.7691 13.5333 13.5334 0.00871951 2.29931 0.12458 1.39979 0.503 1.98661 0.0196174 
600.11 74.6807 13.2113 13.2304 -0.0368912 -1.05988 0.193239 0.0546624 0.503 2.57066 0.635581 
600.11 69.6609 13.3909 13.408 -0.00880924 1.16836 0.0845038 1.39979 0.0003 3.22735 0.871428 
600.11 71.5703 13.3221 13.4104 -0.140183 1.26219 0.00275325 1.39979 0.0003 2.62968 0.763652 
600.11 75.3158 13.1889 13.1903 -0.00341739 -2.28084 0.113783 0.0546624 0.503 2.57543 0.619004 
600.11 66.8846 13.4918 13.4758 0.0338359 1.12695 0.21562 1.39979 0.503 2.36928 0.750148 
600.11 58.7768 13.7969 13.7987 -0.00575555 3.0981 0.0857553 1.39979 0.0003 1.7996 0.401153 
600.11 72.1222 13.3023 13.3853 -0.139189 0.28993 0.00275275 1.39979 0.0003 2.5909 -0.726805 
600.11 65.8345 13.5308 13.5313 0.00211517 2.38663 0.105127 1.39979 0.503 2.00329 -0.172496 
600.11 66.3776 13.5104 13.4663 0.107337 1.43152 0.678954 1.39979 0.503 2.28779 -0.695503 
600.11 56.6337 13.8798 13.8641 0.0139502 3.81722 0.13187 1.39979 0.503 1.63085 0.0381844 
600.11 66.8934 13.4919 13.4733 0.0401388 1.61715 0.24603 1.39979 0.503 2.07289 -0.316505 
600.11 77.118 13.1257 13.1653 -0.100335 -1.48171 0.199983 0.0546624 0.503 2.34529 0.260622 
600.11 71.7013 13.3174 13.3796 -0.131974 -0.0966838 0.199994 0.0546624 0.503 2.2939 0.464492 
600.11 72.8817 13.2749 13.2902 -0.0376982 -1.60591 0.194207 0.0546624 0.503 2.76293 -0.77895 
600.11 64.7228 13.5722 13.4805 0.217364 0.979597 0.977037 1.39979 0.503 1.99241 0.28157 
600.11 75.969 13.1662 13.3309 -0.306576 0.746821 2.88985e-05 1.39979 0.0003 3.04993 -0.732122 
600.11 62.3089 13.6623 13.6562 0.0114897 1.69763 0.130513 1.39979 0.503 3.2813 1.09123 
600.11 57.5487 13.8442 13.8415 0.00496486 3.85836 0.111628 1.39979 0.503 1.92227 0.767237 
600.11 77.7109 13.105 13.1105 -0.00948851 -2.36867 0.138904 0.0546624 0.503 3.04843 -0.687814 
600.11 76.3029 13.1544 13.1575 -0.00343621 -2.32715 0.113683 0.0546624 0.503 2.99066 0.725446 
600.11 67.5995 13.4659 13.5597 -0.181163 1.15463 0.000836804 1.39979 0.0003 2.1389 0.422281 
600.11 73.8851 13.2391 13.255 -0.0341373 -1.27335 0.191587 0.0546624 0.503 2.53687 -0.637237 
600.11 76.5857 13.1443 13.1524 -0.0202065 -2.33994 0.17306 0.0546624 0.503 2.28243 0.0320716 
600.11 62.8166 13.6431 13.6366 0.0145343 2.11752 0.140723 1.39979 0.503 2.22573 0.794415 
600.11 74.4511 13.2194 13.2219 -0.0075354 -2.90485 0.133855 0.0546624 0.503 2.34351 -0.408737 
600.11 51.4626 14.084 14.0865 -0.00556797 6.22589 0.0864709 1.39979 0.0003 2.29705 1.69227 
600.11 68.0875 13.4478 13.3792 0.151775 0.687373 0.874042 1.39979 0.503 2.12391 -0.354746 
600.11 76.4961 13.1477 13.155 -0.0137959 -1.88291 0.155159 0.0546624 0.503 2.28849 0.111868 
600.11 64.821 13.5684 13.5276 0.0885049 1.58188 0.551414 1.39979 0.503 1.9568 0.00998472 
600.11 77.4886 13.1131 13.2926 -0.354577 -0.13023 0.199165 0.0546624 0.503 2.76421 0.653714 
600.11 62.9945 13.6367 13.724 -0.173732 2.3171 0.00100825 1.39979 0.0003 2.28258 0.838101 
600.11 70.1574 13.3729 13.3722 0.00281963 0.392782 0.106188 1.39979 0.503 2.81525 -0.867563 
600.11 65.642 13.5379 13.5473 -0.0104503 2.202 0.0783558 1.39979 0.0003 2.3765 -0.8042 
600.11 68.4934 13.4332 13.3883 0.110106 0.192396 0.695518 1.39979 0.503 2.28385 -0.598589 
600.11 53.7973 13.9911 14.0054 -0.030364 5.21747 0.0460809 1.39979 0.0003 1.48073 -0.33864 
600.11 58.8527 13.7941 13.8888 -0.172575 4.34552 0.00108476 1.39979 0.0003 2.38749 1.1035 
600.11 67.7212 13.4614 13.4544 0.00980314 1.32439 0.124164 1.39979 0.503 2.12436 -0.382255 
600.11 76.2004 13.1578 13.1492 0.0124155 -2.63008 0.0489524 0.0546624 0.0003 2.347 0.322024 
600.11 72.4645 13.2901 13.2931 -0.00222416 -2.13833 0.107832 0.0546624 0.503 2.53402 -0.680701 
600.11 65.9291 13.5273 13.528 -0.0001287 1.7927 0.0992258 1.39979 0.0003 2.13736 -0.522978 
600.11 78.2015 13.088 13.1191 -0.0645131 -1.85187 0.199463 0.0546624 0.503 2.83747 -0.657108 
600.11 66.2153 13.5168 13.5012 0.0304096 2.05444 0.198909 1.39979 0.503 2.68012 -0.947544 
600.11 64.1469 13.5935 13.5452 0.110786 0.797939 0.695117 1.39979 0.503 1.97213 0.278075 
600.11 66.042 13.5232 13.5758 -0.0838755 2.06936 0.011991 1.39979 0.0003 2.84637 0.993459 
600.11 74.6832 13.2114 13.3266 -0.212031 0.133304 0.000374296 1.39979 0.0003 2.40528 0.484362 
600.11 70.615 13.3564 13.3636 -0.0123881 -1.77058 0.149618 0.0546624 0.503 2.60189 0.778597 
600.11 77.2546 13.1209 13.1305 -0.0237959 -2.5058 0.179974 0.0546624 0.503 2.3275 -0.19861 
600.11 74.1313 13.2307 13.2296 -0.00138228 -1.86126 0.106438 0.0546624 0.503 2.64356 -0.695319 
600.11 73.7676 13.2433 13.1386 0.177705 -2.21931 2.09512e-08 0.0546624 0.0003 3.20288 -0.764664 
600.11 61.2596 13.7019 13.6972 0.00742986 2.80983 0.118362 1.39979 0.503 2.38901 -0.992337 
600.11 63.3951 13.6215 13.5875 0.0882237 1.79421 0.557882 1.39979 0.503 1.92272 0.164607 
600.11 72.6751 13.2823 13.2776 0.00222494 -0.786707 0.0917231 0.0546624 0.0003 2.20821 0.211652 
600.11 70.842 13.3482 13.3817 -0.0427245 0.715245 0.035838 1.39979 0.0003 2.34299 -0.567823 
600.11 71.8733 13.3107 13.2081 0.165832 -2.38342 6.92919e-08 0.0546624 0.0003 2.2469 -0.374387 
600.11 74.5397 13.2161 13.2259 -0.00857821 -2.74744 0.130724 0.0546624 0.503 2.25934 0.214107 
600.11 50.6754 14.1156 14.115 0.000844819 6.45167 0.101211 1.39979 0.503 1.63243 1.49805 
600.11 69.8501 13.384 13.4053 -0.04866 -1.18223 0.19784 0.0546624 0.503 2.32746 -0.591089 
600.11 75.6422 13.1774 13.1895 -0.0221518 -2.33434 0.176103 0.0546624 0.503 3.1595 0.725085 
600.11 67.4372 13.4719 13.4648 0.0291572 1.11238 0.200985 1.39979 0.503 3.25774 -0.929026 
600.11 63.9213 13.6018 13.6003 0.00245732 1.88036 0.105189 1.39979 0.503 2.05226 0.501658 
600.11 72.9452 13.2726 13.3007 -0.0665051 -2.29828 0.199588 0.0546624 0.503 2.31363 0.435087 
600.11 71.5477 13.3229 13.4552 -0.235568 0.04291 0.000203143 1.39979 0.0003 2.89444 0.842723 
600.11 73.4594 13.2546 13.3679 -0.219301 0.46097 0.000298262 1.39979 0.0003 2.44549 -0.575075 
600.11 75.5625 13.1803 13.2406 -0.135831 -1.35506 0.199999 0.0546624 0.503 2.28695 -0.214016 
600.11 54.7342 13.954 13.953 0.00297817 5.20493 0.10699 1.39979 0.503 1.60136 -0.501268 
600.11 67.3464 13.4749 13.4728 0.00297458 1.1939 0.106156 1.39979 0.503 3.24976 0.933534 
600.11 64.6908 13.5733 13.5997 -0.0337818 2.26658 0.0445613 1.39979 0.0003 1.96489 0.159276 
600.11 70.108 13.3744 13.3441 0.0538052 -1.54287 0.00145393 0.0546624 0.0003 2.63056 0.808112 
600.11 63.1952 13.6292 13.6667 -0.0442901 2.87498 0.0349834 1.39979 0.0003 2.16627 0.711864 
600.11 67.9373 13.4535 13.5005 -0.0847452 1.03517 0.0113321 1.39979 0.0003 2.71176 0.904525 
600.11 68.1553 13.4451 13.2624 0.337881 -0.70948 1.71679e-13 0.0546624 0.0003 2.06222 0.102536 
600.11 63.3033 13.625 13.609 0.0305569 1.54677 0.201197 1.39979 0.503 2.03518 0.512901 
600.11 66.5996 13.5024 13.497 0.00997079 1.58445 0.125765 1.39979 0.503 3.54553 0.824224 
600.11 65.6777 13.5365 13.5286 0.0116956 2.21869 0.130397 1.39979 0.503 2.08808 -0.44942 
600.11 66.4492 13.5078 13.5403 -0.0916039 1.38081 0.00862098 1.39979 0.0003 2.34734 0.748716 
600.11 64.0225 13.5981 13.5944 0.00869283 1.95745 0.121946 1.39979 0.503 2.65727 -1.01275 
600.11 63.8839 13.6031 13.604 0.00547788 1.67183 0.11492 1.39979 0.503 2.24655 0.764902 
600.11 65.5233 13.5423 13.5763 -0.0515127 1.608 0.0278919 1.39979 0.0003 2.40549 -0.8303 
600.11 72.683 13.2818 13.1539 0.236901 -1.53494 7.60344e-11 0.0546624 0.0003 2.1805 -0.00579353 
600.11 62.1479 13.6686 13.6752 -0.00205682 2.72769 0.0966229 1.39979 0.0003 2.90623 1.1288 
600.11 70.0152 13.378 13.3482 0.0640278 0.243363 0.386184 1.39979 0.503 2.24262 -0.469563 
600.11 79.2053 13.0538 13.072 -0.0367421 -2.8271 0.193297 0.0546624 0.503 2.53872 0.458944 
600.11 64.2995 13.5877 13.5231 0.141168 1.23041 0.836912 1.39979 0.503 2.24306 0.742214 
600.11 76.1707 13.1591 13.1611 0.000808809 -2.17392 0.094263 0.0546624 0.0003 2.99309 -0.728647 
600.11 76.4409 13.1495 13.1561 -0.0149391 -2.16366 0.159054 0.0546624 0.503 2.67449 -0.644524 
600.11 75.4929 13.1828 13.1946 -0.0179579 -1.57762 0.165298 0.0546624 0.503 2.52842 -0.578082 
600.11 72.792 13.2782 13.2916 -0.0358713 -1.74221 0.193172 0.0546624 0.503 2.24246 0.305016 
600.11 63.8628 13.6041 13.6337 -0.0476453 2.03262 0.0304619 1.39979 0.0003 2.19018 0.705647 
600.11 66.2547 13.5151 13.4954 0.0208683 2.06924 0.155142 1.39979 0.503 2.22903 0.635478 
600.11 69.9313 13.3811 13.4334 -0.0662024 0.820754 0.0201079 1.39979 0.0003 2.72617 -0.85015 
600.11 73.1523 13.2653 13.2739 -0.0177513 -1.45048 0.166205 0.0546624 0.503 3.2129 0.778602 
600.11 70.036 13.3772 13.4101 -0.0527017 0.572396 0.0267983 1.39979 0.0003 2.85446 -0.878431 
600.11 62.0469 13.6724 13.6519 0.0438558 2.11167 0.266155 1.39979 0.503 2.00329 -0.545976 
600.11 66.2801 13.5144 13.4924 0.0531491 1.5124 0.322451 1.39979 0.503 2.02022 0.191702 
600.11 75.8244 13.1709 13.224 -0.123815 -1.47431 0.199998 0.0546624 0.503 2.26908 -0.101498 
600.11 72.9205 13.2737 13.3358 -0.148144 -0.606763 0.2 0.0546624 0.503 2.98214 0.812708 
600.11 70.7485 13.3514 13.3398 0.00404054 0.458612 0.105151 1.39979 0.503 2.26753 0.471693 
600.11 75.0624 13.1979 13.2036 -0.0072342 -2.64037 0.129422 0.0546624 0.503 2.24271 0.00339285 
600.11 67.7912 13.4588 13.4544 0.0158759 0.1925 0.147646 1.39979 0.503 2.98806 -0.953369 
600.11 67.2847 13.4771 13.3481 0.244342 -0.155583 3.62633e-11 0.0546624 0.0003 2.44532 -0.793938 
600.11 66.7831 13.4959 13.4541 0.0931084 1.67186 0.581182 1.39979 0.503 3.43706 0.880848 
600.11 65.8567 13.5299 13.5207 0.0183561 2.58461 0.153336 1.39979 0.503 2.42923 -0.834425 
600.11 64.2355 13.5904 13.5831 0.0132774 1.65499 0.135278 1.39979 0.503 1.95053 0.162984 
600.11 60.2719 13.7397 13.7397 0.00065034 2.69359 0.100887 1.39979 0.503 1.97415 0.628464 
600.11 80.7204 13.0014 13.0166 -0.0281716 -3.15805 0.18507 0.0546624 0.503 2.6236 0.482379 
600.11 65.4488 13.5451 13.5463 0.000877932 1.7144 0.10185 1.39979 0.503 3.3521 -0.961031 
600.11 65.5475 13.5413 13.4242 0.257594 1.04114 0.992014 1.39979 0.503 2.95559 -1.01952 
600.11 67.5603 13.4671 13.4662 0.00271979 0.466745 0.106158 1.39979 0.503 2.40444 0.753245 
600.11 63.3046 13.6249 13.6187 0.0109235 2.59985 0.128146 1.39979 0.503 2.34213 0.872647 
600.11 65.236 13.5531 13.5508 0.00842068 1.24285 0.121872 1.39979 0.503 2.26338 0.71994 
600.11 74.268 13.2257 13.2415 -0.0375204 -0.661538 0.194111 0.0546624 0.503 2.22658 0.0853946 
600.11 76.8059 13.137 13.1545 -0.0326084 -1.81019 0.190125 0.0546624 0.503 2.48578 0.493463 
600.11 78.4856 13.0784 13.0968 -0.0406947 -2.13721 0.195445 0.0546624 0.503 2.34738 -0.149195 
600.11 64.1321 13.5941 13.6591 -0.117868 1.86325 0.00469559 1.39979 0.0003 1.97214 -0.279857 
600.11 68.9601 13.416 13.4843 -0.160899 0.103547 0.00133613 1.39979 0.0003 2.68074 -0.863234 
600.11 67.0613 13.4857 13.5836 -0.174578 2.90867 0.00104057 1.39979 0.0003 2.02549 0.0215465 
600.11 67.2494 13.4783 13.3 0.335783 -0.461002 1.66019e-13 0.0546624 0.0003 2.03389 -0.0819265 
600.11 63.1022 13.6327 13.6929 -0.0918496 2.68999 0.00988075 1.39979 0.0003 1.93737 0.282167 
600.11 73.1874 13.264 13.3662 -0.232316 -0.957458 0.2 0.0546624 0.503 3.12423 -0.796685 
600.11 68.2347 13.4424 13.344 0.185415 -1.275 8.25016e-09 0.0546624 0.0003 2.08133 0.203835 
600.11 72.2652 13.2968 13.2654 0.0440658 -1.10377 0.00397869 0.0546624 0.0003 2.27637 -0.407534 
600.11 66.7946 13.4955 13.5177 -0.0163061 1.49348 0.0708863 1.39979 0.0003 2.07568 -0.333386 
600.11 65.1869 13.5548 13.5934 -0.0716742 1.40892 0.0158904 1.39979 0.0003 2.03922 0.375898 
600.11 73.6197 13.2486 13.1425 0.194231 -2.0693 3.90389e-09 0.0546624 0.0003 2.28965 0.356821 
600.11 66.2871 13.5138 13.3638 0.27856 -0.0445939 1.66626e-12 0.0546624 0.0003 2.12628 -0.482668 
600.11 75.6822 13.1761 13.1805 -0.0153529 -1.37766 0.161651 0.0546624 0.503 2.61443 0.633065 
600.11 65.1995 13.5543 13.5584 -0.00191114 1.23907 0.096117 1.39979 0.0003 1.97487 -0.112719 
600.11 67.3466 13.4751 13.4575 0.0291494 1.06437 0.192562 1.39979 0.503 2.06541 -0.245867 
600.11 78.2039 13.0884 13.0913 1.70624e-05 -2.28145 0.0972132 0.0546624 0.0003 3.3684 0.567416 
600.11 73.9774 13.236 13.2201 0.016304 -0.812013 0.0400546 0.0546624 0.0003 2.33926 -0.424872 
600.11 66.0587 13.5223 13.5149 0.0234749 0.247957 0.175628 1.39979 0.503 2.22945 0.64523 
600.11 67.4318 13.4717 13.4753 -0.0334739 0.939238 0.0401068 1.39979 0.0003 2.16079 -0.474777 
600.11 65.225 13.5531 13.5441 0.018535 2.0172 0.154308 1.39979 0.503 2.05149 0.402522 
600.11 65.8559 13.53 13.5212 0.00209884 1.98235 0.100833 1.39979 0.503 2.07589 -0.410058 
600.11 75.3565 13.1875 13.2001 -0.0270833 -2.49852 0.184323 0.0546624 0.503 2.42496 -0.480867 
600.11 67.4826 13.4701 13.5001 -0.0441628 1.71955 0.0337418 1.39979 0.0003 2.04381 -0.109958 
600.11 73.4323 13.2554 13.2889 -0.0767443 -2.04939 0.199838 0.0546624 0.503 3.54562 0.584328 
600.11 71.4197 13.327 13.3316 -0.00774158 -1.27695 0.132283 0.0546624 0.503 2.234 0.375609 
600.11 74.1313 13.2308 13.2395 -0.0056474 -1.91577 0.117748 0.0546624 0.503 2.58457 0.661671 
600.11 64.7392 13.5713 13.5623 0.0237731 2.4478 0.175004 1.39979 0.503 3.18632 -1.02925 
600.11 71.1491 13.3372 13.3407 -0.00922233 -0.569555 0.139951 0.0546624 0.503 3.44007 0.738983 
600.11 73.8565 13.2403 13.1881 0.0926286 -1.38052 4.31105e-05 0.0546624 0.0003 3.17367 0.769344 
600.11 67.4619 13.4707 13.465 0.00418055 1.58657 0.107909 1.39979 0.503 2.08082 0.288462 
600.11 73.785 13.2427 13.1768 0.114961 -2.97192 5.81529e-06 0.0546624 0.0003 2.20967 0.0204254 
600.11 77.7865 13.1028 13.1151 -0.0219453 -2.06778 0.175516 0.0546624 0.503 2.37993 -0.296189 
600.11 68.3136 13.4396 13.4245 0.0243463 1.07028 0.173677 1.39979 0.503 2.1098 0.297481 
600.11 70.0081 13.378 13.3251 0.0929559 -0.94057 4.23729e-05 0.0546624 0.0003 2.95607 0.890256 
600.11 64.5018 13.5804 13.5307 0.110683 1.28987 0.693094 1.39979 0.503 1.99959 -0.329631 
600.11 67.2114 13.4797 13.342 0.254472 -1.61702 1.5234e-11 0.0546624 0.0003 2.46836 -0.81215 
600.11 73.8133 13.2416 13.2411 -0.00546359 -0.827326 0.125764 0.0546624 0.503 2.7406 0.746152 
600.11 66.7952 13.4954 13.5002 -0.000668051 1.75685 0.0995663 1.39979 0.503 3.55817 0.808631 
600.11 69.7902 13.3859 13.3864 -0.0177465 0.864111 0.0612701 1.39979 0.0003 2.40368 0.670493 
600.11 74.2057 13.2283 13.3374 -0.191043 0.364838 0.00067762 1.39979 0.0003 2.42573 -0.526893 
600.11 64.48 13.581 13.5013 0.174169 1.32474 0.927174 1.39979 0.503 2.02551 0.401959 
600.11 69.7703 13.3867 13.3948 -0.0253098 0.50576 0.0515125 1.39979 0.0003 2.19342 0.394341 
600.11 69.6564 13.3906 13.2555 0.242281 -0.907731 5.06544e-11 0.0546624 0.0003 2.24416 -0.490674 
600.11 70.0456 13.3769 13.4642 -0.154281 0.522284 0.00179829 1.39979 0.0003 2.50422 -0.73921 
600.11 76.4808 13.1482 13.1566 -0.0162642 -2.29817 0.163073 0.0546624 0.503 2.28328 -0.0751833 
600.11 75.5719 13.1801 13.216 -0.0796615 -1.19624 0.199876 0.0546624 0.503 3.71139 -0.217875 
600.11 71.0468 13.3409 13.3958 -0.0756506 0.639256 0.0154174 1.39979 0.0003 2.21692 0.36213 
600.11 57.8669 13.8321 13.9277 -0.182383 4.4537 0.000814172 1.39979 0.0003 1.70326 -0.164645 
600.11 67.519 13.4688 13.47 0.000301634 1.56202 0.100272 1.39979 0.503 2.53431 -0.841094 
600.11 65.484 13.5438 13.535 0.0221098 1.84484 0.168619 1.39979 0.503 1.98427 -0.116884 
600.11 68.4319 13.4352 13.4342 0.00533384 1.24292 0.114022 1.39979 0.503 3.30837 -0.88308 
600.11 70.6207 13.3557 13.2998 0.0687228 -0.644131 0.00056064 0.0546624 0.0003 2.19632 -0.34532 
600.11 73.5671 13.2506 13.2539 -0.00751512 -1.78385 0.132662 0.0546624 0.503 2.20617 -0.0630626 
600.11 79.5647 13.0414 13.0429 -0.00454058 -3.20495 0.120385 0.0546624 0.503 2.45036 0.33061 
600.11 71.1932 13.3356 13.4541 -0.218614 1.40757 0.000312979 1.39979 0.0003 2.32921 -0.536371 
600.11 76.2658 13.1556 13.1611 -0.0202167 -1.96237 0.17436 0.0546624 0.503 2.29682 -0.181852 
600.11 74.9743 13.2007 13.2086 -0.0165488 -2.53101 0.162995 0.0546624 0.503 2.7199 0.70633 
600.11 65.184 13.5547 13.5435 0.0193174 2.18368 0.155752 1.39979 0.503 2.00027 0.256048 
600.11 68.1468 13.4455 13.4461 0.00123298 1.69478 0.103651 1.39979 0.503 3.7956 -0.50711 
600.11 69.7625 13.3872 13.3789 0.00721329 0.204448 0.114166 1.39979 0.503 2.27164 -0.524938 
600.11 66.3152 13.5128 13.5119 0.00469158 2.0654 0.112474 1.39979 0.503 2.00418 0.0467276 
600.11 63.0759 13.6334 13.6274 0.0110024 2.18499 0.129298 1.39979 0.503 2.29112 -0.841968 
600.11 69.1662 13.4084 13.44 -0.105472 0.11865 0.00571476 1.39979 0.0003 2.21959 0.477217 
600.11 54.1377 13.9776 13.9757 0.00700907 5.05501 0.118228 1.39979 0.503 1.55253 -0.493874 
600.11 68.1707 13.4449 13.5812 -0.278607 0.955518 5.77193e-05 1.39979 0.0003 2.47379 0.782132 
600.11 63.698 13.6101 13.5712 0.093067 1.89983 0.585893 1.39979 0.503 1.92514 -0.103759 
600.11 67.895 13.4549 13.4295 0.0494583 1.79275 0.294078 1.39979 0.503 2.14971 -0.425161 
600.11 70.0354 13.3769 13.4115 -0.0825715 -1.21423 0.199908 0.0546624 0.503 2.75619 -0.856242 
600.11 69.3349 13.4023 13.3719 0.0423453 -0.825638 0.00463954 0.0546624 0.0003 2.09709 -0.113054 
600.11 74.0304 13.2341 13.2393 -0.0123022 -2.01215 0.150345 0.0546624 0.503 2.22071 0.0873271 
600.11 68.5092 13.4324 13.4659 -0.0962889 0.949811 0.00752297 1.39979 0.0003 2.96479 -0.93249 
600.11 62.724 13.6465 13.6348 0.0198211 2.40736 0.157473 1.39979 0.503 1.95217 0.374766 
600.11 73.7057 13.246 13.3869 -0.258453 1.68638 0.000107415 1.39979 0.0003 2.21729 -0.123346 
600.11 66.4857 13.5068 13.4828 0.0637988 1.39248 0.391055 1.39979 0.503 2.38909 -0.781649 
600.11 70.5604 13.3579 13.3678 -0.019618 -0.204545 0.171138 0.0546624 0.503 2.17548 0.296581 
600.11 53.0553 14.0205 14.0219 -0.00195568 5.52708 0.0948191 1.39979 0.0003 2.00035 1.27932 
600.11 67.784 13.4588 13.4528 0.0102978 1.4412 0.126776 1.39979 0.503 2.53253 -0.831573 
600.11 77.5838 13.1095 13.1133 -0.00771774 -2.25325 0.133548 0.0546624 0.503 2.36106 0.267739 
600.11 67.0797 13.4849 13.4721 0.0241573 0.890557 0.173546 1.39979 0.503 2.15078 0.47799 
600.11 68.951 13.4162 13.3265 0.153639 -1.49019 1.8092e-07 0.0546624 0.0003 2.10487 0.215779 
600.11 72.5425 13.2872 13.303 -0.0307769 -1.99479 0.188271 0.0546624 0.503 2.21037 -0.232944 
600.11 74.0295 13.2342 13.2398 -0.0128732 -2.37535 0.152738 0.0546624 0.503 2.27817 0.306823 
600.11 76.0862 13.1618 13.2419 -0.168089 -1.28063 0.2 0.0546624 0.503 2.5245 0.55537 
600.11 72.773 13.2788 13.299 -0.0558659 -2.40493 0.198944 0.0546624 0.503 2.2306 -0.274188 
600.11 74.4585 13.2188 13.142 0.116931 -2.61289 6.12643e-06 0.0546624 0.0003 2.73121 -0.72494 
600.11 64.7842 13.5699 13.5621 0.0189638 1.95696 0.156111 1.39979 0.503 3.96168 0.407339 
600.11 79.6405 13.0386 13.0549 -0.0358395 -2.1598 0.192961 0.0546624 0.503 2.39454 0.206856 
600.11 73.7811 13.2432 13.3508 -0.207697 0.83575 0.000408868 1.39979 0.0003 2.29528 0.358081 
600.11 63.8355 13.605 13.5995 0.0132877 1.51395 0.137284 1.39979 0.503 1.94774 0.220342 
600.11 68.0252 13.4499 13.3791 0.165135 1.06863 0.910259 1.39979 0.503 2.06693 0.162433 
600.11 64.1546 13.5932 13.5327 0.126475 1.27392 0.773589 1.39979 0.503 1.99457 0.349487 
600.11 74.7369 13.2091 13.2204 -0.0271016 -0.92709 0.184699 0.0546624 0.503 2.68029 0.696056 
600.11 67.0879 13.4845 13.5055 -0.0404465 0.689837 0.0357951 1.39979 0.0003 2.41262 0.777091 
600.11 71.8264 13.3126 13.288 0.0412873 -1.05645 0.00457912 0.0546624 0.0003 2.21683 -0.309528 
600.11 63.554 13.6154 13.615 0.00311061 1.63349 0.10762 1.39979 0.503 1.92072 0.106563 
600.11 70.8485 13.3475 13.1603 0.344095 -1.63025 1.98045e-13 0.0546624 0.0003 2.59478 -0.768222 
600.11 71.1096 13.3382 13.2557 0.142647 -1.43928 4.80268e-07 0.0546624 0.0003 2.18759 -0.286417 
600.11 66.185 13.5175 13.5118 0.0133686 2.63665 0.137462 1.39979 0.503 3.45 -0.894423 
600.11 79.0919 13.0576 13.0768 -0.0415268 -1.98821 0.195729 0.0546624 0.503 2.64579 0.549497 
600.11 70.7173 13.3525 13.3604 -0.023951 -1.74747 0.180899 0.0546624 0.503 2.32083 -0.546449 
600.11 66.6969 13.4989 13.5038 -0.0101213 2.08736 0.077317 1.39979 0.0003 2.37188 0.759656 
600.11 62.1693 13.6678 13.6608 0.0177755 2.33895 0.152416 1.39979 0.503 1.95274 -0.430488 
600.11 76.5291 13.1462 13.1551 -0.0114799 -0.865992 0.144629 0.0546624 0.503 2.39744 0.393722 
600.11 67.989 13.4515 13.4128 0.0958318 1.46716 0.605662 1.39979 0.503 2.07613 0.212014 
600.11 72.7453 13.2796 13.2811 -0.00515866 -1.17616 0.122811 0.0546624 0.503 2.34545 -0.490462 
600.11 66.3062 13.5131 13.4969 0.0309482 1.85237 0.20117 1.39979 0.503 2.11924 -0.46853 
600.11 69.6963 13.3895 13.4579 -0.160762 -0.250097 0.2 0.0546624 0.503 2.10167 0.0482704 
600.11 77.4147 13.1155 13.1232 -0.0130311 -2.57742 0.152462 0.0546624 0.503 2.35834 0.271923 
600.11 73.848 13.2407 13.2604 -0.0427498 -1.28839 0.196101 0.0546624 0.503 2.29679 0.356973 
600.11 65.1133 13.5575 13.5424 0.0240071 2.34268 0.172353 1.39979 0.503 2.4222 -0.85745 
600.11 71.3945 13.3284 13.4766 -0.27536 0.663766 6.73665e-05 1.39979 0.0003 2.46342 0.663651 
600.11 70.0632 13.3761 13.3776 -0.00962814 -1.36646 0.142389 0.0546624 0.503 2.11602 -0.102519 
600.11 66.9774 13.4885 13.4882 0.0071407 1.58334 0.119541 1.39979 0.503 2.02383 -0.0499373 
600.11 75.4174 13.1851 13.192 -0.0135743 -2.16699 0.153254 0.0546624 0.503 2.27055 -0.167396 
600.11 64.313 13.5874 13.5819 0.0114143 2.39402 0.130197 1.39979 0.503 2.18898 0.68154 
600.11 76.1766 13.1588 13.1674 -0.0156754 -2.65157 0.161108 0.0546624 0.503 2.67035 0.649598 
600.11 67.6115 13.4652 13.4515 0.0228465 0.561268 0.168027 1.39979 0.503 3.10249 -0.953333 
600.11 62.9946 13.6367 13.6365 0.0027335 3.24691 0.106286 1.39979 0.503 1.91304 -0.189921 
600.11 65.3282 13.5494 13.5349 0.0299036 0.782452 0.197973 1.39979 0.503 1.97268 0.00853385 
600.11 78.8737 13.065 13.1097 -0.0945387 -1.90636 0.199968 0.0546624 0.503 2.99087 0.659559 
600.11 76.7368 13.1392 13.1678 -0.0531333 -1.65359 0.19843 0.0546624 0.503 2.49461 -0.505067 
600.11 76.1933 13.1582 13.1691 -0.0211183 -2.09819 0.173931 0.0546624 0.503 2.41192 0.429471 
600.11 77.8151 13.1017 13.2137 -0.241732 -0.512174 0.2 0.0546624 0.503 2.31514 0.0486872 
600.11 65.2468 13.5524 13.5079 0.0936447 1.25403 0.583559 1.39979 0.503 1.97476 -0.0986131 
600.11 74.3909 13.2217 13.2422 -0.0363303 -1.89117 0.192673 0.0546624 0.503 2.29716 0.326267 
600.11 74.2957 13.2249 13.227 -0.00794705 -1.2446 0.136097 0.0546624 0.503 2.24073 0.165587 
600.11 67.3943 13.4735 13.4763 0.00307669 1.63125 0.108553 1.39979 0.503 2.60614 -0.880935 
600.11 70.1417 13.373 13.2322 0.263419 -1.24499 6.47873e-12 0.0546624 0.0003 2.49472 -0.729922 
600.11 69.8856 13.3828 13.5178 -0.248594 1.28385 0.000139765 1.39979 0.0003 2.10608 0.0303493 
600.11 66.9831 13.4885 13.4804 0.00771939 1.77681 0.116603 1.39979 0.503 3.76193 0.611549 
600.11 76.7144 13.1399 13.141 -0.00749919 -2.722 0.134042 0.0546624 0.503 2.28685 0.0494746 
600.11 72.9283 13.2731 13.213 0.082756 -1.91473 0.000144095 0.0546624 0.0003 2.18754 0.0317853 
600.11 63.2171 13.6282 13.6296 -0.00144059 2.17826 0.096108 1.39979 0.0003 2.4358 -0.939314 
600.11 74.2148 13.228 13.2308 -0.00389546 -1.9104 0.116427 0.0546624 0.503 2.22318 0.05953 
600.11 75.6036 13.179 13.2155 -0.0848717 -2.07053 0.199925 0.0546624 0.503 2.2604 -0.0772388 
600.11 77.1358 13.1251 13.1392 -0.0309738 -1.43793 0.18887 0.0546624 0.503 2.48116 -0.476092 
600.11 74.7909 13.2071 13.2346 -0.062197 -1.48881 0.19936 0.0546624 0.503 2.31354 -0.336596 
600.11 71.2561 13.3328 13.2511 0.12107 -1.61134 4.51938e-06 0.0546624 0.0003 2.15888 -0.167049 
600.11 63.2447 13.6271 13.5546 0.16257 0.987775 0.902915 1.39979 0.503 1.9227 0.195709 
600.11 64.9169 13.5645 13.4156 0.274038 -0.325463 2.57499e-12 0.0546624 0.0003 1.9783 -0.196579 
600.11 67.4859 13.4696 13.3381 0.234369 -0.57419 1.06608e-10 0.0546624 0.0003 2.04398 -0.113058 
600.11 63.4699 13.6187 13.6184 0.00409353 2.12773 0.110338 1.39979 0.503 2.06604 0.556835 
600.11 54.5308 13.9621 13.9998 -0.0788556 5.22993 0.012805 1.39979 0.0003 1.53553 0.324081 
600.11 74.2861 13.2249 13.2166 0.00224027 -1.08603 0.0937045 0.0546624 0.0003 2.47295 -0.571756 
600.11 67.0099 13.4873 13.4531 0.057463 -0.387297 0.0010854 0.0546624 0.0003 2.02412 -0.0347897 
600.11 74.3281 13.2234 13.2475 -0.0489311 -2.7544 0.197731 0.0546624 0.503 2.58455 0.655615 
600.11 65.5121 13.5424 13.5408 -0.0155593 1.08272 0.0648536 1.39979 0.0003 2.44396 0.857279 
600.11 78.5222 13.0771 13.0971 -0.0526241 -2.17731 0.198549 0.0546624 0.503 2.72217 -0.608168 
600.11 70.9722 13.3432 13.3068 0.0570312 -1.70884 0.00118649 0.0546624 0.0003 2.57916 -0.755805 
600.11 77.3972 13.1163 13.133 -0.0346513 -2.61706 0.192011 0.0546624 0.503 2.7399 -0.647181 
600.11 66.2672 13.5145 13.4709 0.0881732 1.56746 0.545516 1.39979 0.503 2.62507 0.925735 
600.11 67.4323 13.4721 13.5624 -0.145771 1.89681 0.00235679 1.39979 0.0003 2.13791 0.431 
600.11 68.5001 13.4327 13.3971 0.0840038 0.757862 0.523803 1.39979 0.503 2.15855 0.40423 
600.11 77.2063 13.1227 13.1298 -0.0127912 -2.5846 0.150961 0.0546624 0.503 2.2987 -0.040403 
600.11 67.607 13.4654 13.414 0.111664 0.560235 0.698936 1.39979 0.503 2.89929 -0.953765 
600.11 77.164 13.1245 13.1851 -0.131098 -0.754453 0.199999 0.0546624 0.503 2.38127 0.334056 
600.11 76.0574 13.1631 13.1682 -0.0109878 -1.95645 0.145691 0.0546624 0.503 3.41904 0.600113 
600.11 66.722 13.498 13.5583 -0.1168 1.66601 0.00472431 1.39979 0.0003 2.34566 -0.7361 
600.11 78.0125 13.0946 13.0999 -0.0259148 -2.07919 0.184479 0.0546624 0.503 2.83578 -0.661703 
600.11 78.1299 13.0909 13.1113 -0.04351 -2.17129 0.196406 0.0546624 0.503 2.47159 -0.425466 
600.11 75.5887 13.1796 13.3109 -0.237391 0.0522673 0.000191413 1.39979 0.0003 2.84345 -0.726943 
600.11 72.9427 13.2727 13.1998 0.139782 -1.74351 5.2932e-07 0.0546624 0.0003 2.91266 0.807898 
600.11 66.5261 13.5051 13.4462 0.134439 1.05365 0.813316 1.39979 0.503 2.11042 0.436135 
600.11 68.2271 13.4425 13.2982 0.258095 -0.887968 1.20145e-11 0.0546624 0.0003 2.41152 0.734694 
600.11 67.727 13.4614 13.5502 -0.139478 1.56233 0.00282057 1.39979 0.0003 2.06045 -0.172524 
600.11 72.9423 13.2726 13.1929 0.118526 -1.35036 5.58103e-06 0.0546624 0.0003 2.8651 -0.801466 
600.11 74.7772 13.2081 13.2203 -0.0218882 -1.99318 0.175845 0.0546624 0.503 2.27614 0.246931 
600.11 57.0183 13.8649 13.8598 0.0124739 4.10104 0.134172 1.39979 0.503 1.7914 0.600547 
600.11 65.5022 13.543 13.5402 -0.00145339 1.51998 0.0941623 1.39979 0.0003 2.08133 -0.447746 
600.11 67.6675 13.4632 13.4549 0.0216972 1.84178 0.166734 1.39979 0.503 2.70989 -0.912243 
600.11 66.2013 13.5172 13.5716 -0.104443 1.64527 0.00659603 1.39979 0.0003 2.50242 0.867999 
600.11 76.0662 13.1623 13.1674 -0.0132464 -2.63596 0.153619 0.0546624 0.503 2.5853 -0.60244 
600.11 64.2401 13.5902 13.5443 0.103247 0.898411 0.64768 1.39979 0.503 2.09454 -0.554332 
600.11 74.2771 13.2252 13.1774 0.0583141 -2.4431 0.00135127 0.0546624 0.0003 2.23688 -0.15073 
600.11 71.636 13.3193 13.3242 -0.00812954 -0.914056 0.132641 0.0546624 0.503 2.18918 0.245931 
600.11 61.2035 13.7043 13.687 0.0408793 2.33462 0.251615 1.39979 0.503 2.08264 0.721943 
600.11 74.1036 13.2317 13.2315 -0.00169378 -1.7934 0.107607 0.0546624 0.503 2.49642 0.598236 
600.11 68.4691 13.4338 13.3337 0.179202 -1.42852 1.61573e-08 0.0546624 0.0003 2.68391 -0.879281 
600.11 72.1345 13.3016 13.2709 0.0526218 -0.820384 0.0016521 0.0546624 0.0003 2.1837 -0.170551 
600.11 71.2744 13.3326 13.3539 -0.0490176 -1.0598 0.197871 0.0546624 0.503 2.18023 -0.24927 
600.11 65.8545 13.5301 13.5261 0.0125216 1.03515 0.135233 1.39979 0.503 2.20062 0.619151 
600.11 63.5461 13.6158 13.6123 0.00569049 2.38002 0.113741 1.39979 0.503 2.203 -0.735882 
600.11 66.8649 13.4927 13.5142 -0.0479593 0.302441 0.0289245 1.39979 0.0003 3.09976 -0.975628 
600.11 70.3533 13.3659 13.523 -0.284886 0.442383 5.30743e-05 1.39979 0.0003 2.23955 -0.445961 
600.11 65.4859 13.5435 13.4974 0.104854 1.78841 0.660236 1.39979 0.503 2.30161 -0.746634 
600.11 75.819 13.171 13.1386 0.0282042 -1.52715 0.0188461 0.0546624 0.0003 2.28513 -0.183576 
600.11 66.1887 13.5179 13.5166 0.004527 2.28521 0.110505 1.39979 0.503 2.7731 -0.974999 
600.11 63.9271 13.6014 13.5163 0.183996 0.615327 0.943241 1.39979 0.503 2.04131 0.480374 
600.11 65.0168 13.5611 13.5467 0.0331162 1.49142 0.213654 1.39979 0.503 3.98955 0.310449 
600.11 77.7463 13.1043 13.3041 -0.372055 0.168336 4.88006e-06 1.39979 0.0003 2.3759 0.290012 
600.11 68.1575 13.4454 13.4312 0.0218109 1.05234 0.163619 1.39979 0.503 2.51365 0.807783 
600.11 54.311 13.9708 13.9592 0.0210768 4.74057 0.162131 1.39979 0.503 1.81121 -0.940647 
600.11 70.295 13.3678 13.3723 -0.0222434 -1.3402 0.178961 0.0546624 0.503 2.17103 -0.304705 
600.11 79.1371 13.0558 13.0587 -0.0187171 -2.3549 0.171905 0.0546624 0.503 2.34922 -0.0503606 
600.11 65.2019 13.5541 13.5448 0.0144093 1.19649 0.138452 1.39979 0.503 2.38223 -0.825955 
600.11 74.4147 13.2207 13.2182 -0.00343008 -1.83173 0.117292 0.0546624 0.503 2.52776 -0.613637 
600.11 68.9503 13.4167 13.3563 0.164513 -1.40528 3.72097e-08 0.0546624 0.0003 2.08028 -0.0354328 
600.11 65.5148 13.5425 13.5341 0.0184573 1.7703 0.153991 1.39979 0.503 2.216 -0.655069 
600.11 73.0384 13.2693 13.3316 -0.148227 -1.4194 0.2 0.0546624 0.503 2.29077 0.391392 
600.11 73.4459 13.2549 13.2781 -0.0554435 -1.27421 0.198855 0.0546624 0.503 2.20951 -0.118218 
600.11 72.7552 13.2797 13.3447 -0.141738 -1.37488 0.2 0.0546624 0.503 3.27797 0.768614 
600.11 71.4675 13.3257 13.3509 -0.0564739 -0.88888 0.198944 0.0546624 0.503 2.21267 0.324275 
600.11 65.8077 13.5316 13.5221 0.0269042 1.7168 0.18873 1.39979 0.503 2.61915 -0.938303 
600.11 53.4107 14.0064 14.0072 0.000726948 5.34963 0.101459 1.39979 0.503 2.59801 1.53832 
600.11 68.5014 13.433 13.5767 -0.278998 0.793243 5.90947e-05 1.39979 0.0003 3.05192 -0.931715 
600.11 65.2054 13.5542 13.5488 0.0126012 2.44404 0.134486 1.39979 0.503 2.0228 0.328729 
600.11 63.3599 13.6228 13.6139 0.0127999 2.34516 0.133152 1.39979 0.503 1.96515 0.344933 
600.11 66.4871 13.5065 13.595 -0.183135 1.81893 0.000776462 1.39979 0.0003 2.86944 -0.98345 
600.11 73.6261 13.2485 13.2569 -0.0221179 -2.46389 0.177382 0.0546624 0.503 2.75767 -0.756857 
600.11 51.9023 14.0664 14.0661 0.00181498 5.96498 0.103976 1.39979 0.503 1.52935 0.968141 
600.11 78.2457 13.0868 13.1399 -0.125875 -1.68334 0.199998 0.0546624 0.503 2.55501 -0.508062 
600.11 73.3143 13.2595 13.2411 0.0275402 -1.78214 0.0155456 0.0546624 0.0003 2.22002 -0.19014 
600.11 63.5564 13.6157 13.6061 0.0260009 2.21936 0.184327 1.39979 0.503 2.21202 -0.745094 
600.11 71.1974 13.3354 13.3755 -0.0481597 0.687936 0.0317663 1.39979 0.0003 2.91003 0.854031 
600.11 72.7209 13.281 13.362 -0.122648 0.518107 0.00445833 1.39979 0.0003 3.21554 0.789252 
600.11 73.6428 13.2478 13.2481 -0.00729326 -1.36488 0.134083 0.0546624 0.503 2.61412 -0.694386 
600.11 72.131 13.3017 13.2591 0.0754433 -1.47684 0.000205767 0.0546624 0.0003 2.71208 -0.782762 
600.11 73.3415 13.2584 13.1728 0.147309 -1.06607 3.17925e-07 0.0546624 0.0003 2.19779 -0.00260487 
600.11 67.9283 13.4536 13.4607 -0.0372803 0.817112 0.0364963 1.39979 0.0003 2.2322 0.559026 
600.11 65.0803 13.5587 13.5378 0.0460137 2.30818 0.278129 1.39979 0.503 2.04609 -0.401938 
600.11 62.786 13.6444 13.6453 0.0026687 1.87405 0.107118 1.39979 0.503 2.25561 0.824079 
600.11 68.8723 13.4193 13.4148 0.00928567 0.750541 0.124397 1.39979 0.503 2.12664 0.298715 
600.11 67.8377 13.4572 13.4414 0.0347188 1.5788 0.219961 1.39979 0.503 2.2731 -0.61488 
600.11 64.5892 13.5769 13.5721 0.0161506 2.64374 0.148375 1.39979 0.503 1.97434 0.228381 
600.11 66.3584 13.5114 13.458 0.115208 1.32563 0.71644 1.39979 0.503 2.19637 0.588359 
600.11 65.3922 13.5472 13.5718 -0.0277966 1.40507 0.0522594 1.39979 0.0003 3.21618 1.00218 
600.11 71.3377 13.33 13.3006 0.0387795 -1.63571 0.0064793 0.0546624 0.0003 2.2272 -0.366354 
600.11 69.5198 13.3958 13.4 0.00222116 1.89692 0.107096 1.39979 0.503 2.39876 0.675999 
600.11 65.0144 13.5613 13.5445 0.0312451 2.0803 0.202318 1.39979 0.503 1.99002 0.236177 
600.11 51.0396 14.101 14.1036 -0.00199705 6.45167 0.095213 1.39979 0.0003 1.09981 0.28492 
600.11 74.813 13.2066 13.2033 -0.00080493 -2.16522 0.106133 0.0546624 0.503 2.29828 -0.301308 
600.11 65.899 13.5281 13.3606 0.313418 -0.558527 1.49721e-13 0.0546624 0.0003 2.15566 0.554156 
600.11 73.0712 13.2685 13.2945 -0.06454 -1.30108 0.199524 0.0546624 0.503 3.16275 0.792392 
600.11 74.1515 13.2297 13.2448 -0.0334838 -0.790358 0.191162 0.0546624 0.503 2.45154 0.55624 
600.11 72.7146 13.2807 13.1515 0.234938 -2.13688 9.549e-11 0.0546624 0.0003 2.5381 0.675959 
600.11 61.8359 13.6803 13.6686 0.0214373 2.39891 0.163431 1.39979 0.503 2.22291 -0.839313 
600.11 51.7052 14.0743 14.0736 0.00092865 6.19034 0.101204 1.39979 0.503 1.30542 0.579068 
600.11 70.7904 13.3498 13.3619 -0.0247349 -0.493665 0.180627 0.0546624 0.503 2.14554 0.162474 
600.11 69.7555 13.387 13.2321 0.289504 -0.322027 6.29108e-13 0.0546624 0.0003 2.11154 -0.13317 
600.11 74.0642 13.2328 13.2313 -0.000424703 -2.17034 0.101962 0.0546624 0.503 2.28245 0.314415 
600.11 65.7442 13.5339 13.5257 0.0236396 1.92345 0.175779 1.39979 0.503 3.68433 -0.749096 
600.11 76.1697 13.159 13.1607 -0.0063868 -2.09855 0.128411 0.0546624 0.503 2.55684 -0.578435 
600.11 74.5602 13.2155 13.2318 -0.024468 -1.43017 0.178699 0.0546624 0.503 3.6413 -0.426948 
600.11 75.4725 13.1834 13.2631 -0.182662 -0.450188 0.2 0.0546624 0.503 3.29992 -0.683989 
600.11 68.3675 13.4375 13.4536 -0.0352119 -0.360608 0.192514 0.0546624 0.503 3.17375 0.920657 
600.11 69.7794 13.3866 13.4601 -0.106353 1.39333 0.00693338 1.39979 0.0003 2.60054 0.803512 
600.11 65.3195 13.55 13.5948 -0.0555098 2.8461 0.0263394 1.39979 0.0003 2.59585 -0.94459 
600.11 74.1614 13.2295 13.2285 -0.00172215 -1.61809 0.107888 0.0546624 0.503 2.86461 -0.768839 
600.11 72.3366 13.2941 13.2855 0.00229043 -0.368505 0.0929302 0.0546624 0.0003 3.04451 -0.827533 
600.11 64.9313 13.564 13.5571 0.00389406 1.5165 0.107067 1.39979 0.503 1.96269 0.0720268 
600.11 74.7285 13.2095 13.2035 0.00816779 -1.87899 0.064367 0.0546624 0.0003 2.2743 0.245225 
600.11 73.0231 13.2698 13.2184 0.0924081 -2.66581 4.35068e-05 0.0546624 0.0003 2.28728 -0.385905 
600.11 71.2949 13.3317 13.3623 -0.0664598 0.71006 0.0177299 1.39979 0.0003 2.55177 -0.729601 
600.11 67.6524 13.4639 13.4585 0.0105137 1.75919 0.127137 1.39979 0.503 2.36506 -0.716866 
600.11 66.4673 13.5074 13.4943 0.0288907 1.6217 0.194572 1.39979 0.503 3.18202 0.975547 
600.11 76.7069 13.1401 13.1022 0.0653347 -1.97837 0.000523963 0.0546624 0.0003 2.30843 0.182023 
600.11 66.7981 13.4954 13.4859 0.0172462 2.28682 0.148168 1.39979 0.503 2.20956 0.583551 
600.11 64.8312 13.5679 13.516 0.117316 1.46778 0.731041 1.39979 0.503 2.0506 0.431842 
600.11 71.9784 13.3069 13.1954 0.18863 -1.3894 7.89802e-09 0.0546624 0.0003 2.27341 0.41795 
600.11 73.5924 13.2496 13.2571 -0.0145957 -1.41251 0.157253 0.0546624 0.503 2.38279 0.502027 
600.11 63.9453 13.6011 13.5904 0.0269635 2.20375 0.18762 1.39979 0.503 2.95144 1.07018 
600.11 68.2691 13.4415 13.5363 -0.162917 1.25243 0.00144928 1.39979 0.0003 2.13683 0.371515 
600.11 64.691 13.5733 13.6609 -0.164581 1.77805 0.00132521 1.39979 0.0003 2.05974 -0.461188 
600.11 53.537 14.0014 13.9997 0.00590146 5.43748 0.114933 1.39979 0.503 1.42655 -0.127974 
600.11 67.027 13.4869 13.4844 0.00832891 1.89858 0.12187 1.39979 0.503 2.02441 -0.021697 
600.11 53.1762 14.0157 14.054 -0.0697125 5.84277 0.0167952 1.39979 0.0003 1.60154 0.801039 
600.11 77.2995 13.1197 13.1187 -0.00360158 -2.02515 0.118075 0.0546624 0.503 3.12218 -0.689063 
600.11 73.9253 13.2379 13.2443 -0.0112094 -1.00605 0.146238 0.0546624 0.503 2.78488 0.757039 
600.11 67.3025 13.4767 13.5306 -0.115198 0.119465 0.00478903 1.39979 0.0003 2.82081 -0.951076 
600.11 72.3972 13.2921 13.2016 0.167347 -0.586298 4.48469e-08 0.0546624 0.0003 3.60494 -0.563933 
600.11 63.8936 13.603 13.5302 0.163343 0.642794 0.905013 1.39979 0.503 2.16497 0.673849 
600.11 67.3644 13.4743 13.4616 0.0294167 1.41069 0.198252 1.39979 0.503 3.41202 -0.873873 
600.11 63.196 13.6289 13.6245 0.00914339 2.49289 0.123983 1.39979 0.503 1.91502 0.15891 
600.11 76.4282 13.1501 13.171 -0.0459803 -1.41158 0.197211 0.0546624 0.503 2.64957 -0.631718 
600.11 70.6011 13.3565 13.2451 0.20662 -1.4287 1.22041e-09 0.0546624 0.0003 2.69492 -0.820289 
600.11 61.9422 13.6762 13.6642 0.0162676 2.48597 0.143387 1.39979 0.503 1.86203 0.0707341 
600.11 68.614 13.4286 13.4229 0.00946656 1.15759 0.124193 1.39979 0.503 2.06982 0.00208898 
600.11 70.6699 13.3544 13.4693 -0.202417 1.95687 0.000497614 1.39979 0.0003 3.11592 -0.865255 
600.11 62.3651 13.6604 13.6521 0.0143811 2.40393 0.139167 1.39979 0.503 2.11357 0.692622 
600.11 69.1501 13.4089 13.2734 0.241285 -1.59619 5.67468e-11 0.0546624 0.0003 2.11573 0.236036 
600.11 64.3216 13.5867 13.5856 0.00582423 1.60152 0.115357 1.39979 0.503 3.95877 -0.449756 
600.11 67.4223 13.4723 13.4586 0.0186505 0.593269 0.15084 1.39979 0.503 2.52059 0.836479 
600.11 80.0314 13.025 13.0338 -0.0210118 -2.75644 0.174432 0.0546624 0.503 2.4807 -0.356219 
600.11 63.8153 13.6056 13.567 0.0822733 1.89672 0.508619 1.39979 0.503 1.94094 -0.190057 
600.11 66.2302 13.5162 13.5031 0.0275307 1.51234 0.188222 1.39979 0.503 2.54415 -0.889613 
600.11 75.2917 13.1898 13.2357 -0.0960578 -1.31097 0.199971 0.0546624 0.503 3.51822 -0.543922 
600.11 63.763 13.6078 13.6039 0.00739923 2.11169 0.118518 1.39979 0.503 2.23452 -0.758433 
600.11 70.7471 13.3513 13.2961 0.0982235 -2.07546 2.58951e-05 0.0546624 0.0003 2.20838 0.363692 
600.11 78.8693 13.065 13.0736 -0.0188284 -2.53708 0.1692 0.0546624 0.503 2.49978 0.429966 
600.11 55.4618 13.9256 13.9497 -0.0467002 4.84611 0.0303943 1.39979 0.0003 1.59093 0.284726 
600.11 65.0472 13.5601 13.4995 0.141901 1.17486 0.842766 1.39979 0.503 1.99733 -0.260442 
600.11 61.1121 13.7076 13.6806 0.0442852 1.64987 0.261955 1.39979 0.503 1.85649 -0.250158 
600.11 62.8918 13.6406 13.7162 -0.138085 2.93856 0.00273024 1.39979 0.0003 2.2206 0.785698 
600.11 68.5942 13.4295 13.4272 0.00814165 1.06694 0.121043 1.39979 0.503 2.70495 0.882865 
600.11 65.3323 13.5493 13.5364 0.0222584 1.60313 0.166068 1.39979 0.503 2.01362 -0.286064 
600.11 69.3482 13.4017 13.3466 0.0706436 -1.03436 0.000450823 0.0546624 0.0003 2.92398 -0.906514 
600.11 70.4624 13.3617 13.3703 -0.0209512 -1.28762 0.175027 0.0546624 0.503 2.12409 0.0711183 
600.11 67.9549 13.4526 13.4052 0.112611 0.654655 0.707895 1.39979 0.503 2.52535 0.821767 
600.11 79.1864 13.0542 13.0736 -0.0343747 -2.52217 0.19128 0.0546624 0.503 2.47363 -0.383802 
600.11 72.5874 13.2853 13.2008 0.142113 -0.956534 5.31231e-07 0.0546624 0.0003 2.18079 0.0681994 
600.11 66.1633 13.5184 13.5136 0.014429 1.44001 0.141578 1.39979 0.503 3.98681 0.171754 
600.11 54.5523 13.9614 13.9895 -0.0403169 5.12187 0.0373054 1.39979 0.0003 1.78803 -0.880755 
600.11 67.793 13.4586 13.4444 0.0313229 1.43361 0.205925 1.39979 0.503 2.44128 -0.772542 
600.11 70.7624 13.3508 13.4363 -0.164189 -0.0753123 0.19981 0.0546624 0.503 2.135 -0.0983792 
600.11 64.5534 13.5785 13.5832 -0.000290373 1.87609 0.100333 1.39979 0.503 1.95166 -0.0824975 
600.11 62.7451 13.6459 13.632 0.0275638 2.56113 0.18851 1.39979 0.503 2.74553 1.0822 
600.11 67.398 13.4731 13.4495 0.0598284 0.830188 0.363516 1.39979 0.503 2.58523 -0.871325 
600.11 68.3435 13.4388 13.4112 0.0599238 0.624676 0.358107 1.39979 0.503 2.16919 0.434509 
600.11 65.3977 13.5469 13.545 0.00505212 1.53356 0.112695 1.39979 0.503 1.97501 0.0215034 
600.11 66.0385 13.523 13.4896 0.0780718 1.64217 0.484255 1.39979 0.503 2.17447 -0.574292 
600.11 66.5191 13.5052 13.4992 0.0168723 0.838581 0.150206 1.39979 0.503 3.18617 -0.973161 
600.11 74.3648 13.2223 13.2875 -0.145441 -0.595605 0.2 0.0546624 0.503 2.2374 -0.139534 
600.11 73.3824 13.2573 13.2721 -0.0448264 -2.80192 0.197122 0.0546624 0.503 2.87047 -0.790502 
600.11 75.2173 13.1921 13.193 -0.00922599 -2.5416 0.140771 0.0546624 0.503 2.34633 0.374968 
600.11 59.5245 13.768 13.7486 0.0411038 2.72053 0.252278 1.39979 0.503 3.29057 -1.1991 
600.11 65.7373 13.5342 13.5375 0.000264455 1.4228 0.101661 1.39979 0.503 3.18998 -0.996837 
600.11 50.7231 14.1137 14.1129 0.0015857 6.55896 0.103092 1.39979 0.503 1.03273 0.420946 
600.11 74.8215 13.2065 13.2679 -0.143076 -1.09987 0.2 0.0546624 0.503 2.46291 -0.542607 
600.11 76.2908 13.1545 13.1616 -0.0170929 -1.60658 0.164959 0.0546624 0.503 3.15735 -0.708619 
600.11 65.5596 13.5407 13.5292 0.0212783 1.76552 0.163401 1.39979 0.503 2.55969 0.920468 
600.11 80.3214 13.0155 13.0238 -0.0149937 -2.45975 0.158198 0.0546624 0.503 2.45644 0.302865 
600.11 63.2573 13.6269 13.6243 0.0122043 2.4332 0.134743 1.39979 0.503 1.91616 -0.149984 
600.11 76.7694 13.1378 13.0809 0.0935916 -2.16506 4.32431e-05 0.0546624 0.0003 3.07405 0.709721 
600.11 73.9007 13.2389 13.255 -0.0390711 -1.95975 0.194688 0.0546624 0.503 2.39816 0.50753 
600.11 73.4026 13.2566 13.2564 -0.00170621 -1.9089 0.10787 0.0546624 0.503 2.5795 0.681039 
600.11 67.52 13.4688 13.4666 0.00349955 0.990434 0.107982 1.39979 0.503 2.07744 -0.271089 
600.11 68.7964 13.4218 13.4186 0.00680158 2.19376 0.11772 1.39979 0.503 2.1074 -0.242622 
600.11 66.0499 13.523 13.5057 0.0293148 1.90959 0.193026 1.39979 0.503 2.37261 -0.785075 
600.11 67.9862 13.4514 13.3394 0.208022 -0.537148 1.05769e-09 0.0546624 0.0003 2.60686 0.862855 
600.11 53.621 13.9981 14.0306 -0.0522234 5.61472 0.0270928 1.39979 0.0003 1.56907 -0.649065 
600.11 70.8641 13.347 13.3411 0.0121972 0.479761 0.133061 1.39979 0.503 2.1364 0.0857206 
600.11 64.3082 13.5873 13.5807 0.0124128 1.61787 0.134052 1.39979 0.503 2.03803 0.444632 
600.11 66.8452 13.4936 13.489 0.0170905 2.23406 0.150799 1.39979 0.503 3.46282 -0.865268 
600.11 74.5566 13.2155 13.2239 -0.0161576 -0.970211 0.161422 0.0546624 0.503 2.49649 0.583326 
600.11 74.5638 13.2156 13.2193 -0.00945256 -1.24942 0.14115 0.0546624 0.503 3.15295 0.754727 
600.11 65.882 13.5288 13.5151 0.0232094 1.22066 0.169701 1.39979 0.503 2.75809 0.9807 
600.11 64.9917 13.562 13.5596 0.00732972 1.90578 0.119201 1.39979 0.503 3.29031 -0.996217 
600.11 66.3204 13.5126 13.5062 0.00997814 2.0289 0.125692 1.39979 0.503 2.02284 0.198699 
600.11 73.5719 13.2502 13.309 -0.123524 -0.367761 0.199998 0.0546624 0.503 2.98316 -0.79604 
600.11 75.0425 13.1985 13.215 -0.0278381 -1.01375 0.184354 0.0546624 0.503 2.35881 -0.403792 
600.11 61.9345 13.6763 13.6656 0.0201347 2.4217 0.15913 1.39979 0.503 2.30661 -0.905713 
600.11 64.3387 13.5862 13.5795 0.0142548 1.68278 0.139415 1.39979 0.503 2.20567 0.699691 
600.11 76.7574 13.1383 13.2888 -0.270744 -0.0241742 0.143538 0.0546624 0.503 2.3273 -0.239116 
