600.11 39.7533 14.5695 14.5691 -0.000759486 -1.43921 0.102874 0.0546624 0.503 -2.51133 0.645633 
600.11 34.3267 14.8057 14.7181 0.162621 -0.598677 6.87535e-08 0.0546624 0.0003 -2.9414 0.485027 
600.11 49.5079 14.1628 14.1632 -0.00112305 -4.95847 0.103856 0.0546624 0.503 -1.20729 -0.645122 
600.11 37.7796 14.6545 14.6389 0.0301394 -1.14617 0.011554 0.0546624 0.0003 -2.30616 0.0365473 
600.11 38.5254 14.6223 14.6285 -0.0123511 -1.31179 0.150723 0.0546624 0.503 -2.72663 0.685462 
600.11 35.3499 14.7607 14.7612 0.00196428 0.948373 0.104731 1.39979 0.503 -2.68499 0.453671 
600.11 39.9705 14.5601 14.56 -0.0041136 -1.19613 0.11946 0.0546624 0.503 -2.19571 0.171346 
600.11 34.7117 14.7887 14.7776 0.0272338 0.40095 0.18895 1.39979 0.503 -2.96492 -0.511712 
600.11 39.6126 14.5754 14.5808 -0.0128447 -1.13957 0.152842 0.0546624 0.503 -2.81186 -0.778939 
600.11 34.2974 14.8072 14.8069 -0.000133834 0.983466 0.0988062 1.39979 0.0003 -2.56621 -0.221099 
600.11 36.2346 14.722 14.7508 -0.0448415 0.605106 0.032878 1.39979 0.0003 -2.40229 -0.0949023 
600.11 36.7339 14.7001 14.704 -0.0059864 -1.0154 0.124589 0.0546624 0.503 -3.29983 0.5587 
600.11 38.056 14.6427 14.658 -0.0280603 -1.15553 0.185305 0.0546624 0.503 -2.29708 0.106 
600.11 39.526 14.5791 14.5995 -0.0463614 -0.843317 0.197306 0.0546624 0.503 -2.20771 -0.0787513 
600.11 37.4633 14.6681 14.632 0.0486506 -0.872529 0.00277039 0.0546624 0.0003 -2.44904 0.392293 
600.11 34.6009 14.7937 14.7937 0.000291598 0.689704 0.09995 1.39979 0.503 -2.49389 0.00377393 
600.11 33.5592 14.84 14.8391 0.0053854 1.42877 0.113957 1.39979 0.503 -2.56172 -0.00289481 
600.11 50 14.1429 14.1429 4.76709e-07 -5.18372 0.0985509 0.0546624 0.0003 -0.538964 2.85644 
600.11 40.0942 14.5549 14.5619 -0.0141572 -0.752171 0.156564 0.0546624 0.503 -2.93915 -0.827767 
600.11 37.6446 14.6605 14.6662 -0.0136021 -1.41188 0.15531 0.0546624 0.503 -2.6094 -0.565026 
600.11 33.1228 14.8595 14.8798 -0.0265574 1.44143 0.052911 1.39979 0.0003 -2.61769 -0.142616 
600.11 49.7074 14.1547 14.1548 -0.000655862 -5.05646 0.101674 0.0546624 0.503 -2.10268 -1.826 
600.11 37.3264 14.6742 14.6816 -0.0153984 -0.653007 0.1601 0.0546624 0.503 -2.36828 -0.219734 
600.11 35.0234 14.775 14.6986 0.167839 0.651898 0.914713 1.39979 0.503 -3.20772 -0.490455 
600.11 32.9327 14.8677 14.7736 0.180539 -0.232629 1.25337e-08 0.0546624 0.0003 -2.69848 -0.253595 
600.11 38.2554 14.634 14.637 -0.00619989 -1.41789 0.126648 0.0546624 0.503 -2.69175 0.653356 
600.11 32.4933 14.8876 14.887 0.00110622 1.14115 0.101756 1.39979 0.503 -3.1953 0.303818 
600.11 49.994 14.1431 14.143 0.000154473 -5.1818 0.097846 0.0546624 0.0003 -1.61655 2.4565 
600.11 37.1723 14.6808 14.7442 -0.125978 -0.0627687 0.199899 0.0546624 0.503 -2.46971 0.392258 
600.11 49.1105 14.1789 14.1758 0.00656743 -4.86293 0.0691872 0.0546624 0.0003 -2.26847 1.58602 
600.11 38.1127 14.6402 14.6427 -0.00564011 -0.460538 0.124496 0.0546624 0.503 -2.28771 -0.0487382 
600.11 44.9491 14.3499 14.354 -0.00644951 -2.9906 0.126786 0.0546624 0.503 -2.25528 0.890848 
600.11 40.2135 14.5497 14.5546 -0.0109694 -1.4136 0.145755 0.0546624 0.503 -2.16415 -0.0424096 
600.11 36.0404 14.7305 14.7377 0.0189492 -0.182763 0.0227732 0.0546624 0.0003 -2.80227 0.559939 
600.11 36.6296 14.7045 14.6374 0.128633 -0.380517 1.47574e-06 0.0546624 0.0003 -2.37193 -0.00124762 
600.11 50 14.1429 14.1428 1.65937e-05 -5.18347 0.098476 0.0546624 0.0003 0.683416 3.02476 
600.11 49.0949 14.1795 14.1686 0.0187133 -4.92187 0.0303253 0.0546624 0.0003 -2.37037 1.62368 
600.11 34.5667 14.7954 14.8561 -0.106573 0.896331 0.00640887 1.39979 0.0003 -2.84942 0.481193 
600.11 50 14.1429 14.1429 4.45747e-12 -5.18355 0.0985532 0.0546624 0.0003 -0.195462 4.09942 
600.11 48.4645 14.2052 14.1964 0.019235 -4.58457 0.0280254 0.0546624 0.0003 -2.14992 -1.33898 
600.11 36.6317 14.7046 14.7252 -0.0351283 0.729268 0.041587 1.39979 0.0003 -3.35735 -0.5169 
600.11 39.364 14.5862 14.5947 -0.0218336 -1.00713 0.176732 0.0546624 0.503 -2.4418 -0.554455 
600.11 34.0223 14.8195 14.8509 -0.041327 1.24538 0.0368744 1.39979 0.0003 -2.53072 0.00474763 
600.11 37.8531 14.6514 14.6509 -0.000195841 -1.25412 0.100177 0.0546624 0.503 -2.59831 0.572084 
600.11 35.837 14.7392 14.6496 0.194865 0.163784 0.956774 1.39979 0.503 -2.90122 0.572923 
600.11 37.3741 14.672 14.6721 -0.00367914 -0.910003 0.116596 0.0546624 0.503 -3.59417 0.312157 
600.11 38.1085 14.6403 14.6603 -0.0497121 -0.84604 0.198063 0.0546624 0.503 -2.32833 0.241121 
600.11 38.1296 14.6393 14.6417 -0.00311124 -0.784759 0.112045 0.0546624 0.503 -2.29679 -0.128177 
600.11 35.6414 14.748 14.8008 -0.0969411 0.871805 0.00815746 1.39979 0.0003 -3.20332 -0.53252 
600.11 36.9093 14.6924 14.6902 0.0154667 -0.465802 0.0349882 0.0546624 0.0003 -3.62317 -0.16464 
600.11 40.3249 14.5449 14.5461 -0.002772 -1.2414 0.111532 0.0546624 0.503 -2.24131 0.369257 
600.11 38.5999 14.619 14.6151 0.00540177 -1.29949 0.0753856 0.0546624 0.0003 -3.56945 0.475994 
600.11 49.6246 14.158 14.1584 -0.000884797 -5.02633 0.102685 0.0546624 0.503 -1.16138 0.717513 
600.11 40.4432 14.5399 14.5451 -0.00571137 -1.52319 0.122326 0.0546624 0.503 -2.21985 0.339126 
600.11 35.1697 14.7686 14.7351 0.0765069 1.22315 0.471928 1.39979 0.503 -2.46092 0.0478254 
600.11 38.7222 14.6138 14.6161 -0.00222913 -0.728593 0.107641 0.0546624 0.503 -3.01191 0.749388 
600.11 38.915 14.6054 14.6098 -0.00684327 -1.15437 0.128352 0.0546624 0.503 -2.94652 0.758502 
600.11 39.8339 14.5659 14.5688 -0.00861535 -0.990412 0.137448 0.0546624 0.503 -3.1984 0.789651 
600.11 44.3947 14.3729 14.3304 0.0721603 -3.30804 0.000287513 0.0546624 0.0003 -2.41751 -0.952278 
600.11 34.764 14.7866 14.7834 0.0045797 1.21905 0.110064 1.39979 0.503 -2.53628 0.227635 
600.11 37.3749 14.6721 14.6769 -0.00960223 -0.81636 0.14042 0.0546624 0.503 -2.87956 0.660759 
600.11 48.6563 14.1974 14.1994 -0.003716 -4.69612 0.115522 0.0546624 0.503 -2.59236 -1.57488 
600.11 33.6347 14.8366 14.8386 -0.000513658 1.86517 0.0991461 1.39979 0.0003 -3.38686 -0.2168 
600.11 37.1061 14.6838 14.6494 0.0692254 -1.18357 0.000331335 0.0546624 0.0003 -2.34419 0.00664353 
600.11 39.3366 14.5873 14.584 0.01141 -1.0757 0.0491404 0.0546624 0.0003 -2.2172 0.0601042 
600.11 45.5787 14.3237 14.3261 -0.00289582 -3.19133 0.1107 0.0546624 0.503 -1.84171 -0.371253 
600.11 37.8677 14.6507 14.6481 0.001171 -0.793057 0.0947214 0.0546624 0.0003 -3.68702 0.133288 
600.11 49.9976 14.143 14.143 -4.91234e-05 -5.18196 0.0987733 0.0546624 0.0003 -1.13546 -2.32179 
600.11 36.9282 14.6915 14.6942 -0.00930317 -0.697192 0.140532 0.0546624 0.503 -2.51849 0.429744 
600.11 47.7851 14.2329 14.21 0.0393658 -4.4523 0.00536509 0.0546624 0.0003 -1.84865 0.911198 
600.11 34.0428 14.8185 14.8177 0.00369633 0.766122 0.108709 1.39979 0.503 -2.55468 0.151655 
600.11 50 14.1429 14.1429 -3.87541e-09 -5.18303 0.0985532 0.0546624 0.0003 0.560887 -3.65884 
600.11 39.2444 14.5911 14.5922 -0.00481091 -1.27353 0.120995 0.0546624 0.503 -2.69243 0.716537 
600.11 34.1989 14.8115 14.8139 0.000687856 0.399136 0.102151 1.39979 0.503 -2.52002 -0.0256959 
600.11 40.4781 14.5383 14.5478 -0.015716 -1.30255 0.159706 0.0546624 0.503 -2.54338 0.720064 
600.11 33.0892 14.8609 14.8447 0.0356575 0.87411 0.225385 1.39979 0.503 -2.77783 -0.339387 
600.11 37.1523 14.6819 14.6858 -0.00651959 -0.257406 0.127564 0.0546624 0.503 -2.5381 -0.469738 
600.11 34.073 14.8171 14.8151 0.00206315 0.23992 0.104131 1.39979 0.503 -2.5543 0.156281 
600.11 39.4067 14.5843 14.5851 -0.00158945 -1.23799 0.1059 0.0546624 0.503 -2.79029 0.760719 
600.11 33.1289 14.859 14.857 0.0024615 1.28312 0.104925 1.39979 0.503 -2.88263 -0.391242 
600.11 37.7158 14.6573 14.6577 0.00292438 -0.616312 0.0835829 0.0546624 0.0003 -2.36215 0.266199 
600.11 49.5728 14.1601 14.1549 0.00863875 -5.06908 0.0616764 0.0546624 0.0003 -2.31673 -1.81701 
600.11 37.1045 14.6839 14.6507 0.0730227 -0.101282 0.000220886 0.0546624 0.0003 -3.35603 0.550739 
600.11 47.6423 14.2387 14.2399 -0.00241327 -4.10261 0.109761 0.0546624 0.503 -1.88247 0.919733 
600.11 38.6649 14.6162 14.63 -0.0298058 -1.27003 0.187799 0.0546624 0.503 -3.26012 -0.699066 
600.11 37.0004 14.6883 14.6424 0.0976987 0.297965 0.611381 1.39979 0.503 -3.22376 0.609797 
600.11 35.7118 14.7449 14.7448 0.00308565 1.17443 0.107693 1.39979 0.503 -2.53672 -0.339178 
600.11 39.9576 14.5606 14.5682 -0.014107 -1.26858 0.155667 0.0546624 0.503 -3.15928 -0.805986 
600.11 50.0003 14.1428 14.1428 4.899e-05 -5.1838 0.0983265 0.0546624 0.0003 0.790043 2.59252 
600.11 36.184 14.7242 14.7472 -0.0339943 0.941313 0.0435015 1.39979 0.0003 -2.50024 0.33599 
600.11 50.0019 14.1428 14.1428 -7.6503e-05 -5.18401 0.0989003 0.0546624 0.0003 0.381387 1.72805 
600.11 36.1009 14.7276 14.7224 0.0163996 0.678362 0.148889 1.39979 0.503 -2.47481 -0.28401 
600.11 38.4554 14.6254 14.676 -0.0918124 0.458399 0.00938273 1.39979 0.0003 -3.22324 -0.699209 
600.11 32.4613 14.889 14.8833 0.0149724 0.963997 0.142861 1.39979 0.503 -3.13932 0.330807 
600.11 38.7715 14.6118 14.706 -0.180624 0.397673 0.00085218 1.39979 0.0003 -2.54277 -0.597463 
600.11 36.729 14.7002 14.7029 -0.0060102 -0.543985 0.125946 0.0546624 0.503 -2.62729 0.512825 
600.11 38.9113 14.6057 14.6641 -0.128635 -0.191812 0.199999 0.0546624 0.503 -2.24368 -0.0778528 
600.11 38.0641 14.6423 14.648 -0.00655719 -0.830199 0.126733 0.0546624 0.503 -3.5111 -0.494904 
600.11 49.6349 14.1576 14.1557 0.00647809 -5.04934 0.0686374 0.0546624 0.0003 -2.51271 1.92008 
600.11 49.9973 14.143 14.1429 8.86334e-05 -5.18304 0.0981522 0.0546624 0.0003 -1.47729 2.53338 
600.11 41.3007 14.5034 14.5075 -0.00575185 -1.38524 0.124127 0.0546624 0.503 -2.12928 0.239996 
600.11 38.0675 14.6419 14.6011 0.0612081 -0.997684 0.000851258 0.0546624 0.0003 -2.85472 0.696251 
600.11 37.3433 14.6736 14.6798 -0.0138374 -0.252116 0.155939 0.0546624 0.503 -2.95228 0.668135 
600.11 34.5266 14.797 14.7907 0.0161891 1.52243 0.14697 1.39979 0.503 -2.63251 0.341168 
600.11 39.1447 14.5954 14.5771 0.0175661 -1.00593 0.0374816 0.0546624 0.0003 -3.04548 0.772336 
600.11 35.332 14.7614 14.6712 0.180533 -0.606376 1.17614e-08 0.0546624 0.0003 -2.45468 -0.0800001 
600.11 33.7679 14.8307 14.8305 0.00212022 0.791774 0.104841 1.39979 0.503 -2.58507 0.179751 
600.11 49.9991 14.1429 14.1429 1.65814e-05 -5.18365 0.0984783 0.0546624 0.0003 -1.64704 -2.82312 
600.11 36.7524 14.6992 14.6942 0.010552 -0.567112 0.0536826 0.0546624 0.0003 -2.38677 -0.166234 
600.11 38.7655 14.6119 14.618 -0.0171373 -1.10821 0.166145 0.0546624 0.503 -2.6266 -0.652726 
600.11 50.0001 14.1429 14.1429 -1.12035e-06 -5.18353 0.0985584 0.0546624 0.0003 1.55553 -3.32966 
600.11 37.7082 14.6578 14.7481 -0.170934 0.029526 0.00111299 1.39979 0.0003 -2.61757 0.575391 
600.11 37.4147 14.6705 14.7286 -0.108645 0.607989 0.00594244 1.39979 0.0003 -3.01573 0.673707 
600.11 44.6495 14.3623 14.3448 0.0194237 -2.98002 0.0317109 0.0546624 0.0003 -3.62984 0.94605 
600.11 33.5063 14.8423 14.746 0.196788 0.0779656 0.955176 1.39979 0.503 -3.32014 0.29406 
600.11 34.9168 14.7797 14.7133 0.129736 -0.15658 1.30155e-06 0.0546624 0.0003 -2.49573 0.148627 
600.11 36.6826 14.7024 14.6483 0.088282 -0.675302 7.17321e-05 0.0546624 0.0003 -2.3726 0.0718813 
600.11 39.6137 14.5754 14.5509 0.0540365 -1.00126 0.00127759 0.0546624 0.0003 -2.22169 0.190694 
600.11 37.9888 14.6456 14.7333 -0.160449 1.21713 0.00149945 1.39979 0.0003 -3.02446 -0.706687 
600.11 36.6637 14.7032 14.7718 -0.127329 0.180327 0.00361549 1.39979 0.0003 -2.45499 0.316719 
600.11 32.4364 14.8901 14.8837 0.0123919 0.536256 0.133335 1.39979 0.503 -2.65398 0.0876989 
600.11 50 14.1429 14.1429 1.83528e-07 -5.18365 0.0985523 0.0546624 0.0003 0.776814 -3.8186 
600.11 34.9867 14.7768 14.7745 0.00166437 1.14033 0.102642 1.39979 0.503 -2.51709 -0.21928 
600.11 34.0565 14.8179 14.8188 0.00112833 1.20417 0.102681 1.39979 0.503 -2.53305 0.0632648 
600.11 33.145 14.8583 14.8533 0.00858896 1.05344 0.121962 1.39979 0.503 -2.70609 0.284897 
600.11 38.2708 14.6334 14.6338 -0.000803243 -1.2052 0.102799 0.0546624 0.503 -3.02988 -0.722776 
600.11 39.3466 14.5868 14.5909 -0.00894959 -1.3088 0.137759 0.0546624 0.503 -2.52181 -0.623615 
600.11 34.7797 14.7859 14.7748 0.0246914 1.22769 0.177801 1.39979 0.503 -2.50456 -0.149643 
600.11 38.4919 14.6237 14.6513 -0.0626447 -0.892984 0.199396 0.0546624 0.503 -2.28146 -0.159711 
600.11 40.4255 14.5406 14.5436 -0.00403179 -1.28535 0.116073 0.0546624 0.503 -2.30349 -0.48698 
600.11 34.2747 14.8081 14.8046 0.000291282 0.886149 0.0986429 1.39979 0.0003 -3.04159 -0.483524 
600.11 34.5278 14.797 14.717 0.175631 0.425139 0.929553 1.39979 0.503 -2.82945 0.47169 
600.11 39.5309 14.579 14.5805 -0.00283196 -1.08861 0.111216 0.0546624 0.503 -2.41982 0.545538 
600.11 35.2832 14.7636 14.7777 -0.032903 -0.545704 0.190886 0.0546624 0.503 -2.47761 0.166424 
600.11 32.9698 14.8662 14.8608 0.00942839 0.988464 0.124148 1.39979 0.503 -2.97381 0.395821 
600.11 36.6202 14.705 14.7047 -0.000104187 -0.828813 0.09966 0.0546624 0.503 -2.51466 0.397815 
600.11 39.1398 14.5958 14.6055 -0.0279915 -1.21569 0.186503 0.0546624 0.503 -3.05885 0.771554 
600.11 32.142 14.9032 14.9001 0.0033525 1.42243 0.106795 1.39979 0.503 -2.66712 -0.00959007 
600.11 36.6443 14.7041 14.7896 -0.157524 0.684795 0.00161615 1.39979 0.0003 -2.42767 0.261558 
600.11 34.1953 14.8116 14.7994 0.0265277 0.69043 0.1854 1.39979 0.503 -3.46883 0.103902 
600.11 39.7308 14.5702 14.5716 -0.00589801 -1.21389 0.126274 0.0546624 0.503 -2.4894 -0.626249 
600.11 34.7367 14.7877 14.7669 0.0506662 0.691495 0.307797 1.39979 0.503 -2.97269 0.513724 
600.11 43.333 14.4175 14.4173 -0.000643391 -2.42809 0.102281 0.0546624 0.503 -1.99059 -0.240167 
600.11 40.5176 14.5366 14.5389 -0.00338965 -1.44652 0.113459 0.0546624 0.503 -2.14743 0.0696921 
600.11 37.3855 14.6716 14.6743 -0.00710015 -0.46123 0.130927 0.0546624 0.503 -2.70798 -0.605061 
600.11 39.49 14.5808 14.585 -0.00874309 -1.21777 0.137163 0.0546624 0.503 -3.6069 -0.512402 
600.11 37.0833 14.6849 14.7215 -0.0656253 0.194911 0.018757 1.39979 0.0003 -3.1448 0.638469 
600.11 41.1582 14.5093 14.5122 -0.00490273 -1.57258 0.120502 0.0546624 0.503 -3.33318 0.830242 
600.11 39.3269 14.5877 14.6284 -0.0855157 -0.301527 0.199924 0.0546624 0.503 -2.33812 0.421253 
600.11 38.746 14.6126 14.6139 -0.00390776 -0.977929 0.116911 0.0546624 0.503 -2.94024 0.748131 
600.11 37.6518 14.66 14.6571 0.00055255 -1.05155 0.0983961 0.0546624 0.0003 -3.54599 -0.41755 
600.11 38.8754 14.607 14.6119 -0.0121539 -1.17123 0.150032 0.0546624 0.503 -2.39508 -0.456726 
600.11 33.263 14.8531 14.8521 0.00577153 1.0604 0.115049 1.39979 0.503 -2.77363 0.351403 
600.11 50 14.1429 14.1429 5.13129e-07 -5.18355 0.0985508 0.0546624 0.0003 -1.41364 -3.37416 
600.11 33.3568 14.8488 14.7648 0.156695 -0.638527 1.17384e-07 0.0546624 0.0003 -2.57627 0.0179529 
600.11 33.6004 14.838 14.8178 0.0429054 1.09797 0.261148 1.39979 0.503 -2.72009 -0.340723 
600.11 39.1959 14.5933 14.6376 -0.104342 -0.499093 0.199988 0.0546624 0.503 -3.24937 0.735612 
600.11 36.9537 14.6904 14.6657 0.0501149 -0.728306 0.00190527 0.0546624 0.0003 -2.46922 -0.370018 
600.11 38.1733 14.6375 14.628 0.0167845 -1.11354 0.0349513 0.0546624 0.0003 -2.85246 -0.702186 
600.11 44.8637 14.3534 14.2988 0.104431 -3.83815 1.35946e-05 0.0546624 0.0003 -1.9743 0.528906 
600.11 39.3769 14.5854 14.5886 -0.00506797 -0.983851 0.120365 0.0546624 0.503 -2.22365 -0.130461 
600.11 39.6195 14.5752 14.5809 -0.00959999 -1.44763 0.139591 0.0546624 0.503 -2.39613 -0.527417 
600.11 38.335 14.6306 14.6854 -0.119582 -0.550277 0.199997 0.0546624 0.503 -2.6828 0.654215 
600.11 36.5557 14.7079 14.7137 -0.00711271 -0.538104 0.128498 0.0546624 0.503 -2.51493 -0.392607 
600.11 35.3969 14.7585 14.6713 0.163353 -0.124947 6.32319e-08 0.0546624 0.0003 -2.48409 -0.204502 
600.11 38.5847 14.6196 14.6757 -0.122984 -0.595542 0.199998 0.0546624 0.503 -2.48485 -0.533253 
600.11 50 14.1429 14.1429 6.13217e-10 -5.18349 0.0985532 0.0546624 0.0003 0.220673 3.7321 
600.11 35.0073 14.7757 14.7774 -0.00841346 -0.226245 0.137934 0.0546624 0.503 -3.25617 -0.465348 
600.11 39.05 14.5995 14.5995 -0.00175257 -1.43342 0.107132 0.0546624 0.503 -3.76421 -0.0815583 
600.11 47.5252 14.2435 14.2488 -0.00461527 -3.98837 0.116466 0.0546624 0.503 -2.16607 -1.16288 
600.11 39.5853 14.5767 14.5815 -0.00839912 -1.69671 0.135223 0.0546624 0.503 -2.229 0.212939 
600.11 39.0267 14.6006 14.6189 -0.0395133 -0.724914 0.194822 0.0546624 0.503 -2.33759 -0.387031 
600.11 33.194 14.8561 14.8527 0.00782416 1.13041 0.12033 1.39979 0.503 -3.41223 0.0199561 
600.11 33.0531 14.8625 14.8595 0.009095 1.24351 0.124278 1.39979 0.503 -2.86259 0.378566 
600.11 49.9619 14.1444 14.144 0.000726154 -5.17076 0.0952244 0.0546624 0.0003 -3.09011 2.47565 
600.11 37.6261 14.6613 14.6612 -0.00670899 -0.428169 0.131722 0.0546624 0.503 -2.73282 0.632018 
600.11 38.5738 14.6201 14.6316 -0.0213264 -1.29803 0.174668 0.0546624 0.503 -2.46098 -0.508264 
600.11 38.2728 14.6332 14.6298 0.00541361 -1.29643 0.0748812 0.0546624 0.0003 -3.41926 0.589367 
600.11 33.9536 14.8224 14.8203 0.00208135 0.0936512 0.104001 1.39979 0.503 -2.56675 0.167656 
600.11 39.8499 14.5654 14.6652 -0.188568 0.0273368 0.000692806 1.39979 0.0003 -3.76759 0.275395 
600.11 39.7043 14.5716 14.5782 -0.0106892 -1.13625 0.143762 0.0546624 0.503 -2.39927 -0.538696 
600.11 43.1596 14.4248 14.4306 -0.0114993 -2.22226 0.147285 0.0546624 0.503 -2.54796 0.920417 
600.11 32.6534 14.8804 14.8797 0.0020337 0.96373 0.104547 1.39979 0.503 -3.01135 0.373327 
600.11 34.7218 14.7884 14.7914 -0.00256405 0.967676 0.0940314 1.39979 0.0003 -2.70377 0.419738 
600.11 39.4284 14.5834 14.5893 -0.00901109 -1.39504 0.136915 0.0546624 0.503 -2.82064 -0.769946 
600.11 35.4761 14.755 14.6825 0.128184 -0.515968 1.7222e-06 0.0546624 0.0003 -2.46797 0.173913 
600.11 45.1504 14.3415 14.2873 0.105092 -3.60409 1.262e-05 0.0546624 0.0003 -1.89753 -0.415548 
600.11 36.0812 14.7285 14.6655 0.121714 -0.280673 2.75651e-06 0.0546624 0.0003 -2.62345 0.46186 
600.11 50.0033 14.1427 14.1426 0.000229955 -5.1865 0.0974997 0.0546624 0.0003 0.277296 1.38256 
600.11 34.613 14.7932 14.7423 0.114695 0.221634 0.71634 1.39979 0.503 -2.56041 0.252033 
600.11 35.0867 14.7724 14.7187 0.120665 0.125484 0.747397 1.39979 0.503 -3.49978 0.194602 
600.11 46.8857 14.2698 14.2707 -0.00411355 -3.86695 0.118052 0.0546624 0.503 -2.92692 1.34788 
600.11 37.561 14.664 14.664 -0.00300125 -1.07729 0.113291 0.0546624 0.503 -2.88908 -0.672962 
600.11 50 14.1429 14.1429 -1.02343e-07 -5.18379 0.0985536 0.0546624 0.0003 0.521674 3.19698 
600.11 38.0949 14.6407 14.6488 -0.0101594 -1.08574 0.140351 0.0546624 0.503 -2.5895 -0.582739 
600.11 48.5562 14.2014 14.1879 0.0267329 -4.69414 0.0153833 0.0546624 0.0003 -1.41787 -0.269118 
600.11 37.9953 14.6452 14.6493 -0.00953369 -1.44649 0.140381 0.0546624 0.503 -2.33129 0.229679 
600.11 38.1005 14.6406 14.6368 0.00389153 -0.308131 0.0825145 0.0546624 0.0003 -2.96529 -0.712461 
600.11 40.1318 14.5532 14.5554 -0.00522772 -1.04442 0.12263 0.0546624 0.503 -2.47434 -0.644699 
600.11 35.6987 14.7452 14.7425 0.0103229 1.29256 0.128936 1.39979 0.503 -2.51927 0.312308 
600.11 34.4448 14.8008 14.7795 0.0431496 1.02461 0.260699 1.39979 0.503 -3.18457 0.460584 
600.11 46.2133 14.2975 14.3007 -0.00565766 -3.43196 0.123528 0.0546624 0.503 -2.53315 1.18846 
600.11 38.1997 14.6364 14.7169 -0.153436 0.188431 0.00177542 1.39979 0.0003 -2.29184 -0.125705 
600.11 38.479 14.6242 14.6133 0.0219889 -0.798131 0.0227624 0.0546624 0.0003 -2.84734 -0.719171 
600.11 35.2747 14.7639 14.7681 -0.0103619 -0.397549 0.143763 0.0546624 0.503 -3.38756 -0.386775 
600.11 36.7216 14.7007 14.782 -0.148776 1.08554 0.00204858 1.39979 0.0003 -3.1641 0.612157 
600.11 37.9914 14.6452 14.6513 -0.00962533 -0.163081 0.139265 0.0546624 0.503 -3.10127 -0.699917 
600.11 37.1036 14.6839 14.6865 -0.00724589 -0.391459 0.131639 0.0546624 0.503 -2.51421 0.440437 
600.11 34.8687 14.7818 14.786 -0.0160885 0.567373 0.065581 1.39979 0.0003 -2.71393 -0.437491 
600.11 41.1011 14.5119 14.5207 -0.0201533 -1.15573 0.172791 0.0546624 0.503 -2.25295 -0.485656 
600.11 33.5664 14.8396 14.8398 0.00264887 1.42365 0.106484 1.39979 0.503 -2.57359 0.102265 
600.11 49.9999 14.1429 14.1429 1.05342e-06 -5.184 0.0985484 0.0546624 0.0003 -2.13464 -3.40872 
600.11 36.4708 14.7114 14.6366 0.140191 -0.272214 5.27167e-07 0.0546624 0.0003 -3.36384 -0.500471 
600.11 35.1858 14.7678 14.6783 0.170503 0.0290932 0.842352 1.39979 0.503 -2.96868 0.541315 
600.11 35.3261 14.7618 14.7579 0.00565588 0.9302 0.113264 1.39979 0.503 -2.59683 -0.375383 
600.11 35.3327 14.7613 14.6634 0.185006 -0.537382 8.54129e-09 0.0546624 0.0003 -2.44945 0.0238102 
600.11 40.7441 14.5269 14.5067 0.0481805 -1.52031 0.00207256 0.0546624 0.0003 -3.86313 -0.0984514 
600.11 36.543 14.7083 14.6654 0.0876421 -0.222423 6.00917e-05 0.0546624 0.0003 -2.38046 0.0664701 
600.11 42.6295 14.4472 14.4468 -0.00169319 -2.12527 0.107634 0.0546624 0.503 -2.01148 -0.0389282 
600.11 34.2599 14.8087 14.7394 0.128015 -0.0246956 1.63935e-06 0.0546624 0.0003 -2.52387 -0.0886778 
600.11 35.2906 14.7634 14.7436 0.0410804 0.633328 0.251022 1.39979 0.503 -3.12241 -0.535088 
600.11 38.6724 14.6159 14.6159 -0.000675416 -1.03331 0.101916 0.0546624 0.503 -2.26149 0.109798 
600.11 37.5711 14.6637 14.75 -0.159802 0.0383632 0.00151662 1.39979 0.0003 -2.47918 0.441838 
600.11 34.1501 14.8137 14.8078 0.0162461 0.260547 0.147095 1.39979 0.503 -3.01197 -0.477477 
600.11 38.7433 14.6127 14.6184 -0.0124343 -1.14529 0.15099 0.0546624 0.503 -2.73224 -0.700914 
600.11 38.4987 14.6233 14.628 -0.00852508 -0.488432 0.135364 0.0546624 0.503 -2.86121 0.723022 
600.11 38.4492 14.6256 14.6521 -0.059187 -0.835738 0.199166 0.0546624 0.503 -2.81772 -0.710361 
600.11 39.731 14.5702 14.5725 -0.00529511 -1.34121 0.122098 0.0546624 0.503 -2.3518 0.482494 
600.11 36.4617 14.7121 14.7307 -0.0386196 -0.690237 0.1944 0.0546624 0.503 -3.05933 0.61573 
600.11 34.1321 14.8146 14.7955 0.042711 1.04286 0.260874 1.39979 0.503 -2.95551 -0.474378 
600.11 39.0731 14.5988 14.606 -0.0191271 -0.914296 0.171159 0.0546624 0.503 -2.8324 0.75142 
600.11 37.6649 14.6595 14.6901 -0.0669024 -0.823603 0.199585 0.0546624 0.503 -2.58488 -0.548856 
600.11 35.6591 14.7471 14.7459 0.0026132 1.20424 0.10578 1.39979 0.503 -2.42964 0.0262565 
600.11 34.2864 14.8077 14.7805 0.0643167 0.859028 0.391551 1.39979 0.503 -2.84368 -0.460554 
600.11 39.9382 14.5616 14.5667 -0.00648316 -1.35219 0.126449 0.0546624 0.503 -2.28712 -0.406641 
600.11 50 14.1429 14.1429 1.5117e-06 -5.18361 0.0985462 0.0546624 0.0003 0.0766543 -2.19819 
600.11 37.1388 14.6824 14.7292 -0.102129 -0.244553 0.199984 0.0546624 0.503 -3.54492 0.368135 
600.11 50 14.1429 14.1429 4.92905e-08 -5.18363 0.0985529 0.0546624 0.0003 -0.816424 3.38362 
600.11 35.1696 14.7685 14.7504 0.0386742 0.357481 0.240228 1.39979 0.503 -2.99359 0.541172 
600.11 44.4801 14.3695 14.353 0.0348983 -2.98449 0.00740794 0.0546624 0.0003 -2.92713 -1.12084 
600.11 37.8409 14.6519 14.6418 0.0214612 -1.03981 0.0235312 0.0546624 0.0003 -2.30227 0.0294842 
600.11 37.7406 14.6564 14.7333 -0.140117 0.421074 0.00258856 1.39979 0.0003 -3.06673 -0.689545 
600.11 34.7595 14.7868 14.765 0.0487976 0.381661 0.294674 1.39979 0.503 -3.49444 0.148409 
600.11 36.9777 14.6894 14.6932 -0.0053151 -1.29687 0.121877 0.0546624 0.503 -3.11234 0.638658 
600.11 45.6539 14.3206 14.2693 0.0956968 -3.90263 3.10197e-05 0.0546624 0.0003 -3.98993 -0.717955 
600.11 37.6513 14.66 14.6626 -0.00767303 -0.811331 0.133346 0.0546624 0.503 -2.86818 0.674467 
600.11 34.7755 14.7859 14.7809 0.0090578 0.330661 0.123301 1.39979 0.503 -3.18599 -0.48225 
600.11 32.9255 14.8683 14.8893 -0.0234657 1.2933 0.0579103 1.39979 0.0003 -2.68152 -0.231767 
600.11 37.4247 14.67 14.6816 -0.0215576 -0.604282 0.174928 0.0546624 0.503 -2.5447 -0.497543 
600.11 35.9871 14.7327 14.7627 -0.0721232 -0.295324 0.199758 0.0546624 0.503 -3.4375 -0.396406 
600.11 35.5456 14.7522 14.7548 -0.00686046 -0.3559 0.130135 0.0546624 0.503 -2.43734 0.0411767 
600.11 34.8536 14.7825 14.7761 0.0147125 0.673255 0.141716 1.39979 0.503 -2.5646 -0.287555 
600.11 49.9964 14.143 14.1429 0.000210085 -5.18309 0.0975935 0.0546624 0.0003 -0.232179 0.80345 
600.11 31.9766 14.9106 14.9065 0.00935704 1.2588 0.124459 1.39979 0.503 -3.27171 -0.167376 
600.11 38.2387 14.6347 14.6433 -0.010899 -1.00222 0.14288 0.0546624 0.503 -2.74825 -0.676055 
600.11 38.551 14.621 14.6205 -0.00179894 -1.00315 0.107953 0.0546624 0.503 -2.67944 0.666021 
600.11 40.2582 14.5478 14.5532 -0.00910083 -1.547 0.137997 0.0546624 0.503 -2.21593 0.300286 
600.11 32.766 14.8754 14.8699 0.0142681 1.92811 0.140416 1.39979 0.503 -2.7157 0.25482 
600.11 39.9065 14.563 14.6651 -0.195859 0.106859 0.000564651 1.39979 0.0003 -2.77385 -0.78699 
600.11 33.8314 14.8278 14.7627 0.142358 0.387487 0.841867 1.39979 0.503 -2.56732 -0.144961 
600.11 50 14.1429 14.1429 -3.78514e-05 -5.18312 0.0987284 0.0546624 0.0003 -0.0367209 -1.79598 
600.11 40.7494 14.5269 14.6011 -0.161917 -0.306731 0.2 0.0546624 0.503 -2.14404 0.152647 
600.11 36.3876 14.715 14.7433 -0.0664402 -0.509049 0.199579 0.0546624 0.503 -2.96325 -0.612734 
600.11 39.1917 14.5936 14.5979 -0.00799468 -0.925358 0.133892 0.0546624 0.503 -2.28618 -0.306285 
600.11 35.35 14.7607 14.759 0.00263838 1.32627 0.105506 1.39979 0.503 -2.49024 -0.212558 
600.11 38.6265 14.6179 14.5938 0.0490258 -1.07307 0.00209596 0.0546624 0.0003 -3.66236 0.33823 
600.11 34.5078 14.7979 14.7773 0.0454964 1.233 0.275502 1.39979 0.503 -2.78699 0.452915 
600.11 36.2725 14.7201 14.6992 0.0212745 -0.505308 0.0285972 0.0546624 0.0003 -2.54798 0.405273 
600.11 38.0516 14.6427 14.5797 0.13563 -0.422817 6.76079e-07 0.0546624 0.0003 -2.30422 -0.143811 
600.11 40.4302 14.5404 14.5472 -0.00927003 -0.974708 0.137253 0.0546624 0.503 -3.81781 0.231403 
600.11 49.0416 14.1817 14.1666 0.0281047 -4.93539 0.0138805 0.0546624 0.0003 -1.47464 0.806271 
600.11 32.2199 14.8999 14.9028 -0.000576232 1.32777 0.0988963 1.39979 0.0003 -2.7912 0.268016 
600.11 36.1256 14.7266 14.7334 -0.0160194 1.00527 0.0662874 1.39979 0.0003 -3.58489 0.12758 
600.11 37.847 14.6517 14.6799 -0.0499214 0.270156 0.0283016 1.39979 0.0003 -2.83248 -0.678421 
600.11 39.5991 14.5759 14.5758 -0.00176584 -1.19391 0.107655 0.0546624 0.503 -2.2202 -0.181066 
600.11 38.9893 14.6022 14.5951 0.0183711 -1.22055 0.0294507 0.0546624 0.0003 -2.33571 -0.37905 
600.11 31.4216 14.9357 14.9331 0.00497078 1.15503 0.1117 1.39979 0.503 -2.73855 -0.0627888 
600.11 33.1175 14.8596 14.8562 0.00727661 0.77568 0.118353 1.39979 0.503 -3.21094 -0.348529 
600.11 34.1636 14.8131 14.8119 0.00693633 1.09332 0.118342 1.39979 0.503 -2.55186 -0.167294 
600.11 36.4744 14.7113 14.6535 0.111837 -0.719479 6.81981e-06 0.0546624 0.0003 -3.14836 0.600983 
600.11 35.0234 14.775 14.6792 0.186324 -0.149773 7.18033e-09 0.0546624 0.0003 -2.4934 -0.163204 
600.11 50 14.1429 14.1429 2.49794e-06 -5.1833 0.0985415 0.0546624 0.0003 0.285374 3.20891 
600.11 38.7877 14.6108 14.6101 -0.00134588 -0.742121 0.105919 0.0546624 0.503 -2.89297 0.745224 
600.11 37.6768 14.6591 14.7376 -0.148474 0.30496 0.00203527 1.39979 0.0003 -2.33903 -0.194707 
600.11 34.3612 14.8044 14.8036 0.00355668 1.1311 0.109 1.39979 0.503 -3.26066 0.416078 
600.11 44.9101 14.3516 14.344 0.0216404 -2.9698 0.0222474 0.0546624 0.0003 -2.10871 0.739459 
600.11 32.5447 14.8852 14.8802 0.00766723 1.26458 0.118527 1.39979 0.503 -2.92302 0.357171 
600.11 39.5173 14.5796 14.5838 -0.0113157 -1.21809 0.147585 0.0546624 0.503 -3.28199 0.744179 
600.11 50.0002 14.1428 14.1428 0.000111002 -5.1845 0.0980452 0.0546624 0.0003 -0.0474195 1.13877 
600.11 44.912 14.3514 14.3552 -0.00615922 -3.00074 0.125146 0.0546624 0.503 -1.8487 -0.125095 
600.11 40.3862 14.5423 14.5426 -0.00240914 -0.955398 0.110229 0.0546624 0.503 -3.80012 0.278552 
600.11 49.802 14.1509 14.148 0.00548341 -5.1286 0.0740729 0.0546624 0.0003 -2.70173 2.10554 
600.11 35.8206 14.7401 14.8033 -0.117417 0.35246 0.00470861 1.39979 0.0003 -2.46099 0.216132 
600.11 38.5674 14.6203 14.6425 -0.0540771 -1.13811 0.198694 0.0546624 0.503 -3.10564 -0.732529 
600.11 50.0079 14.1425 14.1425 2.18938e-05 -5.18674 0.0984655 0.0546624 0.0003 0.367994 -1.24397 
600.11 34.1949 14.8117 14.8109 0.00175643 0.89938 0.10366 1.39979 0.503 -3.0738 -0.474438 
600.11 39.4486 14.5826 14.5867 -0.00144374 -1.29567 0.102554 0.0546624 0.503 -2.77948 0.760529 
600.11 39.2501 14.5911 14.6598 -0.144113 -0.132049 0.199999 0.0546624 0.503 -2.22633 0.100796 
600.11 50.0024 14.1428 14.1427 6.616e-05 -5.18497 0.0982499 0.0546624 0.0003 1.59538 2.76963 
600.11 38.2496 14.6341 14.6949 -0.140655 -0.627954 0.2 0.0546624 0.503 -2.2791 -0.0355688 
600.11 33.9833 14.8211 14.8156 0.00909502 1.03526 0.122719 1.39979 0.503 -3.36333 -0.292665 
600.11 50 14.1429 14.1429 3.49295e-10 -5.18368 0.0985532 0.0546624 0.0003 0.101417 -4.23937 
600.11 34.0514 14.818 14.8122 0.0129809 1.0895 0.135825 1.39979 0.503 -2.81372 0.432391 
600.11 35.0056 14.7758 14.7671 0.0173416 1.36102 0.149598 1.39979 0.503 -2.66069 -0.408876 
600.11 33.3784 14.8481 14.8472 0.00427726 1.10893 0.110605 1.39979 0.503 -2.72038 0.32119 
600.11 37.0612 14.6856 14.7074 -0.0481107 -0.312135 0.197643 0.0546624 0.503 -2.44699 -0.347508 
600.11 44.094 14.3855 14.3568 0.0450027 -3.03077 0.00342937 0.0546624 0.0003 -2.69185 1.04884 
600.11 50.0033 14.1427 14.1427 0.000129327 -5.18609 0.0979606 0.0546624 0.0003 0.123572 0.978462 
600.11 35.146 14.7696 14.7527 0.036327 0.785837 0.228276 1.39979 0.503 -2.65803 -0.41757 
600.11 50 14.1429 14.1429 -3.61851e-08 -5.18355 0.0985533 0.0546624 0.0003 1.08014 -3.64055 
600.11 47.9561 14.2259 14.2086 0.0288181 -4.61914 0.0134893 0.0546624 0.0003 -2.60011 -1.44041 
600.11 35.5391 14.7524 14.7475 0.0122236 1.52911 0.133527 1.39979 0.503 -2.4758 0.207392 
600.11 35.2269 14.7662 14.7871 -0.0351178 0.256985 0.0416436 1.39979 0.0003 -3.22906 -0.494461 
600.11 34.9705 14.7776 14.7962 -0.0172346 1.29555 0.0679951 1.39979 0.0003 -2.48391 0.117784 
600.11 37.1338 14.6827 14.685 -0.00827538 -1.29838 0.136923 0.0546624 0.503 -2.34325 -0.0281934 
600.11 41.1097 14.5115 14.5112 0.00206581 -1.7132 0.0884599 0.0546624 0.0003 -2.98784 -0.891311 
600.11 35.9538 14.7342 14.75 -0.0261719 0.415708 0.0522521 1.39979 0.0003 -2.43764 -0.173588 
600.11 32.8354 14.8721 14.8036 0.124927 -0.351208 2.2091e-06 0.0546624 0.0003 -2.68268 0.221281 
600.11 39.8442 14.5656 14.5773 -0.0282054 -0.87211 0.186449 0.0546624 0.503 -2.70178 0.758185 
600.11 34.8948 14.7808 14.7766 0.0123604 0.353702 0.134636 1.39979 0.503 -2.77606 -0.474204 
600.11 50 14.1429 14.1429 1.20125e-07 -5.18364 0.0985526 0.0546624 0.0003 -0.327398 -2.74898 
600.11 37.4199 14.6703 14.6736 -0.00914023 -0.589692 0.139361 0.0546624 0.503 -2.48923 -0.439516 
600.11 33.5833 14.8388 14.8362 0.00762229 1.10676 0.120196 1.39979 0.503 -3.36162 -0.250597 
600.11 37.882 14.6501 14.6229 0.0605239 -0.308447 0.000699781 0.0546624 0.0003 -2.32425 -0.185423 
600.11 36.6191 14.7052 14.7086 -0.00735722 -1.30757 0.132079 0.0546624 0.503 -2.49255 -0.369637 
600.11 35.1504 14.7696 14.689 0.18084 0.270397 0.938542 1.39979 0.503 -2.78528 -0.495918 
600.11 33.7173 14.8329 14.8292 0.00688685 1.13241 0.11721 1.39979 0.503 -2.67693 -0.311536 
600.11 46.9228 14.2682 14.227 0.0783572 -4.28235 0.000148903 0.0546624 0.0003 -1.71184 0.417588 
600.11 34.6967 14.7894 14.7825 0.00966458 1.2399 0.124264 1.39979 0.503 -2.5612 0.263714 
600.11 38.3552 14.6296 14.611 0.0385889 -0.869121 0.00536438 0.0546624 0.0003 -2.34061 -0.308602 
600.11 50 14.1429 14.1429 8.45286e-09 -5.18341 0.0985531 0.0546624 0.0003 0.164814 -3.76018 
600.11 36.473 14.7114 14.6746 0.076784 0.407317 0.470072 1.39979 0.503 -2.836 0.596789 
600.11 38.1344 14.6392 14.6344 0.0137454 -1.1637 0.0417883 0.0546624 0.0003 -3.07112 -0.711774 
600.11 38.0253 14.6439 14.6731 -0.0687394 -0.678474 0.199663 0.0546624 0.503 -3.3371 0.623567 
600.11 31.99 14.91 14.9059 0.00861318 1.31158 0.122387 1.39979 0.503 -2.72723 -0.167998 
600.11 34.6368 14.7921 14.7827 0.0137662 0.722927 0.13642 1.39979 0.503 -2.84917 -0.485449 
600.11 34.7896 14.7854 14.7439 0.0891081 -0.141405 5.05247e-05 0.0546624 0.0003 -3.27382 0.439634 
600.11 40.1131 14.5539 14.5688 -0.0324871 -0.901829 0.190284 0.0546624 0.503 -2.96193 0.830039 
600.11 32.8783 14.8703 14.8632 0.0179038 0.981644 0.152711 1.39979 0.503 -2.72805 -0.279746 
600.11 35.335 14.7612 14.6867 0.13469 -1.02512 9.20358e-07 0.0546624 0.0003 -3.3631 -0.414735 
600.11 41.1931 14.508 14.5093 -0.00256647 -1.72574 0.110553 0.0546624 0.503 -2.44838 0.706933 
600.11 38.4639 14.6248 14.5772 0.0751773 -1.35956 0.00023518 0.0546624 0.0003 -2.46572 0.503486 
600.11 38.1391 14.639 14.6727 -0.0763375 -0.445724 0.199832 0.0546624 0.503 -2.47235 -0.48338 
600.11 38.9286 14.6047 14.5878 0.0159548 -1.37621 0.0417995 0.0546624 0.0003 -2.34617 -0.389587 
600.11 37.3017 14.6754 14.766 -0.17105 0.519509 0.00111065 1.39979 0.0003 -2.40175 -0.295868 
600.11 33.7496 14.8315 14.8263 0.0137947 1.03265 0.138958 1.39979 0.503 -2.57343 -0.14714 
600.11 34.3029 14.8069 14.8029 0.00735713 1.2485 0.118179 1.39979 0.503 -2.51323 0.0218935 
600.11 50.0002 14.1429 14.1429 -6.13153e-06 -5.18299 0.0985809 0.0546624 0.0003 1.60504 3.22306 
600.11 41.316 14.5027 14.5062 -0.00473384 -1.5125 0.119069 0.0546624 0.503 -2.42656 -0.699068 
600.11 37.5104 14.6662 14.6683 -0.00567147 -0.869713 0.124629 0.0546624 0.503 -2.32442 0.0687357 
600.11 38.7751 14.6113 14.6298 -0.0353943 -0.869405 0.192285 0.0546624 0.503 -3.05221 -0.750628 
600.11 37.4119 14.6706 14.6727 -0.00900806 -1.00461 0.140075 0.0546624 0.503 -2.45744 0.399451 
600.11 38.1213 14.6398 14.6448 -0.00948032 -1.23297 0.139371 0.0546624 0.503 -3.37776 0.606776 
600.11 38.4418 14.6259 14.6812 -0.121082 -0.542618 0.199997 0.0546624 0.503 -3.7302 -0.0637293 
600.11 40.2207 14.5494 14.5388 0.027059 -1.27142 0.0141942 0.0546624 0.0003 -2.72193 -0.789855 
600.11 32.3818 14.8924 14.8883 0.0072049 1.47406 0.11793 1.39979 0.503 -2.68592 0.159595 
600.11 36.3056 14.7187 14.7256 -0.0150892 -0.849883 0.159223 0.0546624 0.503 -3.3774 0.478326 
600.11 38.4493 14.6255 14.6268 -0.00341222 -0.826598 0.114494 0.0546624 0.503 -2.37792 0.388535 
600.11 38.4273 14.6264 14.6043 0.0390609 -0.860626 0.0054639 0.0546624 0.0003 -3.34328 -0.646692 
600.11 32.8946 14.8696 14.8643 0.0160294 1.23812 0.146921 1.39979 0.503 -3.30936 0.239829 
600.11 35.1777 14.7683 14.7617 0.0126589 1.41232 0.134571 1.39979 0.503 -2.76891 -0.490085 
600.11 49.9661 14.1442 14.1437 0.000981669 -5.17455 0.0940875 0.0546624 0.0003 -0.812115 1.21025 
600.11 43.9499 14.3915 14.3316 0.117468 -3.24065 4.00791e-06 0.0546624 0.0003 -2.08085 -0.571495 
600.11 36.9059 14.6924 14.7349 -0.100296 -0.293939 0.199982 0.0546624 0.503 -2.39791 0.228837 
600.11 43.7305 14.4008 14.3894 0.0268139 -2.43339 0.0147256 0.0546624 0.0003 -3.10881 -1.06067 
600.11 36.3726 14.716 14.7983 -0.15053 0.478265 0.00195571 1.39979 0.0003 -2.7947 0.578003 
600.11 37.9036 14.6492 14.6606 -0.0244258 -0.942034 0.180812 0.0546624 0.503 -2.31122 0.134835 
600.11 33.3965 14.8472 14.8411 0.0136346 1.09981 0.137601 1.39979 0.503 -2.5817 0.0855864 
600.11 34.8864 14.7813 14.7749 0.0129398 0.746269 0.134697 1.39979 0.503 -3.37971 -0.3613 
600.11 40.3073 14.5458 14.5563 -0.0215093 -1.02877 0.175416 0.0546624 0.503 -3.15067 -0.829113 
600.11 38.8673 14.6074 14.573 0.0521393 -1.20824 0.00187578 0.0546624 0.0003 -2.30604 -0.303823 
600.11 40.3128 14.5455 14.5463 0.000817241 -1.26631 0.0938701 0.0546624 0.0003 -2.16635 -0.124682 
600.11 37.9182 14.6486 14.6788 -0.0627671 -0.221271 0.199378 0.0546624 0.503 -2.41188 -0.385016 
600.11 34.3569 14.8045 14.7978 0.0118214 1.66558 0.131284 1.39979 0.503 -2.62584 0.317598 
600.11 35.3412 14.7612 14.7602 0.00685697 0.468086 0.118413 1.39979 0.503 -2.4542 -0.0825549 
600.11 40.2933 14.5463 14.5592 -0.0283484 -1.10326 0.186078 0.0546624 0.503 -3.19316 0.819394 
600.11 38.1163 14.6399 14.6521 -0.0268788 -0.896128 0.184346 0.0546624 0.503 -2.40727 -0.398611 
600.11 36.0932 14.728 14.7264 0.00382928 0.913166 0.108755 1.39979 0.503 -2.90633 0.589555 
600.11 37.4598 14.6685 14.6745 -0.0113337 -0.39585 0.146762 0.0546624 0.503 -3.1031 0.668665 
600.11 40.7281 14.5276 14.5285 -0.00348117 -1.74583 0.115421 0.0546624 0.503 -2.15647 -0.204671 
600.11 33.6356 14.8366 14.8314 0.0114994 0.97435 0.131069 1.39979 0.503 -2.93261 0.438035 
600.11 36.8124 14.6967 14.737 -0.0729363 0.479037 0.0154477 1.39979 0.0003 -3.29565 0.566447 
600.11 48.4975 14.2039 14.2048 -0.00277115 -4.73265 0.111781 0.0546624 0.503 -1.65563 0.854518 
600.11 33.5114 14.8421 14.8505 -0.0102802 1.34019 0.0782819 1.39979 0.0003 -2.91218 -0.426092 
600.11 40.1777 14.5512 14.553 -0.00716238 -1.96814 0.131569 0.0546624 0.503 -2.61863 0.742795 
600.11 40.2824 14.5468 14.5497 -0.00306338 -1.22377 0.111118 0.0546624 0.503 -2.32379 0.500401 
600.11 40.4619 14.5389 14.5378 -0.000462265 -1.75035 0.101264 0.0546624 0.503 -2.21436 0.32869 
600.11 44.3505 14.375 14.3757 0.000238765 -2.6984 0.0976654 0.0546624 0.0003 -3.2309 1.08906 
600.11 42.2121 14.4647 14.4321 0.0601695 -2.10872 0.000798979 0.0546624 0.0003 -2.07817 -0.272683 
600.11 50 14.1429 14.1429 -4.50424e-11 -5.18391 0.0985532 0.0546624 0.0003 0.176726 3.99485 
600.11 34.5891 14.7942 14.7903 0.00475071 0.706035 0.110565 1.39979 0.503 -2.56622 0.258942 
600.11 36.9253 14.6918 14.694 -0.00272679 -1.00151 0.110339 0.0546624 0.503 -2.50591 0.41555 
600.11 32.718 14.8776 14.8741 0.00855402 1.58337 0.12232 1.39979 0.503 -2.66132 0.168907 
600.11 34.9501 14.7784 14.7346 0.095577 1.18219 0.597768 1.39979 0.503 -2.72055 -0.448078 
600.11 37.8883 14.6498 14.6331 0.0359793 -0.980464 0.00670228 0.0546624 0.0003 -2.86878 0.688699 
600.11 49.9989 14.1429 14.1429 -7.89817e-06 -5.18275 0.0985872 0.0546624 0.0003 -0.49242 1.81275 
600.11 39.6719 14.5728 14.5784 -0.0137699 -1.81316 0.155436 0.0546624 0.503 -2.29928 -0.395817 
600.11 35.6361 14.748 14.7461 0.00489505 0.547132 0.112427 1.39979 0.503 -2.61201 0.417067 
600.11 37.7627 14.6554 14.6579 -0.00371467 -1.14989 0.115615 0.0546624 0.503 -2.53721 0.517244 
600.11 36.2275 14.7222 14.7212 0.0040243 0.567461 0.109614 1.39979 0.503 -3.09011 0.598016 
600.11 32.8244 14.8726 14.8661 0.0168141 1.10853 0.148987 1.39979 0.503 -3.13877 0.360292 
600.11 35.3349 14.7614 14.7525 0.0249206 0.94502 0.180322 1.39979 0.503 -2.83719 -0.52691 
600.11 33.6249 14.837 14.826 0.0285013 0.994684 0.195107 1.39979 0.503 -2.94569 0.439139 
600.11 35.37 14.7598 14.7424 0.0375225 1.47433 0.234383 1.39979 0.503 -2.45691 0.106805 
600.11 50 14.1429 14.1429 1.3291e-08 -5.18361 0.0985531 0.0546624 0.0003 0.874834 3.61124 
600.11 41.7127 14.4857 14.4053 0.154879 -2.51303 1.31595e-07 0.0546624 0.0003 -2.07685 0.104206 
600.11 36.0558 14.7297 14.7318 -0.00351478 0.675452 0.0912011 1.39979 0.0003 -3.15642 0.573589 
600.11 38.4612 14.6252 14.664 -0.0805435 -0.33157 0.19988 0.0546624 0.503 -3.23614 0.694954 
600.11 39.1714 14.5943 14.5023 0.183037 -1.22813 9.35928e-09 0.0546624 0.0003 -2.39624 0.486341 
600.11 33.3887 14.8474 14.8392 0.0122929 1.15157 0.132215 1.39979 0.503 -2.97415 -0.425971 
600.11 34.241 14.8096 14.8071 0.0085916 1.13622 0.123255 1.39979 0.503 -2.58821 -0.253096 
600.11 33.2476 14.8538 14.8511 0.00432275 1.30598 0.109961 1.39979 0.503 -2.86946 0.395647 
600.11 34.4711 14.7994 14.7795 0.0439531 0.967134 0.267703 1.39979 0.503 -3.00716 0.497929 
600.11 37.0049 14.6882 14.6366 0.101455 -1.09582 1.73777e-05 0.0546624 0.0003 -2.86448 0.63566 
600.11 39.4059 14.5842 14.5691 0.0153805 -1.16015 0.0426702 0.0546624 0.0003 -2.5331 -0.636006 
600.11 47.2479 14.2549 14.2336 0.0400901 -4.27081 0.00485586 0.0546624 0.0003 -2.31 -1.21132 
600.11 36.3455 14.7169 14.7145 0.00486325 0.953755 0.111717 1.39979 0.503 -2.64962 0.501415 
600.11 37.4099 14.6704 14.6278 0.0659206 -1.3451 0.000546357 0.0546624 0.0003 -2.33274 0.0898576 
600.11 37.6911 14.6585 14.6588 0.0289608 -0.873529 0.0100471 0.0546624 0.0003 -3.31226 0.615192 
600.11 40.7199 14.528 14.4956 0.0578338 -1.67005 0.00101022 0.0546624 0.0003 -2.13508 -0.0652433 
600.11 38.3185 14.6312 14.6542 -0.0569314 -0.53272 0.199016 0.0546624 0.503 -3.30157 0.660564 
600.11 40.4399 14.5399 14.4664 0.140358 -2.11342 5.05413e-07 0.0546624 0.0003 -2.65138 -0.77561 
600.11 39.0961 14.5976 14.5983 -0.00188444 -1.44753 0.107451 0.0546624 0.503 -2.8447 -0.755164 
600.11 50 14.1429 14.1429 4.55911e-09 -5.1835 0.0985531 0.0546624 0.0003 -0.725612 -3.66989 
600.11 33.7088 14.8332 14.8251 0.0194395 1.02979 0.1586 1.39979 0.503 -2.5529 -0.0337637 
600.11 50 14.1429 14.1429 1.80765e-08 -5.1836 0.0985531 0.0546624 0.0003 0.67992 3.84848 
600.11 33.3618 14.8486 14.8402 0.0196024 1.29918 0.15881 1.39979 0.503 -3.38501 -0.178834 
600.11 40.8213 14.5237 14.5265 -0.00592274 -1.46748 0.125873 0.0546624 0.503 -2.49602 0.713388 
600.11 37.1086 14.6837 14.6922 -0.0173253 -0.41188 0.165725 0.0546624 0.503 -3.53657 -0.3778 
600.11 38.3222 14.631 14.6342 -0.0103133 -1.27943 0.144475 0.0546624 0.503 -2.31806 0.249827 
600.11 38.5706 14.6202 14.6241 -0.0121869 -0.456652 0.151139 0.0546624 0.503 -3.30961 0.672546 
600.11 42.6338 14.4468 14.3848 0.11322 -3.22764 6.41599e-06 0.0546624 0.0003 -2.15186 0.509055 
600.11 38.0177 14.6442 14.6468 -0.00243546 -0.451011 0.108284 0.0546624 0.503 -2.99483 -0.708567 
600.11 41.1922 14.5079 14.4969 0.0131782 -2.0974 0.0477568 0.0546624 0.0003 -3.59916 -0.666744 
600.11 34.8233 14.7839 14.7591 0.0543869 -0.429259 0.00124198 0.0546624 0.0003 -3.07664 0.514372 
600.11 33.0661 14.862 14.8586 0.00442612 0.610508 0.109441 1.39979 0.503 -2.93254 -0.398373 
600.11 38.0291 14.6438 14.6588 -0.0299131 -0.95168 0.187613 0.0546624 0.503 -3.54234 0.456713 
600.11 47.5779 14.2414 14.2425 -0.00212543 -4.12295 0.108231 0.0546624 0.503 -2.62871 -1.38957 
600.11 39.3988 14.5845 14.5879 -0.00720999 -1.66766 0.130827 0.0546624 0.503 -2.70196 0.730036 
600.11 50.0032 14.1427 14.1427 8.00117e-05 -5.18553 0.0981899 0.0546624 0.0003 0.693665 -2.00798 
600.11 33.7405 14.8318 14.8197 0.0182435 1.27478 0.150943 1.39979 0.503 -3.06624 0.445391 
600.11 50 14.1429 14.1429 -4.01305e-11 -5.1835 0.0985532 0.0546624 0.0003 0.224626 -3.99208 
600.11 39.3128 14.5883 14.5937 -0.0128327 -0.729833 0.152488 0.0546624 0.503 -2.55506 0.644849 
600.11 42.2941 14.4611 14.4052 0.0955821 -2.52557 3.45037e-05 0.0546624 0.0003 -3.18268 -0.949141 
600.11 49.9345 14.1455 14.1443 0.00222783 -5.16901 0.0884618 0.0546624 0.0003 -1.58806 -1.90055 
600.11 44.9167 14.3514 14.3535 -0.0056849 -2.99019 0.124788 0.0546624 0.503 -2.61238 -1.09208 
600.11 39.5589 14.5778 14.5855 -0.0222162 -0.793114 0.177578 0.0546624 0.503 -2.45929 0.586828 
600.11 39.6977 14.5716 14.5883 -0.0427829 -0.816038 0.196325 0.0546624 0.503 -2.88486 0.797813 
600.11 33.1743 14.857 14.8555 0.00510231 0.908168 0.113122 1.39979 0.503 -3.02544 -0.410614 
600.11 33.8626 14.8264 14.8246 0.00410055 0.888475 0.109906 1.39979 0.503 -3.39959 0.224627 
600.11 33.8096 14.8289 14.8235 0.0112751 1.39425 0.129872 1.39979 0.503 -2.56188 0.123523 
600.11 38.4809 14.6242 14.6312 -0.0168018 -1.27528 0.164522 0.0546624 0.503 -2.52433 0.560911 
600.11 33.5197 14.8416 14.8353 0.0123693 0.95694 0.13334 1.39979 0.503 -2.69618 -0.312384 
600.11 38.704 14.6146 14.6382 -0.0522285 -0.816687 0.198408 0.0546624 0.503 -2.49587 0.552729 
600.11 37.5814 14.663 14.6615 -0.0022629 -1.15592 0.110749 0.0546624 0.503 -2.93724 -0.680577 
600.11 37.8017 14.6536 14.653 -0.00311118 -1.0017 0.114384 0.0546624 0.503 -2.37346 0.303811 
600.11 33.9213 14.8239 14.8238 0.00269734 1.20889 0.106727 1.39979 0.503 -2.60117 -0.234539 
600.11 36.2277 14.7223 14.7483 -0.028423 0.87814 0.0516924 1.39979 0.0003 -2.77154 0.56007 
600.11 50 14.1429 14.1429 1.42873e-08 -5.18367 0.0985531 0.0546624 0.0003 -0.602313 -3.42773 
600.11 36.5518 14.708 14.6931 0.0305237 0.781369 0.200801 1.39979 0.503 -2.38291 -0.0906886 
600.11 37.3088 14.6751 14.6781 -0.00443444 -0.542749 0.117911 0.0546624 0.503 -2.33342 0.0411318 
600.11 44.0048 14.3892 14.3168 0.137008 -3.60702 6.95092e-07 0.0546624 0.0003 -1.98943 -0.398691 
600.11 40.4437 14.5399 14.5414 -0.00306151 -1.35615 0.112855 0.0546624 0.503 -2.31327 0.502344 
600.11 48.6538 14.1975 14.1976 -0.00026248 -4.70953 0.0998386 0.0546624 0.503 -1.593 0.815798 
600.11 36.4948 14.7106 14.7616 -0.0937938 0.48429 0.00886468 1.39979 0.0003 -2.38604 0.0896203 
600.11 32.9753 14.8659 14.787 0.153765 -0.0321717 1.43228e-07 0.0546624 0.0003 -3.39055 0.07203 
600.11 39.8154 14.5668 14.5676 -0.00368152 -0.975739 0.116232 0.0546624 0.503 -2.23783 0.284195 
600.11 37.049 14.6862 14.6481 0.0664369 -1.06031 0.000472167 0.0546624 0.0003 -3.49727 0.422423 
600.11 35.7393 14.7435 14.6701 0.136529 -0.662719 7.45664e-07 0.0546624 0.0003 -2.95866 0.57407 
600.11 33.6031 14.838 14.8132 0.0584333 0.373323 0.353963 1.39979 0.503 -2.93251 -0.435921 
600.11 49.6276 14.1579 14.155 0.00594017 -5.05117 0.0719622 0.0546624 0.0003 -1.68396 1.47369 
600.11 35.5381 14.7524 14.752 0.00137158 1.1724 0.102643 1.39979 0.503 -2.47815 0.212501 
600.11 33.9712 14.8216 14.8159 0.0086513 1.26724 0.121239 1.39979 0.503 -3.11828 -0.450502 
600.11 46.5468 14.2837 14.2692 0.0217699 -3.87045 0.0246278 0.0546624 0.0003 -2.11137 -0.965026 
600.11 33.3912 14.8473 14.7557 0.181175 -0.0697249 1.12301e-08 0.0546624 0.0003 -3.04111 0.424566 
600.11 34.2477 14.8095 14.8506 -0.0607121 0.899339 0.0221893 1.39979 0.0003 -2.82942 0.452864 
600.11 39.5666 14.5775 14.5772 -0.00066871 -1.31717 0.102277 0.0546624 0.503 -2.39451 0.520993 
600.11 35.5796 14.7507 14.8152 -0.119614 0.667467 0.00444423 1.39979 0.0003 -2.49282 0.251999 
600.11 38.5865 14.6195 14.5894 0.0447167 -1.06022 0.00363509 0.0546624 0.0003 -2.46996 0.518234 
600.11 46.849 14.2713 14.2747 -0.00531833 -3.89851 0.121699 0.0546624 0.503 -1.91438 0.794984 
600.11 33.0946 14.8607 14.8207 0.0881333 0.945536 0.54887 1.39979 0.503 -2.63348 -0.174701 
600.11 38.1613 14.6379 14.696 -0.127149 -0.539552 0.199998 0.0546624 0.503 -2.86083 0.70306 
600.11 36.2547 14.7211 14.7455 -0.0300468 0.222113 0.0489838 1.39979 0.0003 -3.24365 -0.555315 
600.11 37.2487 14.6776 14.6824 -0.00714151 -1.1463 0.129257 0.0546624 0.503 -3.6427 0.168284 
600.11 37.2371 14.6782 14.6809 -0.00813605 -1.26323 0.136002 0.0546624 0.503 -3.44228 -0.494307 
600.11 41.972 14.4748 14.4303 0.0758542 -2.00099 0.000204766 0.0546624 0.0003 -2.96581 0.945006 
600.11 38.9983 14.6017 14.6258 -0.0582765 -1.04994 0.199119 0.0546624 0.503 -2.25723 -0.183545 
600.11 33.6827 14.8345 14.8353 -5.58297e-05 1.51464 0.0993586 1.39979 0.503 -2.55841 -0.0672513 
600.11 34.576 14.7949 14.7789 0.036606 -0.0864078 0.00622528 0.0546624 0.0003 -3.02602 -0.503932 
600.11 38.7641 14.6121 14.6183 -0.00848846 -1.52129 0.135034 0.0546624 0.503 -3.06725 -0.748535 
600.11 33.8427 14.8273 14.8231 0.00760398 0.891546 0.119186 1.39979 0.503 -2.56171 0.130958 
600.11 38.2326 14.6349 14.6365 -0.00457448 -1.15361 0.120322 0.0546624 0.503 -3.41841 0.586972 
600.11 50 14.1429 14.1429 1.30942e-10 -5.18368 0.0985532 0.0546624 0.0003 -0.687988 4.06608 
600.11 40.5939 14.5336 14.6335 -0.19371 0.0508527 0.000594994 1.39979 0.0003 -2.39577 -0.611986 
600.11 35.4877 14.7546 14.7543 -0.00219926 -0.390253 0.110116 0.0546624 0.503 -3.50115 0.250857 
600.11 38.0267 14.6439 14.7078 -0.126771 -0.0399496 0.198286 0.0546624 0.503 -2.77553 0.67282 
600.11 37.2112 14.6792 14.6639 0.0356529 -0.85324 0.00674978 0.0546624 0.0003 -3.03729 0.660942 
600.11 50 14.1429 14.1429 9.99125e-12 -5.18362 0.0985532 0.0546624 0.0003 -0.259749 -4.22963 
600.11 34.0316 14.8189 14.8198 0.000926196 1.78718 0.102125 1.39979 0.503 -2.99592 0.469528 
600.11 38.8882 14.6066 14.6104 -0.00547973 -0.15397 0.122568 0.0546624 0.503 -2.37776 -0.434283 
600.11 33.1411 14.8586 14.7757 0.178374 0.149764 0.9336 1.39979 0.503 -3.38659 0.133929 
600.11 34.9968 14.7764 14.8047 -0.0448039 0.462968 0.0328255 1.39979 0.0003 -2.73378 -0.459327 
600.11 37.2988 14.6754 14.6671 0.020557 -0.886064 0.0248009 0.0546624 0.0003 -2.51171 0.454477 
600.11 50.0007 14.1428 14.1428 -1.45837e-05 -5.18336 0.0986201 0.0546624 0.0003 1.68584 -3.02365 
600.11 33.6463 14.836 14.8217 0.0326643 0.652007 0.212229 1.39979 0.503 -2.60668 0.206578 
600.11 37.412 14.6704 14.7524 -0.172793 -0.236984 0.2 0.0546624 0.503 -3.17917 -0.649114 
600.11 41 14.5162 14.5167 -0.00845285 -1.77272 0.138433 0.0546624 0.503 -3.7945 -0.389181 
600.11 41.6146 14.49 14.4605 0.0622177 -2.01771 0.000614023 0.0546624 0.0003 -3.75641 -0.528828 
600.11 46.2512 14.296 14.2978 -0.00473081 -3.46192 0.120664 0.0546624 0.503 -1.75803 -0.314124 
600.11 36.9782 14.6895 14.694 -0.00653965 -0.710227 0.127419 0.0546624 0.503 -3.07739 -0.644023 
600.11 38.551 14.6212 14.6193 0.000499072 -1.21543 0.0982182 0.0546624 0.0003 -3.40704 0.617274 
600.11 35.5906 14.7501 14.7494 0.0028627 1.37268 0.106763 1.39979 0.503 -2.80584 -0.532465 
600.11 34.8465 14.7829 14.7792 0.00689826 0.248017 0.11687 1.39979 0.503 -3.1612 0.495756 
600.11 39.8678 14.5646 14.6764 -0.214266 0.443202 0.000343628 1.39979 0.0003 -2.21971 -0.24065 
600.11 34.2181 14.8107 14.802 0.0208321 1.10483 0.163224 1.39979 0.503 -2.93369 -0.477277 
600.11 35.8696 14.7379 14.7803 -0.0991395 -0.333987 0.19998 0.0546624 0.503 -3.10737 -0.573298 
600.11 50.0041 14.1427 14.1427 -9.1296e-05 -5.18517 0.0989914 0.0546624 0.0003 2.63409 2.99875 
600.11 32.6527 14.8803 14.8719 0.0152396 1.33763 0.142413 1.39979 0.503 -2.82282 -0.328873 
600.11 34.1346 14.8143 14.809 0.0083784 0.978229 0.121016 1.39979 0.503 -2.53909 -0.120305 
600.11 34.4556 14.8002 14.8015 0.00171497 1.20035 0.104452 1.39979 0.503 -2.81765 0.462515 
600.11 37.4905 14.667 14.6724 -0.0123206 -1.27663 0.15064 0.0546624 0.503 -2.73414 0.623746 
600.11 38.1656 14.6378 14.6311 0.0128794 -0.465725 0.0459921 0.0546624 0.0003 -2.28881 0.0918239 
600.11 35.4442 14.7566 14.6643 0.20274 0.249737 0.965148 1.39979 0.503 -2.5731 0.359302 
600.11 36.3402 14.7171 14.6549 0.107091 -0.29888 1.20978e-05 0.0546624 0.0003 -2.44531 -0.256367 
600.11 50.0032 14.1427 14.1427 -3.97901e-05 -5.18451 0.0987354 0.0546624 0.0003 2.44317 -3.00844 
600.11 36.4272 14.7135 14.7179 -0.0106999 -0.614603 0.145251 0.0546624 0.503 -3.53087 0.313601 
600.11 42.3386 14.4593 14.3827 0.149598 -2.6196 2.09181e-07 0.0546624 0.0003 -2.12216 0.41162 
600.11 37.4129 14.6704 14.6685 -5.29385e-05 -1.25653 0.100055 0.0546624 0.503 -3.48089 0.471591 
600.11 38.4272 14.6265 14.6288 -0.00162057 -0.961885 0.105179 0.0546624 0.503 -3.56567 0.464828 
600.11 50.0011 14.1428 14.1428 3.76508e-05 -5.18427 0.0983799 0.0546624 0.0003 2.00786 3.06505 
600.11 34.161 14.8132 14.7951 0.0393598 1.16419 0.243545 1.39979 0.503 -3.18141 -0.442285 
600.11 39.4009 14.5846 14.588 0.00219838 -0.851684 0.0843951 0.0546624 0.0003 -3.08374 0.784447 
600.11 36.5171 14.7095 14.6565 0.107756 -0.604082 9.43434e-06 0.0546624 0.0003 -2.9965 -0.621553 
600.11 35.8566 14.7385 14.7341 0.00912835 0.778598 0.123695 1.39979 0.503 -3.10249 -0.573807 
600.11 38.9534 14.6038 14.6088 -0.00615599 -1.02517 0.124453 0.0546624 0.503 -2.27831 -0.247469 
600.11 38.2615 14.6336 14.64 -0.00779581 -1.26777 0.130997 0.0546624 0.503 -3.51951 -0.502612 
600.11 33.2202 14.8551 14.8416 0.0296113 0.685427 0.198035 1.39979 0.503 -3.40867 -0.0719626 
600.11 50.0047 14.1427 14.1427 -6.50915e-05 -5.18511 0.098852 0.0546624 0.0003 1.43281 -2.55527 
600.11 35.1828 14.768 14.7862 -0.047406 0.692311 0.0288881 1.39979 0.0003 -2.48032 -0.15433 
600.11 39.0671 14.5989 14.6311 -0.0726998 -0.806781 0.199763 0.0546624 0.503 -2.28918 0.2947 
600.11 40.0808 14.5555 14.5634 -0.0150771 -1.05445 0.158975 0.0546624 0.503 -2.19376 0.193701 
600.11 47.5125 14.2441 14.2488 -0.00822085 -4.18186 0.13465 0.0546624 0.503 -1.65239 0.476531 
600.11 33.5982 14.8382 14.8095 0.0655419 0.661683 0.398262 1.39979 0.503 -2.77523 0.379117 
600.11 35.8387 14.7391 14.7376 0.00901024 0.399348 0.124969 1.39979 0.503 -2.63883 0.455728 
600.11 37.152 14.6818 14.639 0.0893137 -0.449489 5.06433e-05 0.0546624 0.0003 -2.46542 0.384529 
600.11 43.5611 14.4079 14.4096 -0.00493191 -2.72714 0.121295 0.0546624 0.503 -2.99123 1.0538 
600.11 36.0471 14.7302 14.7739 -0.0663396 0.544502 0.0190952 1.39979 0.0003 -2.93871 0.59104 
600.11 37.933 14.648 14.699 -0.114922 -0.351667 0.199995 0.0546624 0.503 -3.10241 -0.696392 
600.11 34.1224 14.8149 14.8084 0.0179744 0.875241 0.153456 1.39979 0.503 -2.52801 0.0576874 
600.11 35.6694 14.7467 14.7834 -0.0642607 1.32051 0.0195243 1.39979 0.0003 -2.62253 -0.429323 
600.11 38.2694 14.6333 14.6266 0.0145353 -0.954065 0.0403165 0.0546624 0.0003 -2.5244 0.544681 
600.11 38.0752 14.6417 14.6807 -0.0843759 -0.688153 0.199917 0.0546624 0.503 -2.40847 0.396104 
600.11 38.8322 14.609 14.6152 -0.0125071 -1.11619 0.150948 0.0546624 0.503 -2.54244 -0.601439 
600.11 38.2165 14.6356 14.6404 -0.00841646 -1.32503 0.134795 0.0546624 0.503 -2.35845 -0.327395 
600.11 36.4927 14.7104 14.7111 -0.00535124 -1.36022 0.123657 0.0546624 0.503 -3.58213 -0.213352 
600.11 38.3484 14.6301 14.7278 -0.182634 0.570841 0.000817703 1.39979 0.0003 -2.97841 -0.727555 
600.11 43.5393 14.4087 14.3292 0.152355 -3.18394 1.67023e-07 0.0546624 0.0003 -2.00315 0.336524 
600.11 39.9284 14.5618 14.5701 -0.0146461 -1.73961 0.156995 0.0546624 0.503 -2.25216 -0.335664 
600.11 50 14.1429 14.1429 1.78688e-11 -5.18357 0.0985532 0.0546624 0.0003 -0.39031 -3.46547 
600.11 38.5508 14.6212 14.622 -0.00458244 -1.50952 0.120491 0.0546624 0.503 -2.68633 -0.669407 
600.11 48.5071 14.2034 14.202 0.00152969 -4.56945 0.092135 0.0546624 0.0003 -2.08243 1.30425 
600.11 36.0513 14.7298 14.728 0.00842828 0.305189 0.123045 1.39979 0.503 -3.04033 -0.592749 
600.11 38.6768 14.6159 14.6575 -0.0939913 -0.554642 0.199967 0.0546624 0.503 -2.25313 0.000159332 
600.11 35.111 14.7713 14.7652 0.0098411 1.43134 0.12478 1.39979 0.503 -2.69452 -0.442625 
600.11 35.3862 14.7592 14.8106 -0.091343 1.10577 0.00954853 1.39979 0.0003 -2.45716 0.114005 
600.11 34.056 14.818 14.8135 0.0162622 1.18361 0.147973 1.39979 0.503 -2.53395 0.0695354 
600.11 38.4587 14.6251 14.6108 0.0278754 -1.41933 0.0140024 0.0546624 0.0003 -2.65366 -0.647161 
600.11 38.1917 14.6367 14.6411 -0.00260886 -1.40202 0.107474 0.0546624 0.503 -2.28249 0.0387785 
600.11 36.448 14.7126 14.7685 -0.101471 0.980332 0.00725724 1.39979 0.0003 -2.57708 0.450268 
600.11 32.5656 14.8844 14.8848 0.000512768 1.40792 0.100975 1.39979 0.503 -3.36234 0.0583357 
600.11 34.4672 14.7995 14.7015 0.185338 -0.259251 8.28168e-09 0.0546624 0.0003 -2.50405 -0.0392728 
600.11 48.8311 14.1903 14.1914 -0.00145073 -4.64675 0.104967 0.0546624 0.503 -3.0208 -1.66827 
600.11 33.12 14.8594 14.7702 0.179883 -0.101418 1.22988e-08 0.0546624 0.0003 -3.38394 0.136781 
600.11 38.0452 14.643 14.6279 0.0357567 -0.649832 0.00665791 0.0546624 0.0003 -2.4593 0.460403 
600.11 38.445 14.6259 14.6335 -0.0115909 -0.49403 0.146895 0.0546624 0.503 -3.72992 0.0719355 
600.11 32.9194 14.8684 14.8649 0.00881507 0.997091 0.123134 1.39979 0.503 -2.73229 -0.287937 
600.11 38.5189 14.6224 14.6236 -0.00370886 -0.847096 0.116445 0.0546624 0.503 -3.73498 -0.0588389 
600.11 40.1968 14.5506 14.6518 -0.191493 0.0461323 0.000640058 1.39979 0.0003 -3.01645 0.835981 
600.11 41.8895 14.4783 14.4324 0.0934177 -2.28572 3.53786e-05 0.0546624 0.0003 -2.06223 -0.0705793 
600.11 33.1645 14.8575 14.8204 0.0840886 0.956645 0.522727 1.39979 0.503 -3.33161 0.242814 
600.11 33.7908 14.8297 14.8279 0.00226387 1.15795 0.104234 1.39979 0.503 -2.54913 -0.0532689 
600.11 33.1455 14.8585 14.8583 0.0051184 1.1665 0.113109 1.39979 0.503 -2.59061 -0.0164982 
600.11 37.9456 14.6473 14.6513 -0.0126645 -1.13126 0.152817 0.0546624 0.503 -2.29932 -0.0738079 
600.11 38.6646 14.6162 14.6185 -0.00533198 -1.33766 0.122813 0.0546624 0.503 -2.80285 -0.719382 
600.11 39.0969 14.5977 14.6036 -0.00832672 -0.330268 0.134576 0.0546624 0.503 -3.06859 0.768227 
600.11 37.8441 14.6516 14.6521 -0.00505568 -1.19578 0.122819 0.0546624 0.503 -2.3076 -0.0914412 
600.11 32.7201 14.8775 14.8839 -0.0027332 1.04304 0.094787 1.39979 0.0003 -2.62178 -0.0196016 
600.11 38.7892 14.6109 14.585 0.0673737 -0.338911 0.000344357 0.0546624 0.0003 -2.58138 -0.626197 
600.11 39.635 14.5745 14.5814 -0.00992032 -1.54515 0.140416 0.0546624 0.503 -2.47281 0.60517 
600.11 36.5019 14.7101 14.7119 -0.00801721 -0.598771 0.135531 0.0546624 0.503 -2.39452 0.135815 
600.11 39.3424 14.5871 14.6498 -0.137616 -0.54684 0.199999 0.0546624 0.503 -2.51318 -0.616469 
600.11 34.6452 14.7917 14.7323 0.109562 -0.142277 8.86674e-06 0.0546624 0.0003 -3.08187 -0.502161 
600.11 50 14.1429 14.1429 1.29161e-05 -5.18352 0.0984931 0.0546624 0.0003 0.943111 -3.2667 
600.11 36.1308 14.7263 14.7269 -0.00486313 -0.19885 0.12171 0.0546624 0.503 -2.95041 0.596691 
600.11 40.1594 14.5519 14.5594 -0.0136356 -1.492 0.15414 0.0546624 0.503 -3.09252 -0.828348 
600.11 39.1694 14.5945 14.5953 -0.00335911 -1.14467 0.11492 0.0546624 0.503 -3.34164 -0.6959 
600.11 36.2756 14.72 14.6639 0.105257 -0.850157 1.28847e-05 0.0546624 0.0003 -2.74509 -0.551268 
600.11 50 14.1429 14.1429 -3.46983e-10 -5.18356 0.0985532 0.0546624 0.0003 0.312515 3.80071 
600.11 46.2897 14.2944 14.2975 -0.00601125 -3.66931 0.125585 0.0546624 0.503 -1.71491 0.0051107 
600.11 49.5825 14.1597 14.1605 -0.00141586 -4.9954 0.104975 0.0546624 0.503 -1.3 0.949539 
