600.11 30.6519 14.9705 14.972 -0.00306296 13.7824 0.112732 0.0546624 0.503 -3.1386 -0.115307 
600.11 50 14.1429 14.1429 5.87202e-07 6.75243 0.0985505 0.0546624 0.0003 0.589876 2.7868 
600.11 35.1125 14.7712 14.7732 -0.00446245 12.2395 0.119124 0.0546624 0.503 -3.36335 0.396719 
600.11 30.6538 14.9704 14.9759 -0.0105123 13.4833 0.143438 0.0546624 0.503 -2.92276 -0.163221 
600.11 31.0821 14.9509 14.9517 -0.00251931 13.3269 0.110296 0.0546624 0.503 -3.11406 0.203724 
600.11 31.8442 14.9166 14.9177 -0.00269682 12.7938 0.111127 0.0546624 0.503 -2.74155 0.166976 
600.11 36.6367 14.7042 14.7103 -0.0156724 12.3837 0.161583 0.0546624 0.503 -2.40287 -0.196301 
600.11 30.4782 14.9783 14.9802 -0.0040243 13.2239 0.117078 0.0546624 0.503 -3.09621 -0.11998 
600.11 50.0009 14.1428 14.1428 8.84499e-05 6.74719 0.0981462 0.0546624 0.0003 0.666692 -2.26751 
600.11 50.0076 14.1426 14.1425 3.688e-05 6.75319 0.0983858 0.0546624 0.0003 0.841067 -1.96388 
600.11 31.8148 14.9179 14.9182 -0.0019665 12.9565 0.107976 0.0546624 0.503 -3.2775 0.126827 
600.11 30.6138 14.9722 14.9714 0.0102369 15.0635 0.0519406 0.0546624 0.0003 -3.07631 -0.157391 
600.11 31.0866 14.9507 14.9482 0.000548318 13.6473 0.0979879 0.0546624 0.0003 -3.1035 -0.209752 
600.11 50 14.1429 14.1429 4.39473e-08 6.75609 0.098553 0.0546624 0.0003 -0.735763 3.33083 
600.11 30.4152 14.9812 14.9785 0.00999894 15.5243 0.0541652 0.0546624 0.0003 -3.05138 -0.133966 
600.11 30.5562 14.9748 14.978 -0.00591829 13.7585 0.125086 0.0546624 0.503 -3.08333 0.144041 
600.11 30.1901 14.9914 14.9932 -0.0035018 13.6121 0.11456 0.0546624 0.503 -2.99824 -0.0969374 
600.11 49.7862 14.1515 14.1479 0.00666282 6.80284 0.0691684 0.0546624 0.0003 -1.27021 -1.2062 
600.11 32.6361 14.8811 14.8819 -0.00331689 12.9534 0.114733 0.0546624 0.503 -2.93651 0.366686 
600.11 32.1508 14.9028 14.9015 -0.000398132 14.5414 0.101356 0.0546624 0.503 -3.32565 0.0744041 
600.11 50 14.1429 14.1429 6.08212e-10 6.75377 0.0985532 0.0546624 0.0003 0.242181 3.86001 
600.11 31.9537 14.9117 14.8836 0.0507504 13.6026 0.00190101 0.0546624 0.0003 -3.17844 0.262368 
600.11 30.6187 14.9719 14.9734 -0.00341914 14.0767 0.114475 0.0546624 0.503 -2.90992 0.15046 
600.11 49.8579 14.1486 14.1462 0.00446666 6.80259 0.0785028 0.0546624 0.0003 -2.35108 -2.10377 
600.11 32.1908 14.901 14.9029 -0.00718442 14.9271 0.131542 0.0546624 0.503 -3.02592 0.336276 
600.11 30.4618 14.979 14.9789 -0.00145625 14.1924 0.105702 0.0546624 0.503 -2.88478 0.0977419 
600.11 50 14.1429 14.1429 8.97019e-07 6.75195 0.0985491 0.0546624 0.0003 -1.67272 -3.41378 
600.11 30.6172 14.972 14.9757 -0.00739397 14.6311 0.131246 0.0546624 0.503 -2.86447 -0.110943 
600.11 30.3613 14.9836 14.9705 0.0238037 13.3847 0.02002 0.0546624 0.0003 -2.94207 -0.120382 
600.11 50.0015 14.1428 14.1427 0.000224271 6.75018 0.0975187 0.0546624 0.0003 1.83006 2.95559 
600.11 30.6148 14.9721 14.9708 0.00146524 14.2419 0.0923759 0.0546624 0.0003 -2.85722 -0.101048 
600.11 39.536 14.5787 14.569 0.0129478 11.1967 0.0477153 0.0546624 0.0003 -2.56684 0.668673 
600.11 49.7538 14.1528 14.1488 0.0070907 6.80982 0.067545 0.0546624 0.0003 -0.997903 0.547805 
600.11 30.3524 14.984 14.9848 -0.00143096 13.3201 0.104807 0.0546624 0.503 -3.08265 -0.102978 
600.11 44.1145 14.3846 14.3906 -0.00406242 9.38387 0.112727 0.0546624 0.503 -2.19163 -0.738135 
600.11 31.0134 14.954 14.958 -0.00988586 12.9907 0.142074 0.0546624 0.503 -2.91484 0.208818 
600.11 50 14.1429 14.1429 1.80769e-07 6.7485 0.0985523 0.0546624 0.0003 -0.517917 -2.96104 
600.11 30.617 14.9721 14.9732 -0.00158918 13.1469 0.105658 0.0546624 0.503 -3.11103 0.135618 
600.11 50 14.1429 14.1429 8.6541e-10 6.77049 0.0985532 0.0546624 0.0003 0.0590184 -3.63766 
600.11 36.2605 14.7207 14.6945 0.0599174 12.6775 0.000730776 0.0546624 0.0003 -2.56028 -0.417853 
600.11 31.0985 14.9502 14.9511 -0.00244107 14.8535 0.110056 0.0546624 0.503 -3.06019 0.227238 
600.11 33.6208 14.8373 14.8385 -0.00378772 13.5488 0.116495 0.0546624 0.503 -3.39056 -0.208264 
600.11 32.7719 14.8751 14.8748 -0.000598041 13.5557 0.10216 0.0546624 0.503 -3.02299 -0.381733 
600.11 50.0002 14.1428 14.1429 -8.42955e-06 6.75263 0.0985915 0.0546624 0.0003 2.04337 3.32047 
600.11 34.308 14.8068 14.8139 -0.01359 13.4509 0.1544 0.0546624 0.503 -2.61095 -0.294093 
600.11 32.022 14.9086 14.9099 -0.00439921 13.0519 0.119041 0.0546624 0.503 -2.9299 -0.315476 
600.11 30.4734 14.9785 14.9789 -0.000538965 14.4603 0.100806 0.0546624 0.503 -2.9962 0.153063 
600.11 30.2721 14.9876 14.9792 0.0188574 14.2866 0.028849 0.0546624 0.0003 -3.05739 0.100701 
600.11 49.9996 14.1429 14.1429 1.73598e-05 6.76265 0.0984744 0.0546624 0.0003 -1.65171 -2.94636 
600.11 50 14.1429 14.1429 -5.03082e-07 6.75269 0.0985555 0.0546624 0.0003 -0.248625 -2.6738 
600.11 30.4458 14.9798 14.9781 0.0022704 13.8461 0.0886884 0.0546624 0.0003 -3.13522 -0.0616908 
600.11 30.3034 14.9862 14.9863 -0.000668402 14.4357 0.102033 0.0546624 0.503 -3.12 0.0245342 
600.11 35.4831 14.7549 14.757 -0.00683472 13.4939 0.130008 0.0546624 0.503 -2.95807 0.559017 
600.11 50 14.1429 14.1429 1.28707e-10 6.74847 0.0985532 0.0546624 0.0003 0.530727 4.04348 
600.11 30.7924 14.964 14.961 0.00113391 14.503 0.0952231 0.0546624 0.0003 -2.80379 0.0323679 
600.11 32.8615 14.871 14.8747 -0.00595088 13.7528 0.124838 0.0546624 0.503 -2.88933 0.373029 
600.11 41.6951 14.4865 14.4543 0.0472298 9.76042 0.00293974 0.0546624 0.0003 -2.09288 0.195235 
600.11 30.3375 14.9847 14.9861 -0.00259327 13.6946 0.11035 0.0546624 0.503 -3.12213 -0.0426378 
600.11 31.1461 14.9481 14.9505 -0.00701342 14.8474 0.130986 0.0546624 0.503 -3.09954 -0.218789 
600.11 41.4 14.4991 14.4927 0.018128 10.6294 0.0297741 0.0546624 0.0003 -2.71532 -0.863767 
600.11 31.5923 14.928 14.9285 0.010999 15.3126 0.0481776 0.0546624 0.0003 -3.15098 0.242036 
600.11 31.6963 14.9232 14.9255 -0.0054742 14.2384 0.123489 0.0546624 0.503 -3.07782 0.284229 
600.11 30.6185 14.9719 14.9726 -0.00109053 14.7089 0.103189 0.0546624 0.503 -2.92109 0.156461 
600.11 32.5061 14.8869 14.8912 -0.00542662 13.9871 0.121588 0.0546624 0.503 -2.75494 -0.266681 
600.11 30.2499 14.9886 14.9659 0.0490661 14.419 0.00203939 0.0546624 0.0003 -3.11094 -0.00390566 
600.11 41.0437 14.5143 14.5228 -0.0121273 10.8191 0.147954 0.0546624 0.503 -2.36961 0.624699 
600.11 30.9119 14.9587 14.9629 -0.00714348 14.6072 0.13009 0.0546624 0.503 -3.21138 -0.0312382 
600.11 50.0076 14.1425 14.1426 -0.00016128 6.75035 0.099293 0.0546624 0.0003 0.886466 2.01064 
600.11 30.586 14.9734 14.9743 -0.00148258 13.2497 0.105312 0.0546624 0.503 -3.12008 0.121563 
600.11 32.2696 14.8975 14.8825 0.0276814 12.3162 0.0144524 0.0546624 0.0003 -3.27925 -0.200094 
600.11 30.4713 14.9786 14.98 -0.00248741 14.4951 0.109939 0.0546624 0.503 -2.88175 -0.0971928 
600.11 30.5521 14.9749 14.977 -0.00458746 13.824 0.119635 0.0546624 0.503 -2.84185 0.0486103 
600.11 30.8913 14.9596 14.961 -0.00212116 13.6823 0.10775 0.0546624 0.503 -2.85587 -0.154701 
600.11 36.7891 14.6975 14.6353 0.122131 11.4612 2.60803e-06 0.0546624 0.0003 -2.38643 -0.172628 
600.11 46.5841 14.2822 14.2836 -0.00177564 8.23041 0.106225 0.0546624 0.503 -2.04571 0.905952 
600.11 42.3202 14.4602 14.4455 0.0374669 10.0511 0.00559426 0.0546624 0.0003 -2.15809 0.478804 
600.11 30.1736 14.9921 14.9933 -0.00314796 13.8218 0.113435 0.0546624 0.503 -2.91261 0.0298544 
600.11 30.5528 14.9749 14.977 -0.00343409 14.0025 0.11393 0.0546624 0.503 -2.85397 0.0783009 
600.11 49.9588 14.1445 14.1446 -0.000148353 6.76615 0.0992331 0.0546624 0.0003 -1.94306 2.22344 
600.11 30.7704 14.965 14.967 -0.00545122 13.0326 0.123695 0.0546624 0.503 -3.18467 0.0658927 
600.11 30.5976 14.9729 14.9787 -0.00882039 14.8474 0.136156 0.0546624 0.503 -2.83352 -0.0451826 
600.11 30.1797 14.9918 14.9784 0.0311029 13.7031 0.0101644 0.0546624 0.0003 -3.0732 -0.059169 
600.11 43.9406 14.392 14.36 0.0617445 8.71077 0.000674545 0.0546624 0.0003 -2.83094 1.0684 
600.11 30.714 14.9676 14.9698 -0.00409687 15.2534 0.117318 0.0546624 0.503 -3.1007 0.159743 
600.11 30.8557 14.9612 14.9645 -0.00544927 13.9349 0.1225 0.0546624 0.503 -2.79739 0.0418591 
600.11 30.5229 14.9763 14.9755 0.00141736 13.671 0.0921396 0.0546624 0.0003 -2.97047 0.158423 
600.11 50.003 14.1427 14.1428 -0.000102908 6.74881 0.099022 0.0546624 0.0003 1.0676 2.38446 
600.11 37.0154 14.6878 14.6861 0.00093816 12.3559 0.0963011 0.0546624 0.0003 -2.56791 -0.486468 
600.11 42.8066 14.4396 14.4448 -0.00874352 9.95497 0.136591 0.0546624 0.503 -2.25452 -0.66818 
600.11 30.7373 14.9665 14.9688 -0.00514009 14.3572 0.122013 0.0546624 0.503 -3.07546 -0.176196 
600.11 30.0465 14.9979 14.9814 0.0326618 13.8448 0.00922574 0.0546624 0.0003 -2.97568 -0.0409477 
600.11 46.1719 14.2993 14.3047 -0.0122572 8.41276 0.150658 0.0546624 0.503 -1.73394 -0.130473 
600.11 30.4173 14.9811 14.959 0.0486229 13.6769 0.00210583 0.0546624 0.0003 -3.1101 -0.092443 
600.11 30.2939 14.9866 14.9784 0.00944741 13.2848 0.0605992 0.0546624 0.0003 -3.06733 -0.0996361 
600.11 30.4984 14.9773 14.9769 -0.00130365 13.3158 0.105342 0.0546624 0.503 -2.86749 0.0845068 
600.11 31.144 14.9482 14.9476 0.000375487 14.3299 0.0973537 0.0546624 0.0003 -2.84611 0.184526 
600.11 31.6732 14.9243 14.9279 -0.00834988 14.1226 0.13606 0.0546624 0.503 -3.13526 0.259433 
600.11 39.0883 14.5979 14.5436 0.105212 10.8082 1.25073e-05 0.0546624 0.0003 -2.41187 0.497714 
600.11 30.8068 14.9633 14.9466 0.0213177 14.8649 0.0266324 0.0546624 0.0003 -3.18534 -0.0769125 
600.11 34.9822 14.7771 14.7244 0.115314 12.3293 4.49414e-06 0.0546624 0.0003 -2.96368 -0.528849 
600.11 30.3663 14.9833 14.9711 0.0156127 14.1071 0.0401527 0.0546624 0.0003 -3.12525 -0.0486641 
600.11 49.994 14.1431 14.1432 -0.000159083 6.7527 0.0992838 0.0546624 0.0003 -0.451477 -1.2005 
600.11 30.2919 14.9868 14.9875 -0.00163961 13.6826 0.106131 0.0546624 0.503 -3.11821 0.0218685 
600.11 30.0637 14.9971 14.995 0.00675707 14.627 0.0675926 0.0546624 0.0003 -2.96619 -0.0447549 
600.11 31.666 14.9246 14.9218 0.00193912 13.0737 0.0912767 0.0546624 0.0003 -3.10484 0.272412 
600.11 30.4357 14.9803 14.9819 -0.0023857 13.7006 0.109218 0.0546624 0.503 -2.98087 0.145518 
600.11 31.0389 14.9529 14.9545 -0.00438762 14.0025 0.119036 0.0546624 0.503 -3.0897 0.210545 
600.11 36.2835 14.7199 14.6596 0.16612 12.4517 3.12337e-08 0.0546624 0.0003 -2.65103 -0.498067 
600.11 48.0677 14.2214 14.223 -0.00368091 7.56359 0.115647 0.0546624 0.503 -1.78041 -0.895665 
600.11 40.5308 14.5362 14.5406 -0.00858625 11.0958 0.136362 0.0546624 0.503 -3.84457 0.139927 
600.11 30.3389 14.9846 14.9858 -0.00398715 14.8244 0.117428 0.0546624 0.503 -2.87873 0.0450275 
600.11 50 14.1429 14.1429 1.99696e-07 6.75721 0.0985522 0.0546624 0.0003 -0.758041 3.13746 
600.11 30.3657 14.9835 14.9776 0.0235191 14.6138 0.0182803 0.0546624 0.0003 -3.07251 -0.113506 
600.11 30.5275 14.9761 14.9797 -0.00588759 14.1682 0.124427 0.0546624 0.503 -3.0881 -0.135879 
600.11 30.5142 14.9767 14.9768 -0.000631536 14.2627 0.101689 0.0546624 0.503 -2.87854 0.104118 
600.11 42.97 14.4328 14.4403 0.00508745 9.99622 0.0673802 0.0546624 0.0003 -2.86307 -1.0031 
600.11 47.4221 14.2477 14.2097 0.0719455 7.47089 0.00026878 0.0546624 0.0003 -1.58582 -0.08525 
600.11 30.7325 14.9668 14.9671 -0.00135559 15.2112 0.105131 0.0546624 0.503 -3.12382 0.145489 
600.11 30.5027 14.9772 14.9785 -0.00189042 13.8361 0.106969 0.0546624 0.503 -2.94386 0.147593 
600.11 30.3701 14.9832 14.9849 -0.00275927 13.5569 0.110781 0.0546624 0.503 -2.86609 0.0184614 
600.11 50 14.1429 14.1429 -1.25801e-08 6.75126 0.0985532 0.0546624 0.0003 -0.840743 3.78949 
600.11 49.4861 14.1636 14.1552 0.0154795 6.88389 0.0382863 0.0546624 0.0003 -1.73713 -1.41158 
600.11 31.0472 14.9526 14.9556 -0.00447666 13.0824 0.118364 0.0546624 0.503 -3.02138 0.228779 
600.11 30.4628 14.979 14.9807 -0.0046255 14.2641 0.120202 0.0546624 0.503 -2.94919 -0.142475 
600.11 50 14.1429 14.1429 3.63156e-07 6.75013 0.0985515 0.0546624 0.0003 0.730268 3.18457 
600.11 32.9517 14.867 14.8373 0.0700979 13.7913 0.000279363 0.0546624 0.0003 -2.60472 -0.0164383 
600.11 30.4182 14.981 14.9792 0.000773244 13.9336 0.0961298 0.0546624 0.0003 -3.13094 0.0594241 
600.11 35.4719 14.7555 14.7561 -0.00111463 13.1333 0.10398 0.0546624 0.503 -3.08209 0.553846 
600.11 31.3302 14.9398 14.9291 0.0280475 13.9396 0.0129654 0.0546624 0.0003 -3.25463 -0.0514078 
600.11 31.1074 14.9498 14.9541 -0.00952092 13.3512 0.140075 0.0546624 0.503 -3.16038 -0.173197 
600.11 31.3848 14.9373 14.9389 -0.0031854 14.2697 0.113236 0.0546624 0.503 -3.04977 -0.260624 
600.11 36.0045 14.7318 14.7383 -0.0111371 12.7431 0.144955 0.0546624 0.503 -3.32981 0.490787 
600.11 31.104 14.95 14.9405 0.0281367 14.8382 0.0126133 0.0546624 0.0003 -2.98578 -0.235557 
600.11 30.6871 14.9688 14.9736 -0.00620182 14.9005 0.124868 0.0546624 0.503 -2.87687 0.138011 
600.11 33.0707 14.8618 14.8709 -0.0157318 13.5663 0.16039 0.0546624 0.503 -2.79654 -0.348974 
600.11 49.4596 14.1647 14.1631 0.00353297 6.97445 0.0823873 0.0546624 0.0003 -1.28381 -0.770457 
600.11 30.8725 14.9604 14.9515 0.0111501 13.6543 0.0541296 0.0546624 0.0003 -3.04367 0.204357 
600.11 30.8957 14.9593 14.8789 0.162927 14.6781 5.8317e-08 0.0546624 0.0003 -2.91662 -0.194601 
600.11 33.1003 14.8605 14.86 -0.00159626 14.0387 0.107107 0.0546624 0.503 -2.59974 -0.0709009 
600.11 30.3106 14.9859 14.9874 -0.00316669 14.2235 0.113279 0.0546624 0.503 -2.90231 0.0763405 
600.11 30.2758 14.9874 14.9886 -0.00378042 14.4995 0.116434 0.0546624 0.503 -2.93323 0.0954383 
600.11 39.6297 14.5747 14.574 0.00658381 10.2424 0.0671845 0.0546624 0.0003 -2.22801 0.218512 
600.11 30.7167 14.9674 14.9721 -0.00973268 12.589 0.140562 0.0546624 0.503 -3.18898 -0.00324855 
600.11 31.1516 14.9478 14.949 -0.00385549 14.7277 0.117156 0.0546624 0.503 -3.19937 0.135498 
600.11 30.9621 14.9564 14.9612 -0.00785646 13.5687 0.13243 0.0546624 0.503 -3.0536 -0.213058 
600.11 49.9769 14.1438 14.1434 0.000763357 6.75664 0.0950768 0.0546624 0.0003 -2.69405 2.55591 
600.11 30.1608 14.9927 14.9902 0.0112583 14.6224 0.0491916 0.0546624 0.0003 -2.91109 -0.00652033 
600.11 45.4073 14.331 14.3251 0.0235053 8.6573 0.0182914 0.0546624 0.0003 -2.7964 -1.1835 
600.11 30.2748 14.9875 14.9878 6.15765e-05 13.2585 0.0982201 0.0546624 0.0003 -3.09737 -0.0641179 
600.11 30.751 14.9659 14.9669 -0.00282035 13.4021 0.111969 0.0546624 0.503 -3.0679 -0.181515 
600.11 30.0949 14.9957 14.9818 0.0328095 13.691 0.00868544 0.0546624 0.0003 -2.99279 0.0680219 
600.11 30.3664 14.9834 14.9834 -0.000475917 15.0168 0.100956 0.0546624 0.503 -3.01784 0.133624 
600.11 32.8989 14.8695 14.8512 0.0631163 13.72 0.000468849 0.0546624 0.0003 -3.18874 -0.343514 
600.11 30.5784 14.9737 14.9727 2.88289e-05 13.2985 0.099106 0.0546624 0.0003 -3.13389 0.103826 
600.11 32.7665 14.8753 14.8769 -0.00792717 13.603 0.135253 0.0546624 0.503 -2.67254 -0.196553 
600.11 31.1024 14.9501 14.9522 -0.00498532 13.2926 0.121676 0.0546624 0.503 -2.93451 0.226667 
600.11 30.3699 14.9832 14.9839 -0.00177849 14.8839 0.106997 0.0546624 0.503 -3.11435 0.0726176 
600.11 49.9973 14.143 14.143 2.59409e-05 6.76026 0.098432 0.0546624 0.0003 -1.70968 2.65653 
600.11 48.3017 14.2118 14.2058 0.0109488 7.43812 0.0527371 0.0546624 0.0003 -2.08977 1.2602 
600.11 30.6019 14.9727 14.9745 -0.0021946 13.2261 0.108126 0.0546624 0.503 -2.82822 0.0221547 
600.11 30.304 14.9862 14.9873 -0.00363679 13.737 0.115826 0.0546624 0.503 -3.12142 0.0152159 
600.11 30.5383 14.9756 14.9772 -0.00412262 13.6914 0.117623 0.0546624 0.503 -2.95416 0.157012 
600.11 31.3279 14.9398 14.9414 -0.00296012 14.5011 0.1116 0.0546624 0.503 -2.90763 -0.242496 
600.11 30.3106 14.9859 14.9876 -0.00337613 13.7835 0.113935 0.0546624 0.503 -3.04304 0.11615 
600.11 30.3189 14.9856 14.9855 -0.000690001 14.9598 0.10209 0.0546624 0.503 -2.87514 0.0147146 
600.11 33.1178 14.8595 14.8082 0.0866872 11.7662 7.81433e-05 0.0546624 0.0003 -3.1186 -0.389678 
600.11 30.4435 14.9799 14.9814 -0.00502551 14.2755 0.122063 0.0546624 0.503 -2.89915 0.108455 
600.11 42.4185 14.4561 14.4567 0.000603955 10.1248 0.0954742 0.0546624 0.0003 -2.79609 0.953543 
600.11 31.1618 14.9474 14.9498 -0.00681087 14.5189 0.129744 0.0546624 0.503 -2.91035 0.22498 
600.11 31.33 14.9398 14.9265 0.0390381 15.2946 0.00469307 0.0546624 0.0003 -2.99392 -0.259717 
600.11 30.5642 14.9744 14.9765 -0.0039307 14.4543 0.11646 0.0546624 0.503 -3.14368 0.0855912 
600.11 30.6104 14.9723 14.9738 -0.00295616 13.868 0.112343 0.0546624 0.503 -2.94893 0.166481 
600.11 49.9692 14.1441 14.1438 0.000517125 6.76158 0.0961791 0.0546624 0.0003 -0.482522 -0.041909 
600.11 30.3636 14.9835 14.9841 -0.00190039 13.3452 0.107815 0.0546624 0.503 -3.09317 -0.096473 
600.11 30.796 14.9639 14.966 -0.00623134 15.0875 0.127209 0.0546624 0.503 -2.82132 -0.0884093 
600.11 49.9997 14.1429 14.1429 -3.62428e-06 6.75065 0.0985707 0.0546624 0.0003 -0.287805 -1.90587 
600.11 30.36 14.9836 14.9842 -0.00124244 13.8174 0.104191 0.0546624 0.503 -2.99066 -0.132945 
600.11 30.7174 14.9675 14.9692 -0.00294404 14.5008 0.111971 0.0546624 0.503 -2.99574 -0.189089 
600.11 30.9086 14.9589 14.9608 -0.00389622 13.9798 0.116831 0.0546624 0.503 -2.80729 -0.0913889 
600.11 50 14.1429 14.1429 1.9127e-09 6.7714 0.0985531 0.0546624 0.0003 -0.55999 3.65236 
600.11 31.6956 14.9232 14.8139 0.220775 14.0634 2.78989e-10 0.0546624 0.0003 -2.73505 0.128458 
600.11 42.1387 14.4679 14.4722 -0.00570955 10.0229 0.123602 0.0546624 0.503 -2.77005 -0.928669 
600.11 34.108 14.8155 14.8177 -0.00548478 13.5708 0.123223 0.0546624 0.503 -3.47044 0.0620205 
600.11 30.7188 14.9674 14.966 -0.000322321 14.4664 0.101371 0.0546624 0.503 -2.81086 0.00332456 
600.11 30.8384 14.9621 14.9638 -0.00218928 14.4486 0.108373 0.0546624 0.503 -3.20464 -0.00602548 
600.11 40.5162 14.5366 14.4347 0.19451 9.84323 3.49737e-09 0.0546624 0.0003 -2.29808 -0.488004 
600.11 31.3161 14.9404 14.9407 -0.00362144 15.126 0.116661 0.0546624 0.503 -2.757 0.0876933 
600.11 43.4031 14.4146 14.4149 0.00256738 9.53134 0.0853502 0.0546624 0.0003 -2.19516 -0.662753 
600.11 41.6135 14.4901 14.4973 -0.0107081 10.4887 0.143013 0.0546624 0.503 -2.87263 -0.914252 
600.11 30.2392 14.9892 14.983 0.01692 15.1078 0.0328816 0.0546624 0.0003 -3.00536 0.108556 
600.11 50.0002 14.1429 14.1429 -5.33003e-06 6.75073 0.0985773 0.0546624 0.0003 1.15676 2.98754 
600.11 50 14.1429 14.1429 -4.13767e-08 6.74994 0.0985533 0.0546624 0.0003 -1.43097 -3.9315 
600.11 30.1478 14.9933 14.9794 0.0242938 13.9581 0.0194099 0.0546624 0.0003 -3.08425 -0.0120224 
600.11 31.5129 14.9315 14.9354 -0.00831143 13.9528 0.134929 0.0546624 0.503 -3.07901 0.266132 
600.11 31.0608 14.952 14.9546 -0.00326216 12.6292 0.11258 0.0546624 0.503 -2.77119 0.0336536 
600.11 30.1283 14.9942 14.9944 0.00483225 14.353 0.0745595 0.0546624 0.0003 -2.97582 0.0758728 
600.11 50.0002 14.1428 14.1428 2.38776e-06 6.75002 0.0985421 0.0546624 0.0003 1.90242 3.31225 
600.11 42.6304 14.4471 14.4528 -0.0112141 9.86616 0.146298 0.0546624 0.503 -2.56876 -0.890367 
600.11 30.5741 14.9739 14.9581 0.02569 13.9812 0.0176616 0.0546624 0.0003 -3.08604 0.145242 
600.11 39.844 14.5654 14.4679 0.190196 10.2967 4.9953e-09 0.0546624 0.0003 -3.22206 0.783914 
600.11 33.3018 14.8514 14.855 -0.00781177 13.791 0.133596 0.0546624 0.503 -2.76229 -0.346834 
600.11 31.3571 14.9386 14.9423 -0.00610509 14.0892 0.125442 0.0546624 0.503 -3.26242 0.0106298 
600.11 30.5334 14.9758 14.9688 0.0103391 15.5021 0.0559756 0.0546624 0.0003 -3.12674 -0.102019 
600.11 30.5061 14.977 14.9765 0.000616905 14.4156 0.0960116 0.0546624 0.0003 -3.1524 0.0435831 
600.11 31.2821 14.942 14.9433 -0.00326189 14.8882 0.113791 0.0546624 0.503 -2.76344 0.0942056 
600.11 33.7303 14.8325 14.8356 -0.00704859 12.4069 0.130552 0.0546624 0.503 -3.42643 0.142837 
600.11 31.006 14.9544 14.9592 -0.00963587 14.8223 0.140426 0.0546624 0.503 -3.1959 -0.110885 
600.11 30.3987 14.9818 14.985 -0.00710499 14.2111 0.130426 0.0546624 0.503 -3.02361 0.138272 
600.11 39.2893 14.5892 14.5961 -0.0143099 11.2965 0.156557 0.0546624 0.503 -3.45307 -0.637576 
600.11 30.5543 14.9749 14.9799 -0.00833961 14.4294 0.13456 0.0546624 0.503 -3.14781 -0.074995 
600.11 45.2274 14.3383 14.3211 0.0277045 8.55835 0.0149866 0.0546624 0.0003 -2.9205 1.18221 
600.11 30.6978 14.9684 14.9676 0.000152996 14.5264 0.0987641 0.0546624 0.0003 -3.03889 -0.182674 
600.11 50 14.1429 14.1429 -1.30494e-08 6.74947 0.0985532 0.0546624 0.0003 -0.876181 -3.88514 
600.11 30.8199 14.9628 14.9636 -0.00346323 14.8483 0.114999 0.0546624 0.503 -2.87845 0.161774 
600.11 30.9593 14.9566 14.9594 -0.00573224 12.9698 0.124474 0.0546624 0.503 -3.14107 0.168429 
600.11 32.5184 14.8863 14.8716 0.0128243 12.8624 0.0515309 0.0546624 0.0003 -2.70972 -0.217887 
600.11 31.3918 14.9369 14.9389 -0.00802798 14.8655 0.135402 0.0546624 0.503 -2.82318 -0.198627 
600.11 30.4529 14.9794 14.9805 -0.00279895 13.4637 0.11173 0.0546624 0.503 -3.13705 -0.0603927 
600.11 50 14.1429 14.1429 -1.91838e-10 6.75015 0.0985532 0.0546624 0.0003 0.599092 4.13066 
600.11 45.1675 14.3408 14.3207 0.0319762 8.69477 0.0105095 0.0546624 0.0003 -1.99609 -0.619537 
600.11 49.9998 14.1429 14.1429 3.14233e-05 6.74937 0.0984071 0.0546624 0.0003 -0.148442 1.64062 
600.11 30.086 14.9961 14.9708 0.0500089 14.9353 0.00194585 0.0546624 0.0003 -2.99699 -0.0647078 
600.11 40.5495 14.5352 14.4368 0.190134 9.91631 5.11182e-09 0.0546624 0.0003 -2.47007 0.673426 
600.11 47.894 14.2285 14.2129 0.0309922 7.50226 0.0106439 0.0546624 0.0003 -1.75721 0.813141 
600.11 49.8637 14.1484 14.1468 0.00300931 6.79525 0.0848658 0.0546624 0.0003 -0.825156 -0.397567 
600.11 30.7032 14.9681 14.9696 -0.00224932 12.8663 0.108583 0.0546624 0.503 -3.1729 -0.072377 
600.11 50 14.1429 14.1429 4.22952e-10 6.75385 0.0985532 0.0546624 0.0003 0.258887 4.19199 
600.11 32.5937 14.883 14.8139 0.144504 13.5383 3.06992e-07 0.0546624 0.0003 -3.1327 0.344179 
600.11 30.9575 14.9566 14.9519 0.0140963 14.5198 0.0406036 0.0546624 0.0003 -2.79686 0.0827013 
600.11 30.4689 14.9787 14.9818 -0.0073655 13.3825 0.131819 0.0546624 0.503 -3.02681 0.149886 
600.11 34.686 14.79 14.7927 -0.00422926 13.4008 0.117391 0.0546624 0.503 -3.00499 -0.511494 
600.11 50.0037 14.1427 14.1427 -6.9415e-05 6.74816 0.0988917 0.0546624 0.0003 0.274551 -1.33018 
600.11 49.2995 14.1712 14.1663 0.00728122 7.02722 0.0674631 0.0546624 0.0003 -1.21544 -0.315174 
600.11 30.437 14.9801 14.981 -0.00225105 12.8349 0.109147 0.0546624 0.503 -2.89793 -0.106195 
600.11 30.8834 14.9599 14.9609 -0.0032648 13.7127 0.11411 0.0546624 0.503 -2.80338 -0.0742694 
600.11 47.6185 14.2398 14.2407 -0.000648867 7.83977 0.101174 0.0546624 0.503 -2.74718 1.42197 
600.11 30.1038 14.9953 14.9664 0.0592633 14.8656 0.000818697 0.0546624 0.0003 -2.98313 0.0692412 
600.11 50 14.1429 14.1429 6.60674e-06 6.74777 0.0985225 0.0546624 0.0003 0.274286 2.62584 
600.11 44.7263 14.3592 14.3268 0.0653627 8.71864 0.000471272 0.0546624 0.0003 -2.19085 -0.807135 
600.11 49.1976 14.1753 14.1758 -0.000718744 7.12094 0.101837 0.0546624 0.503 -1.24203 0.248177 
600.11 50 14.1429 14.1429 8.16516e-06 6.7485 0.0985152 0.0546624 0.0003 1.78528 3.70386 
600.11 46.432 14.2885 14.2928 -0.0080233 8.09358 0.133768 0.0546624 0.503 -1.82232 0.550365 
600.11 30.6601 14.9701 14.9741 -0.00659912 14.2214 0.127745 0.0546624 0.503 -2.83183 0.0682286 
600.11 32.337 14.8945 14.8913 0.00455056 14.0097 0.078873 0.0546624 0.0003 -2.652 0.0258062 
600.11 46.853 14.2712 14.273 -0.00364468 8.13109 0.115165 0.0546624 0.503 -3.01321 -1.34631 
600.11 50.0014 14.1428 14.1427 0.000128027 6.76407 0.0979616 0.0546624 0.0003 2.4902 3.14378 
600.11 30.4017 14.9818 14.9819 -0.000449342 14.6655 0.100848 0.0546624 0.503 -2.86176 0.0270883 
600.11 31.2502 14.9433 14.8692 0.154655 14.1721 1.20401e-07 0.0546624 0.0003 -2.7632 -0.0844163 
600.11 31.8863 14.9148 14.9175 -0.00569192 13.0437 0.124692 0.0546624 0.503 -2.68989 0.0293577 
600.11 30.17 14.9923 14.9944 -0.00420993 14.1201 0.117703 0.0546624 0.503 -2.94018 0.0694688 
600.11 30.6578 14.9702 14.9712 0.00305389 13.6623 0.0824094 0.0546624 0.0003 -2.94449 0.172416 
600.11 49.9999 14.1429 14.1429 -3.79148e-06 6.75353 0.0985706 0.0546624 0.0003 -0.999435 2.83277 
600.11 30.4692 14.9787 14.9764 0.00145502 13.2381 0.0932521 0.0546624 0.0003 -3.12766 -0.083347 
600.11 50 14.1429 14.1429 1.12062e-07 6.75186 0.0985526 0.0546624 0.0003 0.801551 3.93282 
600.11 31.2772 14.9421 14.9426 -0.00288344 14.1805 0.112424 0.0546624 0.503 -3.00164 -0.25416 
600.11 40.6513 14.5308 14.5044 0.0302707 10.7009 0.0139458 0.0546624 0.0003 -2.13854 0.0528068 
600.11 49.9968 14.143 14.1431 -0.000134118 6.75031 0.0991716 0.0546624 0.0003 -3.01094 2.92598 
600.11 30.2995 14.9864 14.9863 -0.000398213 13.3339 0.100578 0.0546624 0.503 -2.88739 -0.0464323 
600.11 31.0948 14.9504 14.9226 0.0502916 13.5996 0.0019792 0.0546624 0.0003 -3.2025 -0.118783 
600.11 40.3143 14.5455 14.5478 -0.00367644 10.6209 0.114777 0.0546624 0.503 -3.33589 -0.772924 
600.11 39.3176 14.5881 14.5906 -0.00913796 11.3089 0.140221 0.0546624 0.503 -2.37199 0.468901 
600.11 31.0168 14.9538 14.9543 -0.00415984 14.4963 0.118677 0.0546624 0.503 -2.79907 -0.103341 
600.11 30.2247 14.9898 14.9693 0.0418055 14.056 0.00403847 0.0546624 0.0003 -3.0935 -0.0481652 
600.11 31.7932 14.9189 14.9232 -0.00722048 14.4649 0.129991 0.0546624 0.503 -2.86482 -0.271868 
600.11 30.5035 14.9772 14.9561 0.0514327 14.199 0.00156568 0.0546624 0.0003 -3.13223 -0.0867738 
600.11 49.9999 14.1429 14.1429 -7.5502e-07 6.75433 0.0985566 0.0546624 0.0003 -0.326748 2.18933 
600.11 31.6484 14.9253 14.9179 0.00442125 13.9724 0.0828153 0.0546624 0.0003 -2.89501 0.27046 
600.11 50.0002 14.1429 14.1429 -5.29774e-06 6.74998 0.0985772 0.0546624 0.0003 1.20004 -3.01172 
600.11 34.3607 14.8045 14.8082 -0.00803065 13.2125 0.134174 0.0546624 0.503 -2.52831 0.136439 
600.11 39.6668 14.573 14.5741 -0.00697083 10.4375 0.131061 0.0546624 0.503 -2.43457 0.572388 
600.11 32.6083 14.8825 14.8863 -0.00740293 14.1137 0.131713 0.0546624 0.503 -3.08617 0.359802 
600.11 30.2118 14.9903 14.9791 0.0157013 14.0195 0.0393167 0.0546624 0.0003 -2.99885 -0.10191 
600.11 33.506 14.8424 14.8433 -0.00248115 12.5021 0.110466 0.0546624 0.503 -3.39339 -0.185061 
600.11 30.1564 14.9929 14.988 0.00743023 13.5944 0.0668424 0.0546624 0.0003 -2.91927 0.0341416 
600.11 30.3273 14.9851 14.9851 -0.00219749 13.8912 0.109386 0.0546624 0.503 -2.9111 0.09097 
600.11 31.9541 14.9118 14.9149 -0.00620067 14.7366 0.126967 0.0546624 0.503 -3.09308 -0.303698 
600.11 37.989 14.6453 14.6489 -0.00582065 11.9042 0.123588 0.0546624 0.503 -3.56154 -0.429118 
600.11 50 14.1429 14.1429 -1.18328e-09 6.75535 0.0985532 0.0546624 0.0003 -0.597358 4.133 
600.11 30.6901 14.9687 14.9686 -0.000616268 13.1026 0.101759 0.0546624 0.503 -3.12213 0.139708 
600.11 30.6328 14.9713 14.974 -0.00340827 14.5737 0.113234 0.0546624 0.503 -3.04521 0.171465 
600.11 30.8759 14.9603 14.9647 -0.00729374 14.93 0.130567 0.0546624 0.503 -3.11968 -0.172127 
600.11 30.138 14.9937 14.9842 0.0230942 14.3398 0.0201497 0.0546624 0.0003 -3.0573 0.0593079 
600.11 36.5261 14.7089 14.7145 -0.0118212 12.5672 0.148122 0.0546624 0.503 -2.90676 -0.615189 
600.11 43.9815 14.3902 14.3942 -0.0102693 9.07063 0.143236 0.0546624 0.503 -1.92598 0.154403 
600.11 32.1191 14.9042 14.8655 0.06477 13.4061 0.000566217 0.0546624 0.0003 -3.32276 -0.0739696 
600.11 30.4877 14.9779 14.9793 -0.00384838 13.657 0.116271 0.0546624 0.503 -3.04103 0.150253 
600.11 30.78 14.9646 14.9674 -0.00348471 15.058 0.113851 0.0546624 0.503 -2.96524 -0.194307 
600.11 30.0288 14.9987 14.9904 0.0138482 14.5407 0.043644 0.0546624 0.0003 -3.01389 -0.0347232 
600.11 50.0048 14.1427 14.1427 -0.000135908 6.74947 0.0991823 0.0546624 0.0003 1.43909 2.55278 
600.11 50 14.1429 14.1429 3.2569e-06 6.75324 0.098538 0.0546624 0.0003 1.06317 -3.44067 
600.11 30.248 14.9887 14.9156 0.154648 14.8304 1.18323e-07 0.0546624 0.0003 -2.90904 -0.0625802 
600.11 37.1711 14.681 14.6821 0.00336906 11.8933 0.0807626 0.0546624 0.0003 -2.44534 0.357151 
600.11 30.1807 14.9918 14.9918 0.00652113 12.9318 0.0669634 0.0546624 0.0003 -3.038 -0.0865607 
600.11 30.8764 14.9603 14.9602 0.00612086 13.8584 0.0688205 0.0546624 0.0003 -3.03169 0.207235 
600.11 30.3625 14.9836 14.9833 -0.000489804 14.3262 0.101114 0.0546624 0.503 -3.12191 -0.0556816 
600.11 31.6015 14.9275 14.9327 -0.0113532 13.5995 0.14683 0.0546624 0.503 -2.77595 -0.177411 
600.11 43.1646 14.4245 14.3867 0.0637569 9.37994 0.000615285 0.0546624 0.0003 -1.97944 0.101318 
600.11 40.4313 14.5404 14.5364 0.00309542 10.7954 0.0866167 0.0546624 0.0003 -2.20792 -0.30828 
600.11 31.8748 14.9153 14.9157 -0.0030918 14.3731 0.113716 0.0546624 0.503 -2.70664 -0.102598 
600.11 30.3272 14.9851 14.9865 -0.00234458 14.5869 0.10907 0.0546624 0.503 -3.10364 0.073573 
600.11 30.0318 14.9985 14.989 0.0177458 13.5422 0.032279 0.0546624 0.0003 -3.03889 0.00604457 
600.11 40.8927 14.5207 14.5273 -0.0125396 10.6414 0.150828 0.0546624 0.503 -2.3589 -0.600222 
600.11 30.7979 14.9639 14.9669 -0.0067926 14.435 0.129437 0.0546624 0.503 -3.1841 0.0776138 
600.11 49.528 14.1619 14.1551 0.012981 6.88424 0.0457008 0.0546624 0.0003 -1.57298 -1.2785 
600.11 49.9036 14.1468 14.1453 0.0026776 6.77494 0.0863875 0.0546624 0.0003 -0.725796 0.234841 
600.11 30.3164 14.9856 14.9695 0.0244143 13.6573 0.0199347 0.0546624 0.0003 -3.09954 -0.0752711 
600.11 30.7358 14.9667 14.9685 -0.00323779 13.5485 0.113255 0.0546624 0.503 -3.16979 0.0893933 
600.11 32.1923 14.901 14.8859 0.021353 12.9732 0.0258025 0.0546624 0.0003 -3.3142 0.122423 
600.11 30.6674 14.9698 14.9725 -0.00515676 13.114 0.121757 0.0546624 0.503 -3.14437 -0.111607 
600.11 30.4322 14.9803 14.9805 -0.000517608 13.689 0.100904 0.0546624 0.503 -3.01354 0.145636 
600.11 30.2467 14.9888 14.99 -0.000848771 13.9721 0.101887 0.0546624 0.503 -3.04405 0.101291 
600.11 30.6554 14.9703 14.9701 -0.00159836 13.6564 0.106757 0.0546624 0.503 -2.85723 0.111115 
600.11 30.5521 14.9749 14.975 -0.000842649 14.0435 0.102716 0.0546624 0.503 -3.16038 -0.0407691 
600.11 30.5724 14.974 14.9761 -0.00382921 13.5225 0.115869 0.0546624 0.503 -3.14395 0.0876524 
600.11 30.6623 14.97 14.9722 -0.0032243 15.2319 0.112887 0.0546624 0.503 -3.17779 0.0382263 
600.11 30.2005 14.9909 14.9783 0.0188886 14.3399 0.0307276 0.0546624 0.0003 -3.09633 0.0235421 
600.11 44.8601 14.3536 14.33 0.049274 8.8262 0.00202769 0.0546624 0.0003 -2.62282 1.09049 
600.11 50 14.1429 14.1429 -5.98479e-08 6.74722 0.0985534 0.0546624 0.0003 1.58495 3.76482 
600.11 31.2179 14.9449 14.9493 -0.00709278 13.9398 0.129404 0.0546624 0.503 -2.76104 -0.0673394 
600.11 31.4736 14.9333 14.8931 0.0943073 14.9421 2.93996e-05 0.0546624 0.0003 -2.95322 0.269911 
600.11 50 14.1429 14.1429 1.37552e-06 6.7605 0.0985469 0.0546624 0.0003 -0.788671 -2.84711 
600.11 31.7515 14.9208 14.9099 0.0294742 14.5093 0.0113712 0.0546624 0.0003 -2.70325 -0.0423644 
600.11 36.2074 14.7229 14.7244 -0.00686087 11.7257 0.130457 0.0546624 0.503 -2.41265 -0.137866 
600.11 31.7063 14.9229 14.9255 -0.00289814 13.3068 0.110954 0.0546624 0.503 -2.80875 -0.225531 
600.11 50 14.1429 14.1429 3.79102e-07 6.75024 0.0985514 0.0546624 0.0003 1.10429 3.88876 
600.11 32.9297 14.8681 14.8736 -0.00803321 13.961 0.133145 0.0546624 0.503 -2.7815 0.328091 
600.11 30.8091 14.9633 14.963 -0.000601634 14.2054 0.101981 0.0546624 0.503 -2.87674 0.159039 
600.11 30.8548 14.9612 14.9636 -0.00590494 13.8973 0.125645 0.0546624 0.503 -2.84194 0.133562 
600.11 50 14.1429 14.1429 -3.16141e-08 6.75438 0.0985533 0.0546624 0.0003 1.54308 3.74136 
600.11 32.5669 14.8842 14.8685 0.0230766 13.3787 0.0223621 0.0546624 0.0003 -3.25331 0.265295 
600.11 50 14.1429 14.1429 -2.72926e-09 6.75049 0.0985532 0.0546624 0.0003 -0.00556624 -3.32074 
600.11 49.814 14.1504 14.1477 0.00509672 6.79998 0.075744 0.0546624 0.0003 -2.37908 2.04893 
600.11 47.606 14.2403 14.2415 -0.0013594 7.80438 0.104549 0.0546624 0.503 -1.73599 -0.694845 
600.11 30.4122 14.9812 14.9825 -0.00290513 13.6404 0.112033 0.0546624 0.503 -3.04885 0.134413 
600.11 50 14.1429 14.1429 6.26452e-07 6.74812 0.0985503 0.0546624 0.0003 -1.13819 3.20384 
600.11 46.7985 14.2733 14.2301 0.0820233 7.67768 0.00010665 0.0546624 0.0003 -2.0513 0.945991 
600.11 47.6075 14.2402 14.2426 -0.00619642 7.88956 0.126743 0.0546624 0.503 -1.65618 -0.52499 
600.11 31.6661 14.9247 14.9144 0.0284207 14.472 0.012438 0.0546624 0.0003 -2.74675 -0.145395 
600.11 47.4967 14.2447 14.2085 0.0679795 7.43659 0.000388009 0.0546624 0.0003 -1.6549 -0.476068 
600.11 30.0255 14.9988 14.9509 0.103922 13.7296 1.27177e-05 0.0546624 0.0003 -2.96578 -0.00813327 
600.11 50.0004 14.1428 14.1428 -1.09036e-05 6.74887 0.098603 0.0546624 0.0003 0.618716 2.39977 
600.11 47.5036 14.2445 14.2474 -0.00369634 7.77867 0.114483 0.0546624 0.503 -2.14981 -1.14757 
600.11 32.4428 14.8898 14.9026 -0.0157936 15.1508 0.158198 0.0546624 0.503 -2.80202 0.297594 
600.11 30.0071 14.9997 14.9841 0.0317674 13.6916 0.00989866 0.0546624 0.0003 -3.0184 0.00176549 
600.11 50 14.1429 14.1429 -1.42198e-06 6.74851 0.0985596 0.0546624 0.0003 1.18767 3.20456 
600.11 46.5863 14.2821 14.2461 0.0695074 7.87013 0.000331209 0.0546624 0.0003 -1.71312 0.275938 
600.11 50.0004 14.1428 14.1428 5.45764e-05 6.75547 0.0983008 0.0546624 0.0003 2.1012 3.24327 
600.11 44.4373 14.3712 14.3753 -0.00697444 8.96665 0.12882 0.0546624 0.503 -1.93117 0.333607 
600.11 31.8643 14.9157 14.9197 -0.00557377 14.3356 0.122775 0.0546624 0.503 -3.25502 -0.175678 
600.11 31.8662 14.9157 14.9172 -0.00595499 13.4611 0.126671 0.0546624 0.503 -3.28856 -0.112762 
600.11 39.4426 14.5826 14.5875 -0.0121366 11.5114 0.149815 0.0546624 0.503 -2.91687 0.78672 
600.11 32.095 14.9054 14.907 -0.00480572 14.098 0.121098 0.0546624 0.503 -2.70249 0.141555 
600.11 50 14.1429 14.1429 -1.61252e-09 6.75463 0.0985532 0.0546624 0.0003 0.943258 -3.89104 
600.11 31.4762 14.9333 14.9346 -0.0017627 14.1742 0.106589 0.0546624 0.503 -3.2721 0.0347444 
600.11 32.0819 14.906 14.9095 -0.00674787 13.8688 0.128477 0.0546624 0.503 -3.31553 -0.0904756 
600.11 34.745 14.7873 14.6973 0.178762 12.4098 1.39056e-08 0.0546624 0.0003 -3.03663 -0.513734 
600.11 30.6773 14.9693 14.9739 -0.0105953 15.0749 0.144408 0.0546624 0.503 -3.18065 0.0336567 
600.11 30.3039 14.9862 14.9884 -0.00363077 14.9697 0.114814 0.0546624 0.503 -3.1223 -0.0100765 
600.11 30.3303 14.9851 14.9589 0.0687414 15.2149 0.0003018 0.0546624 0.0003 -2.8729 0.0149321 
600.11 32.2594 14.8981 14.9028 -0.00850956 14.5602 0.135686 0.0546624 0.503 -3.31446 0.136021 
600.11 30.9564 14.9566 14.9573 -0.00277559 13.6239 0.111885 0.0546624 0.503 -2.94545 0.212036 
600.11 30.245 14.9889 14.9898 -0.00243942 13.0969 0.110056 0.0546624 0.503 -3.10888 0.0161313 
600.11 50 14.1429 14.1429 -7.01672e-10 6.7507 0.0985532 0.0546624 0.0003 0.446172 3.8672 
600.11 48.4303 14.2066 14.2061 0.00122834 7.38425 0.0927534 0.0546624 0.0003 -1.43617 -0.219952 
600.11 34.4169 14.802 14.8029 -0.00164751 12.8781 0.106174 0.0546624 0.503 -3.42179 -0.258581 
600.11 30.4708 14.9786 14.9801 -0.00322939 13.2812 0.113339 0.0546624 0.503 -2.86265 -0.0667323 
600.11 50.0001 14.1429 14.1428 3.19351e-05 6.74876 0.098405 0.0546624 0.0003 2.20218 3.5281 
600.11 30.385 14.9825 14.9837 -0.00191614 13.3141 0.107102 0.0546624 0.503 -3.0747 0.115976 
600.11 30.5789 14.9737 14.9751 -0.00238712 13.8266 0.109185 0.0546624 0.503 -3.01256 -0.169016 
600.11 45.8822 14.3113 14.3121 -0.00219114 8.55641 0.109065 0.0546624 0.503 -2.03696 -0.78797 
600.11 30.6623 14.9699 14.9663 0.00455403 13.9086 0.0792065 0.0546624 0.0003 -3.02063 0.180446 
600.11 32.1213 14.9042 14.9031 0.00037066 13.5819 0.0978708 0.0546624 0.0003 -3.32309 0.0742863 
600.11 33.245 14.8539 14.7712 0.170634 13.6016 2.78118e-08 0.0546624 0.0003 -2.59027 -0.0743872 
600.11 50 14.1429 14.1429 4.04001e-07 6.75439 0.0985513 0.0546624 0.0003 -1.89055 3.48491 
600.11 31.1325 14.9486 14.9523 -0.00619281 14.5619 0.125571 0.0546624 0.503 -2.77225 0.0731859 
600.11 30.231 14.9895 14.99 -0.00203502 13.8021 0.108185 0.0546624 0.503 -2.92166 0.0724855 
600.11 30.5533 14.9749 14.9775 -0.00416563 13.2766 0.117182 0.0546624 0.503 -3.16579 0.00588609 
600.11 30.5839 14.9735 14.9131 0.12255 13.8893 2.41396e-06 0.0546624 0.0003 -2.83756 -0.0508926 
600.11 30.748 14.9661 14.9666 -0.00174422 13.8142 0.106995 0.0546624 0.503 -3.07154 -0.179739 
600.11 30.5661 14.9744 14.9763 -0.0020335 13.2832 0.107095 0.0546624 0.503 -2.98537 -0.167282 
600.11 38.032 14.6436 14.6461 -0.00710742 12.2193 0.131362 0.0546624 0.503 -2.96914 0.708758 
600.11 30.876 14.9603 14.9543 0.00927938 13.9327 0.0596381 0.0546624 0.0003 -2.79333 0.0341025 
600.11 30.4322 14.9804 14.9819 -0.00317828 13.4388 0.113331 0.0546624 0.503 -2.85724 -0.0315152 
600.11 30.3969 14.982 14.9829 -0.000773747 14.5914 0.101411 0.0546624 0.503 -3.00149 0.13997 
600.11 30.7086 14.9679 14.9706 -0.00503915 13.9503 0.121235 0.0546624 0.503 -3.17814 -0.0603744 
600.11 30.6798 14.9692 14.9739 -0.00894777 14.8101 0.137427 0.0546624 0.503 -3.13176 -0.128778 
600.11 31.2733 14.9423 14.944 -0.00452392 15.2055 0.119584 0.0546624 0.503 -3.22836 -0.110536 
600.11 34.3367 14.8053 14.7983 0.00275022 12.8461 0.0901791 0.0546624 0.0003 -2.54002 -0.166523 
600.11 48.7263 14.1945 14.1942 0.00142929 7.31729 0.0916321 0.0546624 0.0003 -1.41999 -0.449869 
600.11 30.3222 14.9854 14.9875 -0.00461174 14.423 0.119663 0.0546624 0.503 -2.99514 -0.126104 
600.11 31.0504 14.9523 14.955 -0.00525808 13.7806 0.122186 0.0546624 0.503 -3.21565 -0.0791648 
600.11 30.999 14.9547 14.9553 -0.00142781 14.4334 0.104881 0.0546624 0.503 -2.91074 -0.205566 
600.11 30.6355 14.9712 14.9744 -0.0056292 13.9436 0.123701 0.0546624 0.503 -3.12217 0.129431 
600.11 30.2337 14.9894 14.9896 -0.00214495 13.3739 0.109059 0.0546624 0.503 -2.96014 -0.0998126 
600.11 32.3524 14.8938 14.895 -0.0027965 14.1388 0.111721 0.0546624 0.503 -3.33517 -0.101436 
600.11 50 14.1429 14.1429 5.06761e-08 6.74878 0.0985529 0.0546624 0.0003 -0.296973 -3.03041 
600.11 49.7908 14.1513 14.1481 0.00568459 6.83126 0.0733732 0.0546624 0.0003 -1.00358 0.694453 
600.11 50 14.1429 14.1429 -6.09437e-08 6.75126 0.0985534 0.0546624 0.0003 -0.284882 3.46609 
600.11 33.7626 14.831 14.8244 0.0312736 13.326 0.00892609 0.0546624 0.0003 -2.80654 -0.408569 
600.11 45.3263 14.3343 14.3369 -0.00718082 8.7934 0.131273 0.0546624 0.503 -2.58663 -1.11994 
600.11 30.6704 14.9695 14.9633 0.00561268 14.2303 0.0763225 0.0546624 0.0003 -3.17935 0.0345618 
600.11 50 14.1429 14.1429 2.09488e-06 6.7491 0.0985434 0.0546624 0.0003 -0.854128 2.83995 
600.11 34.05 14.8182 14.822 -0.0142253 13.9985 0.158205 0.0546624 0.503 -2.53645 0.0820843 
600.11 41.346 14.5013 14.505 -0.00906666 10.5778 0.138593 0.0546624 0.503 -2.09495 -0.0384386 
600.11 30.4712 14.9786 14.979 -0.000356143 13.5838 0.100055 0.0546624 0.503 -2.85682 -0.0529195 
600.11 30.4473 14.9797 14.9815 -0.00255321 13.3023 0.10962 0.0546624 0.503 -2.92724 -0.130083 
600.11 32.5897 14.8831 14.8881 -0.00342992 13.3607 0.111249 0.0546624 0.503 -3.32105 0.181571 
600.11 32.6684 14.8797 14.883 -0.00492676 13.3549 0.119532 0.0546624 0.503 -2.68117 -0.196932 
600.11 30.27 14.9877 14.9881 0.000212712 14.048 0.0971777 0.0546624 0.0003 -3.06366 0.0963395 
600.11 48.4664 14.2051 14.206 -0.00146986 7.44594 0.105154 0.0546624 0.503 -2.20289 1.37155 
600.11 47.7661 14.2337 14.2348 -0.00252132 7.71294 0.110192 0.0546624 0.503 -2.11561 1.16901 
600.11 33.5565 14.84 14.7418 0.208028 13.1521 8.40453e-10 0.0546624 0.0003 -2.57017 0.0841576 
600.11 30.2504 14.9886 14.9888 -0.00176881 14.1659 0.107301 0.0546624 0.503 -3.01258 0.110196 
600.11 30.509 14.9769 14.9814 -0.00872365 13.6948 0.136779 0.0546624 0.503 -2.9157 0.134621 
600.11 30.5154 14.9766 14.9823 -0.0105092 13.3322 0.143275 0.0546624 0.503 -3.08201 -0.137436 
600.11 30.9436 14.9572 14.96 -0.00574441 13.2061 0.124779 0.0546624 0.503 -2.82756 0.132635 
600.11 30.4669 14.9788 14.98 -0.00216811 14.1963 0.10844 0.0546624 0.503 -2.84785 -0.00195457 
600.11 30.2583 14.9883 14.9855 0.00282946 14.0396 0.086939 0.0546624 0.0003 -3.04878 -0.10178 
600.11 31.2948 14.9413 14.9441 -0.00455605 14.5532 0.118959 0.0546624 0.503 -2.88414 0.228245 
600.11 30.9601 14.9565 14.9568 -0.00134916 13.0998 0.105361 0.0546624 0.503 -2.78159 -0.0242685 
600.11 44.7513 14.3581 14.3347 0.035287 8.64705 0.00811494 0.0546624 0.0003 -1.92305 -0.388322 
600.11 30.2234 14.9899 14.9843 0.0185325 13.6601 0.0283656 0.0546624 0.0003 -3.04866 -0.0931621 
600.11 30.2787 14.9874 14.9881 -0.0022562 13.2381 0.109236 0.0546624 0.503 -2.88617 0.0286875 
600.11 30.6408 14.9709 14.9742 -0.00643984 14.448 0.127307 0.0546624 0.503 -2.96376 -0.174987 
600.11 30.1219 14.9944 14.9837 0.0189861 14.1639 0.0295762 0.0546624 0.0003 -2.96612 -0.0694819 
600.11 50 14.1429 14.1429 4.51481e-12 6.74987 0.0985532 0.0546624 0.0003 -0.0981114 3.62935 
600.11 31.86 14.9159 14.9174 -0.00249962 13.2423 0.109732 0.0546624 0.503 -2.99706 0.309067 
600.11 30.186 14.9915 14.9899 0.00518711 14.3684 0.0743077 0.0546624 0.0003 -2.90995 0.03231 
600.11 50 14.1429 14.1429 1.30891e-06 6.75007 0.0985472 0.0546624 0.0003 -0.646296 2.7104 
600.11 30.8748 14.9603 14.9629 -0.00441335 13.3334 0.11784 0.0546624 0.503 -2.95417 -0.204394 
600.11 50 14.1429 14.1429 4.83255e-07 6.7592 0.098551 0.0546624 0.0003 1.41756 -3.44815 
600.11 35.8374 14.7393 14.7429 0.00176802 12.9256 0.0864569 0.0546624 0.0003 -2.44953 -0.187848 
600.11 30.4281 14.9805 14.9816 -0.0028367 14.3383 0.111751 0.0546624 0.503 -2.9629 -0.140941 
600.11 31.2019 14.9456 14.9495 -0.0075926 13.6029 0.132077 0.0546624 0.503 -3.02119 0.245313 
600.11 30.7676 14.9652 14.9684 -0.00300011 15.2506 0.110879 0.0546624 0.503 -3.04718 0.190299 
600.11 30.3595 14.9837 14.9788 0.00954638 13.5094 0.0576242 0.0546624 0.0003 -3.11787 -0.0623288 
600.11 50 14.1429 14.1429 -3.95127e-07 6.74848 0.098555 0.0546624 0.0003 0.972956 -3.23393 
600.11 30.3014 14.9863 14.9869 -0.00108914 13.5821 0.103626 0.0546624 0.503 -2.87807 0.00584784 
600.11 31.3336 14.9397 14.9428 -0.00784553 13.9792 0.134062 0.0546624 0.503 -3.18253 -0.185501 
600.11 30.7101 14.9678 14.9683 -0.00250214 14.4935 0.110598 0.0546624 0.503 -2.87235 0.138218 
600.11 30.8248 14.9626 14.9652 -0.00457214 14.3121 0.119121 0.0546624 0.503 -2.79738 -0.0174136 
600.11 50.0002 14.1429 14.1428 7.46423e-06 6.75013 0.0985184 0.0546624 0.0003 0.634549 -2.57947 
600.11 30.6623 14.9699 14.972 -0.00360265 13.2479 0.114653 0.0546624 0.503 -2.86001 0.115506 
600.11 33.1691 14.8573 14.8024 0.108378 12.8872 9.17411e-06 0.0546624 0.0003 -2.77031 0.340924 
600.11 50.0003 14.1428 14.1429 -1.15468e-05 6.74902 0.0986055 0.0546624 0.0003 0.621008 -2.45429 
600.11 30.5867 14.9734 14.976 -0.00311001 13.8046 0.112033 0.0546624 0.503 -2.83124 -0.0265716 
600.11 50.0004 14.1428 14.1429 -1.47198e-05 6.75247 0.0986199 0.0546624 0.0003 1.25326 -2.8979 
600.11 30.3511 14.9841 14.9863 -0.0053323 14.0696 0.123084 0.0546624 0.503 -2.9165 0.102042 
600.11 31.0056 14.9545 14.9549 -0.00123514 13.2348 0.104313 0.0546624 0.503 -3.15847 -0.159547 
600.11 30.9442 14.9572 14.96 -0.00713734 13.51 0.130936 0.0546624 0.503 -2.87253 0.1764 
600.11 30.3453 14.9843 14.9866 -0.00400037 14.0243 0.116535 0.0546624 0.503 -3.05388 0.118914 
600.11 30.9342 14.9576 14.9549 0.00322537 13.6951 0.0849055 0.0546624 0.0003 -2.83734 -0.142873 
600.11 49.9999 14.1429 14.1429 1.72517e-06 6.7578 0.0985453 0.0546624 0.0003 -1.71495 3.29375 
600.11 50.0001 14.1429 14.1428 4.2962e-05 6.75516 0.0983539 0.0546624 0.0003 1.71462 -3.30305 
600.11 50.005 14.1427 14.1427 -8.30054e-05 6.7519 0.0989197 0.0546624 0.0003 2.38783 2.92384 
600.11 38.443 14.6257 14.5749 0.0840609 10.6062 0.000101121 0.0546624 0.0003 -3.15817 -0.715671 
600.11 30.8659 14.9608 14.9631 -0.00382908 14.6392 0.115873 0.0546624 0.503 -3.01599 0.207614 
600.11 31.5325 14.9306 14.8937 0.0630109 12.995 0.000652729 0.0546624 0.0003 -2.72884 0.0670774 
600.11 31.1435 14.9481 14.9489 -0.00346068 14.4482 0.115172 0.0546624 0.503 -2.76665 -0.0560973 
600.11 35.6052 14.7494 14.7507 -0.00661013 12.7943 0.129417 0.0546624 0.503 -2.68172 -0.469838 
600.11 30.5978 14.9729 14.9742 -0.00175665 13.8866 0.106471 0.0546624 0.503 -2.82753 -0.00612333 
600.11 31.1207 14.9493 14.9555 -0.0110808 14.8203 0.145299 0.0546624 0.503 -2.99751 0.237867 
600.11 32.6008 14.8827 14.866 0.044938 14.6534 0.00277266 0.0546624 0.0003 -3.3695 -0.00655329 
600.11 42.6709 14.4454 14.4482 -0.00476998 10.0971 0.119878 0.0546624 0.503 -2.93151 0.989325 
600.11 30.7171 14.9675 14.9738 -0.00959455 14.1866 0.139123 0.0546624 0.503 -3.10093 -0.160209 
600.11 31.9441 14.9122 14.9132 -0.00158919 12.7292 0.105482 0.0546624 0.503 -2.81104 0.254252 
600.11 30.4991 14.9774 14.9807 3.84288e-05 13.7537 0.0953445 0.0546624 0.0003 -3.09044 0.128968 
600.11 50 14.1429 14.1429 -1.16454e-09 6.75043 0.0985532 0.0546624 0.0003 0.6796 3.92512 
600.11 30.1112 14.995 14.9566 0.085912 14.1007 6.62769e-05 0.0546624 0.0003 -3.00719 -0.0737205 
600.11 30.7899 14.9642 14.9672 -0.00417353 13.4375 0.116441 0.0546624 0.503 -2.80999 -0.0588318 
600.11 30.4763 14.9784 14.9804 -0.00396643 14.8352 0.116486 0.0546624 0.503 -2.85338 0.0467101 
600.11 49.9998 14.1429 14.1429 -3.47957e-06 6.74879 0.0985691 0.0546624 0.0003 -1.25499 2.85241 
600.11 38.3159 14.6312 14.6339 -0.0105963 11.4485 0.145292 0.0546624 0.503 -3.3452 0.638211 
600.11 30.2546 14.9884 14.9896 -0.00193569 13.6287 0.107287 0.0546624 0.503 -2.90033 0.0515558 
600.11 30.3915 14.9823 14.983 -0.00252524 13.5632 0.110646 0.0546624 0.503 -2.86151 -0.0155274 
600.11 48.6961 14.1957 14.1975 -0.00377765 7.31511 0.115967 0.0546624 0.503 -1.63801 0.906102 
600.11 30.3517 14.9841 14.9859 5.90431e-05 13.3754 0.0965882 0.0546624 0.0003 -2.91616 0.101917 
600.11 46.6226 14.2806 14.2512 0.0619163 7.9197 0.00063156 0.0546624 0.0003 -1.78753 0.522255 
600.11 30.366 14.9834 14.9842 -0.00340077 14.5922 0.114918 0.0546624 0.503 -3.12009 0.0610349 
600.11 50 14.1429 14.1429 1.45075e-08 6.7581 0.0985531 0.0546624 0.0003 0.14689 3.10233 
600.11 30.7582 14.9657 14.9673 -0.00390224 15.1059 0.116716 0.0546624 0.503 -3.19319 -0.0240422 
600.11 31.0368 14.9529 14.953 -0.00271547 14.1203 0.112 0.0546624 0.503 -2.81823 0.138019 
600.11 49.3731 14.1682 14.1694 -0.00182784 7.05126 0.106785 0.0546624 0.503 -1.18649 0.323973 
600.11 49.9995 14.1429 14.1429 -7.4546e-06 6.75138 0.0985872 0.0546624 0.0003 -2.17398 3.10708 
600.11 45.6405 14.3211 14.2661 0.103453 7.94262 1.51455e-05 0.0546624 0.0003 -1.9583 -0.638162 
600.11 30.4104 14.9813 14.9823 -0.00302939 13.9466 0.112804 0.0546624 0.503 -2.92404 0.120398 
600.11 50 14.1429 14.1429 3.15099e-07 6.74947 0.0985517 0.0546624 0.0003 0.861893 -3.62949 
600.11 30.1729 14.9921 14.9947 -0.00403394 13.3943 0.116168 0.0546624 0.503 -3.08069 0.0444647 
600.11 35.9592 14.7339 14.7369 -0.00359104 12.7904 0.114316 0.0546624 0.503 -2.78861 -0.549347 
600.11 50 14.1429 14.1429 -3.85131e-07 6.75727 0.0985549 0.0546624 0.0003 1.3967 3.48832 
600.11 30.4346 14.9803 14.9809 -0.000642001 12.8189 0.101386 0.0546624 0.503 -3.05686 0.135417 
600.11 36.4487 14.7126 14.7188 -0.00896948 12.469 0.136897 0.0546624 0.503 -3.20373 -0.583158 
600.11 32.7976 14.8739 14.8768 -0.00894823 14.3661 0.138821 0.0546624 0.503 -3.34615 -0.166954 
600.11 33.8043 14.829 14.8308 -0.00585969 12.9386 0.126095 0.0546624 0.503 -2.70105 0.34234 
600.11 50 14.1429 14.1429 -5.74243e-06 6.75619 0.0985797 0.0546624 0.0003 -1.39818 3.21286 
600.11 30.8166 14.963 14.9662 -0.00610704 15.6535 0.126146 0.0546624 0.503 -3.20172 -0.00945262 
600.11 44.5018 14.3686 14.3729 -0.00971025 9.31978 0.141024 0.0546624 0.503 -2.60491 1.05328 
600.11 47.3742 14.2497 14.2508 -0.000687442 7.92862 0.101053 0.0546624 0.503 -2.891 -1.40618 
600.11 50 14.1429 14.1429 1.97482e-09 6.74961 0.0985531 0.0546624 0.0003 -0.316367 3.49451 
600.11 30.7464 14.9661 14.9459 0.0426979 13.8357 0.00368012 0.0546624 0.0003 -2.94952 0.186326 
600.11 30.0517 14.9976 14.9807 0.0368504 13.9902 0.00618548 0.0546624 0.0003 -3.0321 0.0388639 
600.11 50.0011 14.1428 14.1428 -4.04818e-05 6.75174 0.0987369 0.0546624 0.0003 1.63401 2.92868 
600.11 30.3875 14.9824 14.9626 0.0416781 14.3977 0.00404161 0.0546624 0.0003 -2.95236 0.12999 
600.11 36.9842 14.6889 14.5661 0.237112 11.2704 6.76804e-11 0.0546624 0.0003 -3.21239 -0.612849 
600.11 31.271 14.9425 14.9331 0.0251106 14.9902 0.0166968 0.0546624 0.0003 -2.81685 0.175593 
600.11 30.5574 14.9747 14.9771 -0.00438286 13.9782 0.118257 0.0546624 0.503 -3.04908 -0.158998 
600.11 30.6887 14.9687 14.9751 -0.00927707 15.0602 0.137586 0.0546624 0.503 -2.85225 0.111487 
600.11 43.0538 14.4291 14.4323 -0.0066511 9.36514 0.128441 0.0546624 0.503 -2.10577 0.486259 
600.11 30.3878 14.9824 14.9848 -0.00416472 13.8478 0.117254 0.0546624 0.503 -3.12915 0.0501521 
600.11 30.5739 14.974 14.9757 -0.00129465 13.7433 0.103728 0.0546624 0.503 -2.83312 -0.0275182 
600.11 30.4071 14.9815 14.9838 -0.00494368 14.8719 0.121092 0.0546624 0.503 -2.86541 -0.0455133 
600.11 46.5731 14.2827 14.2853 -0.00525376 8.33921 0.122184 0.0546624 0.503 -1.71233 -0.265534 
600.11 31.1528 14.9477 14.9494 -0.00333184 14.616 0.1138 0.0546624 0.503 -2.88387 0.21154 
600.11 33.4063 14.8467 14.8523 -0.0119991 13.8118 0.14945 0.0546624 0.503 -3.08938 -0.418229 
600.11 36.3424 14.7171 14.6745 0.0866713 11.9714 6.59324e-05 0.0546624 0.0003 -3.037 0.610226 
600.11 50 14.1429 14.1429 1.24394e-08 6.74999 0.0985531 0.0546624 0.0003 0.171611 -3.42335 
600.11 30.5807 14.9737 14.9762 -0.00485778 14.5785 0.120639 0.0546624 0.503 -2.87552 0.115888 
600.11 30.4293 14.9805 14.9857 -0.00635963 14.4303 0.125483 0.0546624 0.503 -2.87535 -0.0757739 
600.11 31.7771 14.9197 14.9207 -0.00338414 13.8603 0.11489 0.0546624 0.503 -3.30075 -0.0277206 
600.11 30.5164 14.9765 14.9752 0.000851256 14.6678 0.0954209 0.0546624 0.0003 -2.86849 0.0912584 
600.11 30.3929 14.9821 14.9832 -0.00225778 13.6958 0.108859 0.0546624 0.503 -2.908 0.104512 
600.11 50.0001 14.1429 14.1429 5.14241e-06 6.74949 0.0985294 0.0546624 0.0003 1.12423 -3.10805 
600.11 30.1329 14.9939 14.9906 0.00272122 13.0792 0.0879052 0.0546624 0.0003 -3.03652 -0.0719266 
600.11 41.2897 14.5038 14.4859 0.0354385 9.93001 0.00721658 0.0546624 0.0003 -3.04193 -0.901549 
600.11 30.6701 14.9697 14.9725 0.00785888 15.8915 0.0588929 0.0546624 0.0003 -3.14441 0.112342 
600.11 50.0004 14.1428 14.1428 4.74495e-06 6.76108 0.0985313 0.0546624 0.0003 1.28109 -2.89499 
600.11 34.6309 14.7924 14.7488 0.0950788 12.9859 2.87415e-05 0.0546624 0.0003 -2.49401 -0.0454784 
600.11 30.882 14.9601 14.9624 -0.0044761 13.0289 0.118801 0.0546624 0.503 -2.797 0.0543085 
600.11 30.791 14.9642 14.9667 -0.00416765 13.3612 0.117609 0.0546624 0.503 -3.17191 -0.0999747 
600.11 30.4746 14.9785 14.9806 -0.0045493 13.2535 0.119407 0.0546624 0.503 -3.06074 -0.141035 
600.11 47.6258 14.2394 14.2065 0.0610351 7.40067 0.000736094 0.0546624 0.0003 -1.67647 0.579718 
600.11 39.1694 14.5943 14.4789 0.222069 10.0525 2.72276e-10 0.0546624 0.0003 -2.23128 0.09914 
600.11 30.3533 14.9839 14.9857 -0.00092997 14.5671 0.101657 0.0546624 0.503 -3.12479 -0.0431411 
600.11 30.5998 14.9728 14.9738 -0.0024725 14.062 0.109991 0.0546624 0.503 -2.85914 0.099597 
600.11 34.4081 14.8024 14.806 -0.00576258 13.2395 0.124325 0.0546624 0.503 -2.58543 -0.268914 
600.11 33.8016 14.8293 14.8338 -0.00870656 13.7992 0.137228 0.0546624 0.503 -2.55653 -0.100646 
600.11 50.0004 14.1428 14.1428 -1.36597e-05 6.7524 0.0986153 0.0546624 0.0003 1.45832 -2.99365 
600.11 33.1595 14.8577 14.8345 0.0322447 13.6687 0.0108482 0.0546624 0.0003 -3.01526 0.410069 
600.11 34.3456 14.805 14.7497 0.118322 13.4246 3.38284e-06 0.0546624 0.0003 -2.55734 0.21001 
600.11 31.1861 14.9463 14.9495 -0.00721566 14.6791 0.131169 0.0546624 0.503 -2.75733 0.0313954 
600.11 49.9817 14.1436 14.1436 2.65072e-05 6.77315 0.0983801 0.0546624 0.0003 -2.16508 -2.48182 
600.11 31.5935 14.928 14.9328 -0.00540069 14.1658 0.121218 0.0546624 0.503 -2.721 0.0591684 
600.11 30.4577 14.9792 14.9807 -0.00208638 13.6188 0.107775 0.0546624 0.503 -2.9843 -0.149648 
600.11 32.387 14.8922 14.8307 0.127206 13.9831 1.53972e-06 0.0546624 0.0003 -2.92001 0.343656 
600.11 31.5218 14.9311 14.9155 0.0301874 13.0887 0.011523 0.0546624 0.0003 -3.10711 0.257032 
600.11 30.3366 14.9847 14.9864 -0.00342006 14.3015 0.113972 0.0546624 0.503 -3.04053 0.122228 
600.11 30.1735 14.9921 14.9734 0.0380665 14.946 0.00566542 0.0546624 0.0003 -3.01106 0.0916549 
600.11 50 14.1429 14.1429 -3.89909e-07 6.75004 0.098555 0.0546624 0.0003 -0.344088 -2.97062 
600.11 30.4848 14.978 14.9796 -0.00540316 14.3565 0.123822 0.0546624 0.503 -2.8461 -0.019299 
600.11 30.1821 14.9917 14.9798 0.0218171 15.0063 0.0235275 0.0546624 0.0003 -2.9179 0.0469814 
600.11 49.9999 14.1429 14.1429 -3.43324e-06 6.75309 0.0985689 0.0546624 0.0003 -1.85115 -3.36028 
600.11 50 14.1429 14.1429 -5.26999e-07 6.76889 0.0985556 0.0546624 0.0003 1.42407 3.46377 
600.11 35.1587 14.7692 14.7699 -0.00302667 12.278 0.113077 0.0546624 0.503 -2.80087 0.502467 
600.11 31.1979 14.9457 14.9492 -0.0088325 14.8489 0.138036 0.0546624 0.503 -2.784 -0.117467 
600.11 30.7893 14.9642 14.9672 -0.00556244 15.0313 0.123476 0.0546624 0.503 -3.17959 0.0844295 
600.11 30.9396 14.9574 14.9597 -0.00502523 13.5581 0.121594 0.0546624 0.503 -2.91022 -0.197839 
600.11 35.2631 14.7644 14.7768 -0.0240041 13.4226 0.179521 0.0546624 0.503 -2.45332 -0.0130709 
600.11 30.9042 14.959 14.9603 -0.00164223 14.9897 0.105693 0.0546624 0.503 -2.93639 0.203136 
600.11 43.4754 14.4114 14.3674 0.0750017 9.04647 0.00022152 0.0546624 0.0003 -2.12485 0.575723 
600.11 30.3545 14.9839 14.9818 0.00310484 12.8946 0.0849854 0.0546624 0.0003 -2.91971 0.10526 
600.11 30.6047 14.9726 14.9622 0.0236999 14.2612 0.0193162 0.0546624 0.0003 -3.02951 0.170967 
600.11 49.7814 14.1517 14.1491 0.00503216 6.81708 0.0759593 0.0546624 0.0003 -1.54997 1.52413 
600.11 30.9585 14.9566 14.96 -0.00612473 13.4627 0.12583 0.0546624 0.503 -3.12869 -0.177414 
600.11 30.8642 14.9608 14.8734 0.179185 14.4097 1.27461e-08 0.0546624 0.0003 -3.16265 -0.129438 
600.11 49.9998 14.1429 14.1429 -3.59624e-05 6.78169 0.0987196 0.0546624 0.0003 -1.73355 3.09023 
600.11 31.2774 14.9422 14.9058 0.0816393 12.5577 9.96642e-05 0.0546624 0.0003 -3.20749 0.147385 
600.11 49.9496 14.1449 14.1444 0.000677897 6.77799 0.0955519 0.0546624 0.0003 -3.0618 2.42073 
600.11 42.703 14.444 14.428 0.0289274 9.3722 0.01306 0.0546624 0.0003 -2.90042 0.988986 
600.11 30.6427 14.9709 14.9719 -0.00280812 13.637 0.111628 0.0546624 0.503 -2.90895 0.154153 
600.11 33.693 14.8339 14.7469 0.167012 12.6601 4.34104e-08 0.0546624 0.0003 -2.92453 0.440675 
600.11 45.453 14.3289 14.2887 0.0766937 8.29572 0.000173302 0.0546624 0.0003 -1.82316 -0.257596 
600.11 30.5964 14.973 14.9687 0.0153718 14.4738 0.0363594 0.0546624 0.0003 -3.17128 -0.019226 
600.11 36.0576 14.7297 14.7294 -0.00550157 11.6625 0.125966 0.0546624 0.503 -2.583 0.423849 
600.11 32.0083 14.9092 14.9152 -0.00742389 14.4008 0.129661 0.0546624 0.503 -2.71763 -0.15483 
600.11 34.3977 14.8027 14.8031 -0.00206979 12.4911 0.109212 0.0546624 0.503 -3.13725 0.47365 
600.11 30.4876 14.9779 14.9789 -0.00421621 13.1288 0.118465 0.0546624 0.503 -2.94466 -0.145541 
600.11 37.1532 14.6816 14.6023 0.153259 11.6991 1.52166e-07 0.0546624 0.0003 -2.49448 0.42195 
600.11 30.3772 14.9829 14.9837 -0.00181866 13.2781 0.107141 0.0546624 0.503 -3.05328 -0.125792 
600.11 30.8954 14.9595 14.9623 -0.00435282 13.1399 0.117715 0.0546624 0.503 -3.00891 -0.211674 
600.11 30.6414 14.9709 14.9738 -0.00222725 14.9926 0.10692 0.0546624 0.503 -3.10441 -0.14532 
600.11 30.8284 14.9624 14.9653 -0.00612372 13.7009 0.126147 0.0546624 0.503 -3.08133 -0.186442 
600.11 31.9453 14.9121 14.9177 -0.010181 13.8457 0.142373 0.0546624 0.503 -3.25025 0.193686 
600.11 32.5174 14.8864 14.8887 -0.00433795 14.4653 0.117738 0.0546624 0.503 -2.65294 -0.106848 
600.11 30.4073 14.9815 14.9837 -0.00397951 13.5143 0.116477 0.0546624 0.503 -3.03929 -0.136408 
600.11 50 14.1429 14.1429 7.17471e-08 6.75363 0.0985528 0.0546624 0.0003 -0.41591 -3.02442 
600.11 49.9991 14.1429 14.1429 -2.26038e-05 6.7657 0.0986554 0.0546624 0.0003 -2.85743 -3.1296 
600.11 30.5189 14.9765 14.9766 -0.000740517 14.9812 0.102012 0.0546624 0.503 -3.02675 -0.158312 
600.11 30.3373 14.9847 14.9869 -0.00367254 12.9386 0.114905 0.0546624 0.503 -3.10508 -0.0749684 
600.11 30.4531 14.9795 14.981 -0.00258829 14.4169 0.110145 0.0546624 0.503 -2.89116 -0.102864 
600.11 49.3373 14.1697 14.1658 0.00788542 7.01291 0.0639238 0.0546624 0.0003 -1.23238 -0.463096 
600.11 50.0028 14.1427 14.1428 -0.000103303 6.7491 0.0990229 0.0546624 0.0003 1.93806 -2.88967 
600.11 30.4958 14.9775 14.9298 0.106172 14.6132 1.01042e-05 0.0546624 0.0003 -2.84464 0.0216028 
600.11 30.6705 14.9695 14.9694 -0.000321808 13.5327 0.100239 0.0546624 0.503 -3.18271 -0.00112311 
600.11 30.3077 14.986 14.9868 -0.00148531 12.9295 0.105352 0.0546624 0.503 -2.91149 0.0856682 
600.11 30.2839 14.9871 14.9909 -0.00637574 13.7762 0.126879 0.0546624 0.503 -3.11484 -0.0291198 
600.11 49.9981 14.1429 14.143 -0.000153278 6.75224 0.0992559 0.0546624 0.0003 -2.47103 2.96544 
600.11 49.7997 14.151 14.1491 0.00321118 6.82002 0.0841178 0.0546624 0.0003 -1.19789 1.12406 
600.11 30.1976 14.991 14.9941 -0.00465245 14.379 0.118995 0.0546624 0.503 -2.92286 0.0615565 
600.11 30.5684 14.9742 14.9125 0.131291 14.5732 1.02364e-06 0.0546624 0.0003 -2.96687 0.164708 
600.11 30.4557 14.9794 14.9825 -0.00608481 14.3242 0.125853 0.0546624 0.503 -2.86717 -0.0705323 
