600.11 84.4665 12.875 12.8769 -0.00774787 -1.24236 0.134786 0.0546624 0.503 2.54369 -0.230519 
600.11 88.5665 12.7391 12.749 -0.0191007 -0.585167 0.169595 0.0546624 0.503 2.72936 0.279247 
600.11 72.2503 13.2973 13.2626 0.0792113 1.04034 0.490869 1.39979 0.503 2.17196 -0.0700614 
600.11 85.6976 12.8339 12.8423 -0.0174821 -1.59255 0.16577 0.0546624 0.503 3.47609 -0.0159352 
600.11 75.7598 13.1735 13.3277 -0.302431 1.81521 3.10285e-05 1.39979 0.0003 2.42492 -0.464538 
600.11 78.4736 13.0788 13.0794 0.00258663 0.24166 0.106273 1.39979 0.503 2.8491 0.652604 
600.11 87.5472 12.7728 12.7838 0.0103864 -1.46008 0.0442678 0.0546624 0.0003 3.10086 -0.408807 
600.11 79.5719 13.041 13.0386 0.000205248 1.62107 0.0987066 1.39979 0.0003 3.24481 0.592911 
600.11 73.5974 13.2496 13.2498 0.00221538 3.61068 0.105288 1.39979 0.503 2.68501 -0.730495 
600.11 78.3833 13.0818 13.0767 0.0141407 1.36935 0.140326 1.39979 0.503 2.67508 0.588315 
600.11 79.9698 13.0271 13.025 -0.00220615 -1.31023 0.111134 0.0546624 0.503 2.60244 0.490466 
600.11 74.6547 13.2122 13.2115 0.00380168 1.44072 0.109343 1.39979 0.503 2.28411 0.277257 
600.11 79.4697 13.0447 13.1934 -0.281836 1.66792 5.56845e-05 1.39979 0.0003 2.93648 0.640782 
600.11 72.8391 13.2767 13.2754 0.00715651 0.828043 0.118623 1.39979 0.503 3.78411 -0.222433 
600.11 54.216 13.9745 13.9788 -0.0102153 8.43342 0.0768505 1.39979 0.0003 1.62442 -0.654393 
600.11 68.0931 13.4477 13.4433 0.0144689 2.98439 0.141775 1.39979 0.503 2.06868 0.159333 
600.11 77.8703 13.0998 13.0952 0.0173478 1.62395 0.152548 1.39979 0.503 2.3741 0.279152 
600.11 85.8642 12.8283 12.8397 -0.0219293 -0.804025 0.175583 0.0546624 0.503 2.79455 0.424479 
600.11 73.4995 13.2529 13.2427 0.0210036 3.68595 0.163172 1.39979 0.503 2.49588 0.618756 
600.11 80.6987 13.0026 12.9998 0.00330073 1.40622 0.106419 1.39979 0.503 2.3913 0.0638507 
600.11 80.7582 13.0004 13.0385 -0.0875271 0.724007 0.0099572 1.39979 0.0003 2.39761 -0.100209 
600.11 81.7848 12.9656 13.0797 -0.221846 0.951758 0.000277881 1.39979 0.0003 2.66184 -0.475651 
600.11 87.219 12.7835 12.8546 -0.142133 0.116367 0.00236333 1.39979 0.0003 2.62346 -0.210258 
600.11 77.6927 13.1056 13.1027 -0.000682667 1.76848 0.0972853 1.39979 0.0003 3.28012 0.630567 
600.11 73.5948 13.2498 13.2433 0.00915052 3.29916 0.122146 1.39979 0.503 2.29579 -0.369415 
600.11 82.4505 12.9429 12.9569 -0.0245839 -1.56425 0.179626 0.0546624 0.503 3.02394 0.565535 
600.11 75.3362 13.1883 13.1848 0.00500957 1.3306 0.111111 1.39979 0.503 2.25313 -0.0698948 
600.11 84.8345 12.8626 12.8657 -0.0094465 -1.14751 0.140603 0.0546624 0.503 3.50051 -0.025119 
600.11 79.2157 13.0535 13.0541 0.0020326 2.31457 0.104757 1.39979 0.503 2.48675 0.400015 
600.11 77.9377 13.0971 12.984 0.192399 -1.71101 5.5209e-09 0.0546624 0.0003 2.33836 0.172251 
600.11 76.2463 13.1563 13.1916 -0.0692592 0.341026 0.0167561 1.39979 0.0003 2.56196 -0.580027 
600.11 87.9706 12.7586 12.7669 -0.0193462 -1.94642 0.171348 0.0546624 0.503 3.06162 0.403269 
600.11 65.044 13.56 13.5833 -0.0544851 4.07395 0.0241748 1.39979 0.0003 2.07469 -0.466466 
600.11 80.5064 13.0088 12.917 0.163327 -0.461465 6.95342e-08 0.0546624 0.0003 3.01007 -0.617284 
600.11 80.6872 13.003 13.0185 -0.0408895 -1.77275 0.195738 0.0546624 0.503 2.391 -0.0636123 
600.11 73.3636 13.258 13.2401 0.0307117 2.05299 0.199177 1.39979 0.503 2.2888 -0.369219 
600.11 70.2282 13.3702 13.3777 -0.00915633 1.8444 0.0804205 1.39979 0.0003 3.57336 -0.674398 
600.11 71.3605 13.3295 13.3251 0.00944203 2.93779 0.12474 1.39979 0.503 2.3107 -0.504831 
600.11 60.6766 13.7242 13.7236 -0.00428954 6.37136 0.0881547 1.39979 0.0003 2.58708 -1.11328 
600.11 79.3828 13.0472 13.0058 0.0441064 -0.91818 0.00493872 0.0546624 0.0003 2.7973 -0.613924 
600.11 84.6551 12.8685 12.9056 -0.0909605 -1.35918 0.199958 0.0546624 0.503 3.27451 0.424831 
600.11 81.462 12.9764 12.9718 0.00504256 0.533072 0.110788 1.39979 0.503 2.96224 -0.590864 
600.11 77.7723 13.1029 13.0252 0.180093 0.620604 0.93863 1.39979 0.503 2.59448 0.555657 
600.11 76.8761 13.1344 13.1929 -0.109784 1.83888 0.00575912 1.39979 0.0003 3.26868 -0.657898 
600.11 82.7966 12.9312 13.0687 -0.273887 -0.042615 0.18228 0.0546624 0.503 2.44384 0.0276149 
600.11 82.1522 12.9531 13.0256 -0.155755 -1.94049 0.2 0.0546624 0.503 2.44383 -0.141613 
600.11 80.9873 12.9925 13.0112 -0.0352428 -0.278345 0.192002 0.0546624 0.503 2.48142 0.310552 
600.11 75.6832 13.176 13.1675 0.00783827 2.24605 0.116712 1.39979 0.503 2.39609 0.430201 
600.11 87.1858 12.7847 12.7883 -0.00747989 -1.84187 0.132329 0.0546624 0.503 2.71549 -0.325245 
600.11 85.4577 12.8419 12.8403 -0.0014199 -1.10986 0.106677 0.0546624 0.503 3.28143 0.392923 
600.11 77.8352 13.1012 13.2083 -0.179572 2.75013 0.000943588 1.39979 0.0003 2.9745 -0.685441 
600.11 86.1608 12.8186 12.8313 -0.0222899 -1.5566 0.176107 0.0546624 0.503 2.88407 0.447996 
600.11 85.9021 12.8272 12.8765 -0.114321 -0.419546 0.199995 0.0546624 0.503 2.54088 0.101834 
600.11 84.5758 12.8712 12.8134 0.099554 -1.61495 2.37996e-05 0.0546624 0.0003 2.5296 0.192589 
600.11 85.1589 12.8517 12.8558 -0.0111344 -1.82539 0.147041 0.0546624 0.503 2.77061 -0.43476 
600.11 72.6787 13.2822 13.2486 0.0774294 1.6912 0.477799 1.39979 0.503 2.45723 -0.614243 
600.11 80.0491 13.0247 13.0388 -0.0152202 1.50342 0.0703469 1.39979 0.0003 2.97281 -0.628438 
600.11 86.3222 12.8132 12.8248 -0.0287493 -1.26246 0.187004 0.0546624 0.503 2.73706 0.37519 
600.11 79.9018 13.03 13.0245 0.00680099 0.855289 0.115008 1.39979 0.503 2.37119 0.0738361 
600.11 64.8124 13.5686 13.5665 0.0110561 4.76355 0.131555 1.39979 0.503 2.54143 -0.937273 
600.11 64.1761 13.5924 13.619 -0.0428744 5.13478 0.0343884 1.39979 0.0003 3.18643 -1.04743 
600.11 86.3125 12.8136 12.9017 -0.156541 0.359818 0.00168853 1.39979 0.0003 2.88621 0.443979 
600.11 85.3186 12.8464 12.8259 0.0216512 -1.64735 0.0274717 0.0546624 0.0003 3.136 -0.468005 
600.11 73.9623 13.2365 13.1375 0.218484 0.581281 0.97717 1.39979 0.503 2.34114 -0.428741 
600.11 83.4432 12.9094 12.9141 -0.0117484 -0.479513 0.149034 0.0546624 0.503 2.51478 0.235647 
600.11 79.5388 13.0422 13.034 0.0185162 0.589287 0.154739 1.39979 0.503 3.64059 0.0439978 
600.11 82.0112 12.9577 12.9924 -0.0894749 -0.872647 0.199953 0.0546624 0.503 2.45193 -0.183291 
600.11 86.6039 12.804 12.8066 -0.00482743 -1.42994 0.121024 0.0546624 0.503 3.44797 0.0391102 
600.11 70.4339 13.3625 13.3528 0.0210999 2.84959 0.163748 1.39979 0.503 2.23679 -0.437542 
600.11 71.764 13.3147 13.311 0.00010392 2.48524 0.0987041 1.39979 0.0003 2.15685 0.0356422 
600.11 77.9671 13.0963 13.0972 -0.00248417 0.456611 0.0933553 1.39979 0.0003 3.20551 0.65109 
600.11 78.8763 13.0647 12.9216 0.256596 -0.179456 1.36493e-11 0.0546624 0.0003 3.12403 -0.647812 
600.11 77.2523 13.1214 13.1171 0.00858426 2.52806 0.120926 1.39979 0.503 2.46028 0.447481 
600.11 74.0847 13.2325 13.2173 0.0339449 2.38262 0.216844 1.39979 0.503 2.30526 -0.360141 
600.11 73.3724 13.2575 13.2505 0.0126578 1.50766 0.133529 1.39979 0.503 2.19994 0.0431345 
600.11 83.4627 12.9088 12.9244 -0.0340434 -1.00093 0.191602 0.0546624 0.503 2.59669 -0.356942 
600.11 73.2834 13.2608 13.2521 0.0181947 1.94731 0.152245 1.39979 0.503 3.35274 0.721781 
600.11 85.6455 12.8357 12.8343 -0.00151875 -0.970767 0.107492 0.0546624 0.503 2.52216 0.013532 
600.11 73.4776 13.2537 13.2412 0.0314691 2.93237 0.207305 1.39979 0.503 3.59025 -0.538019 
600.11 76.4398 13.1496 13.2245 -0.138417 2.46332 0.00269314 1.39979 0.0003 2.55559 0.568793 
600.11 80.6951 13.0024 12.9586 0.06325 -0.499781 0.00073614 0.0546624 0.0003 2.56269 0.428751 
600.11 81.0095 12.9918 12.9701 0.0444819 1.5434 0.267235 1.39979 0.503 2.85254 0.585768 
600.11 74.705 13.2104 13.195 0.0352954 2.20247 0.224153 1.39979 0.503 2.249 0.154552 
600.11 82.3195 12.9475 12.9745 -0.0603106 -1.43857 0.199245 0.0546624 0.503 2.63194 0.434366 
600.11 84.6287 12.8697 13.0003 -0.250914 0.726286 0.000127466 1.39979 0.0003 3.13936 0.487009 
600.11 83.2263 12.9169 12.9205 -0.00491931 -2.0208 0.121316 0.0546624 0.503 2.48089 0.166912 
600.11 70.4862 13.361 13.3449 0.0327561 3.32965 0.210347 1.39979 0.503 2.63487 -0.798503 
600.11 76.0774 13.1621 13.1518 0.0208179 2.29338 0.162116 1.39979 0.503 2.44215 0.472901 
600.11 50 14.1429 14.1429 -7.83259e-07 9.99997 0.09923 1.39979 0.0003 -1.01396 -3.40426 
600.11 77.5597 13.1106 13.1035 0.0112599 1.46299 0.129089 1.39979 0.503 2.30798 0.03611 
600.11 77.1495 13.1245 13.1173 -0.0213491 1.99337 0.0537128 1.39979 0.0003 2.35188 0.274684 
600.11 85.7212 12.8331 12.8599 -0.0613769 -1.07801 0.199329 0.0546624 0.503 3.38044 0.285891 
600.11 50 14.1429 14.1429 1.58878e-06 9.9999 0.0992358 1.39979 0.0003 -0.0988083 2.19326 
600.11 78.7877 13.0682 13.0422 0.0660524 0.366098 0.405929 1.39979 0.503 2.66397 0.569741 
600.11 73.2617 13.2615 13.2518 0.0140336 2.3431 0.137289 1.39979 0.503 2.65868 0.728363 
600.11 80.3986 13.0127 13.0562 -0.0852404 1.22826 0.0109573 1.39979 0.0003 2.89868 0.611645 
600.11 83.5638 12.9055 12.9054 -0.00275836 -2.11559 0.112561 0.0546624 0.503 2.56583 -0.314043 
600.11 76.5135 13.1468 13.0088 0.290561 0.470573 0.996661 1.39979 0.503 3.60343 -0.392684 
600.11 82.215 12.9509 12.9669 -0.0365767 -1.51952 0.193495 0.0546624 0.503 2.91964 0.566495 
600.11 86.956 12.7922 12.8187 -0.0566424 -1.50214 0.198914 0.0546624 0.503 3.27504 0.342321 
600.11 70.8423 13.3481 13.351 0.00167294 3.48942 0.105066 1.39979 0.503 2.19667 0.329534 
600.11 86.5219 12.8067 12.9697 -0.309477 1.02011 2.62859e-05 1.39979 0.0003 2.55415 -0.0749477 
600.11 79.7381 13.0351 12.9758 0.133132 1.2151 0.807059 1.39979 0.503 2.85701 -0.621061 
600.11 77.7264 13.1046 13.0663 0.0822733 0.580622 0.507853 1.39979 0.503 2.34138 0.202663 
600.11 80.0909 13.0234 13.1378 -0.214261 1.39815 0.000348597 1.39979 0.0003 2.48258 -0.35567 
600.11 88.3752 12.7452 12.7558 -0.0257905 -1.92182 0.182938 0.0546624 0.503 3.01298 -0.394866 
600.11 77.5289 13.1118 13.0777 0.0916374 1.61953 0.58252 1.39979 0.503 2.30607 0.0183657 
600.11 82.9729 12.925 12.8759 0.0624212 -1.26786 0.000909371 0.0546624 0.0003 2.45418 0.0839652 
600.11 75.8493 13.1699 13.1523 0.0328321 1.82672 0.210411 1.39979 0.503 3.64924 -0.349423 
600.11 88.0581 12.756 12.8911 -0.253448 0.35519 0.000120967 1.39979 0.0003 2.81969 -0.36267 
600.11 76.7138 13.1402 13.1394 0.00487865 2.22824 0.112266 1.39979 0.503 2.3013 -0.150162 
600.11 70.8353 13.3482 13.3448 0.00477789 3.14755 0.111231 1.39979 0.503 2.17311 0.265712 
600.11 73.0483 13.2692 13.2684 0.00463858 2.88922 0.111816 1.39979 0.503 2.26894 0.347687 
600.11 71.2953 13.3314 13.3226 0.00116437 3.39498 0.0990933 1.39979 0.0003 2.19311 0.287263 
600.11 49.9999 14.1429 14.1429 -3.40916e-06 9.99997 0.0992238 1.39979 0.0003 -0.90204 -2.86692 
600.11 87.3441 12.7792 12.7927 -0.0377766 -1.512 0.194346 0.0546624 0.503 2.57565 0.0533312 
600.11 73.9778 13.2362 13.2325 0.00824827 2.24169 0.121273 1.39979 0.503 2.53978 0.636358 
600.11 66.8233 13.4945 13.6156 -0.212154 4.65742 0.000384726 1.39979 0.0003 3.98104 0.0369113 
600.11 73.1721 13.2647 13.2495 0.0220563 2.54 0.163649 1.39979 0.503 2.3215 -0.435579 
600.11 76.3372 13.153 13.135 0.0337691 1.13504 0.214191 1.39979 0.503 3.12771 -0.713408 
600.11 74.6992 13.2106 13.2071 0.0105416 1.52549 0.128975 1.39979 0.503 2.60411 0.656535 
600.11 73.8176 13.2415 13.2271 0.0189795 2.77729 0.152208 1.39979 0.503 2.63526 -0.700181 
600.11 87.5088 12.7739 12.8217 -0.104252 0.0792935 0.00640723 1.39979 0.0003 2.623 0.190548 
600.11 77.8755 13.0997 13.2105 -0.20671 1.42036 0.000428231 1.39979 0.0003 2.31764 -0.05953 
600.11 81.1665 12.9864 12.9805 0.014466 1.96878 0.141581 1.39979 0.503 2.67842 -0.506755 
600.11 83.4316 12.9099 13.0036 -0.162888 1.08794 0.00144171 1.39979 0.0003 2.51877 0.243834 
600.11 88.0946 12.7545 12.7758 -0.0522658 -1.06396 0.198458 0.0546624 0.503 2.60373 0.079663 
600.11 82.9773 12.9251 12.9302 -0.0163366 -0.213117 0.164241 0.0546624 0.503 2.44895 -0.0321787 
600.11 85.9543 12.8253 12.8296 -0.00476748 -1.32501 0.118005 0.0546624 0.503 3.18872 0.429125 
600.11 77.6753 13.1067 13.0919 0.0314642 2.58395 0.205523 1.39979 0.503 3.50418 -0.471114 
600.11 77.0574 13.1281 13.1067 0.0544981 1.56412 0.332032 1.39979 0.503 2.30539 -0.126119 
600.11 83.7184 12.9003 12.9099 -0.0166984 -1.49141 0.163371 0.0546624 0.503 3.03424 -0.530517 
600.11 81.2331 12.9845 13.0849 -0.161742 1.70575 0.00154978 1.39979 0.0003 2.41793 -0.137135 
600.11 78.1222 13.0908 13.0785 0.0271744 0.688987 0.187627 1.39979 0.503 2.40791 -0.332301 
600.11 51.5472 14.0806 14.0975 -0.0329552 9.50292 0.043381 1.39979 0.0003 1.50726 -1.03643 
600.11 74.1 13.2315 13.2238 0.00740289 3.20987 0.116942 1.39979 0.503 2.23479 -0.162203 
600.11 88.4538 12.7428 12.7282 0.0207628 -1.62734 0.02688 0.0546624 0.0003 2.6523 -0.182251 
600.11 74.4073 13.2207 13.2202 0.00369869 2.30689 0.109525 1.39979 0.503 3.17291 0.754973 
600.11 78.8709 13.0654 13.0558 0.0229147 1.32202 0.169896 1.39979 0.503 2.39627 0.265984 
600.11 69.9583 13.3799 13.3678 0.0256106 3.77063 0.180349 1.39979 0.503 2.28639 0.536514 
600.11 78.9588 13.062 13.0601 0.00653188 1.38811 0.117077 1.39979 0.503 2.63174 -0.544647 
600.11 79.6856 13.0373 13.0234 0.0364881 1.06712 0.230081 1.39979 0.503 2.47913 -0.368942 
600.11 73.1582 13.2653 13.2685 0.000219253 2.88925 0.100777 1.39979 0.503 2.46518 -0.603989 
600.11 83.4581 12.9088 12.9689 -0.135306 -0.6991 0.199999 0.0546624 0.503 3.14814 0.517948 
600.11 83.6493 12.9022 12.8395 0.105088 -0.676762 1.50107e-05 0.0546624 0.0003 2.46744 -0.0372505 
600.11 87.4214 12.7768 12.8589 -0.180344 -0.658842 0.2 0.0546624 0.503 2.59096 -0.116083 
600.11 77.2929 13.1197 13.114 0.00772209 1.91176 0.118839 1.39979 0.503 3.26389 -0.648494 
600.11 84.533 12.8727 12.8779 -0.0160515 -1.79173 0.162951 0.0546624 0.503 2.56544 0.265519 
600.11 83.7314 12.8996 12.9058 -0.0118136 -0.9971 0.148363 0.0546624 0.503 2.48295 -0.123183 
600.11 82.5552 12.9391 12.9379 -0.00405242 -1.35366 0.11972 0.0546624 0.503 2.45348 -0.135453 
600.11 76.742 13.139 13.1295 0.0144841 2.04467 0.138468 1.39979 0.503 2.28884 0.0675519 
600.11 79.9562 13.0276 13.0096 0.0297613 0.2954 0.194463 1.39979 0.503 3.59946 -0.199224 
600.11 81.4356 12.9775 13.1097 -0.254253 1.44382 0.000116362 1.39979 0.0003 3.2157 -0.552146 
600.11 82.6844 12.9351 12.9961 -0.107882 1.76819 0.00618 1.39979 0.0003 3.41374 -0.376927 
600.11 71.1046 13.3386 13.3374 0.00107543 2.98926 0.101808 1.39979 0.503 2.13864 -0.00101556 
600.11 70.0548 13.3763 13.3651 0.0184912 3.40811 0.153015 1.39979 0.503 2.15349 -0.274789 
600.11 81.5241 12.9741 12.9762 -0.00220599 -0.782802 0.107942 0.0546624 0.503 2.5536 -0.387 
600.11 83.3117 12.9139 13.0176 -0.210371 -0.13095 0.199991 0.0546624 0.503 2.53931 -0.286822 
600.11 83.5479 12.9057 12.9129 -0.0196676 -2.34576 0.172165 0.0546624 0.503 3.0888 -0.52906 
600.11 86.2227 12.8163 12.825 -0.0213745 -1.56951 0.175111 0.0546624 0.503 3.12378 0.444431 
600.11 89.1898 12.7186 12.798 -0.172361 -1.28303 0.2 0.0546624 0.503 2.73962 -0.260396 
600.11 71.3722 13.329 13.3019 0.0583694 2.12815 0.349811 1.39979 0.503 2.36059 0.566154 
600.11 89.4063 12.7116 12.7211 -0.0197643 -1.63937 0.171762 0.0546624 0.503 2.78972 0.293295 
600.11 75.2614 13.191 13.0758 0.240679 0.0948561 0.982819 1.39979 0.503 2.34289 -0.366193 
600.11 76.7197 13.1396 13.1383 0.0036641 1.77143 0.108635 1.39979 0.503 2.343 0.281649 
600.11 82.022 12.9575 12.9617 -0.00768104 -1.26264 0.133357 0.0546624 0.503 3.05998 0.574251 
600.11 56.0271 13.9035 13.9031 0.00179066 8.19528 0.103826 1.39979 0.503 1.60011 0.102069 
600.11 83.3259 12.9133 12.9093 -0.00687011 -1.07576 0.134811 0.0546624 0.503 2.49228 0.191175 
600.11 86.0174 12.8233 12.9179 -0.19223 0.131586 0.000604753 1.39979 0.0003 2.5374 -0.0643952 
600.11 79.1219 13.0565 13.0473 0.0223033 0.571453 0.168953 1.39979 0.503 3.11054 0.643419 
600.11 74.0333 13.234 13.1414 0.205017 0.653427 0.96711 1.39979 0.503 2.25789 -0.253526 
600.11 84.7355 12.866 12.8751 -0.0210354 -2.08037 0.175081 0.0546624 0.503 2.91849 -0.49707 
600.11 89.9909 12.6926 12.7043 -0.0290859 -1.36321 0.187364 0.0546624 0.503 3.13396 -0.312339 
600.11 73.9455 13.2371 13.2376 0.00446735 2.76993 0.111671 1.39979 0.503 2.68758 0.721767 
600.11 81.5266 12.9743 13.0774 -0.205012 0.391805 0.000432536 1.39979 0.0003 2.72235 0.521084 
600.11 82.8529 12.9292 12.9935 -0.139252 -2.12354 0.199999 0.0546624 0.503 2.44821 -0.0602246 
600.11 78.4532 13.0798 13.1525 -0.11218 2.36802 0.00580623 1.39979 0.0003 2.43638 0.362412 
600.11 76.5646 13.1449 13.0382 0.239295 0.826117 0.987077 1.39979 0.503 2.54789 0.55898 
600.11 82.8599 12.9289 12.9288 -0.000215152 -2.22979 0.100661 0.0546624 0.503 2.77864 0.509208 
600.11 82.8882 12.928 12.9341 -0.0121714 -1.44316 0.150152 0.0546624 0.503 2.59271 0.376282 
600.11 79.9864 13.0268 13.0214 0.00882913 1.73426 0.122105 1.39979 0.503 3.18365 0.603327 
600.11 72.0179 13.3061 13.3238 -0.00902512 3.16401 0.0843002 1.39979 0.0003 2.83047 -0.819399 
600.11 77.4493 13.1145 13.1434 -0.037125 2.64755 0.0410485 1.39979 0.0003 2.30628 0.0552909 
600.11 57.2075 13.8575 13.8939 -0.0739316 7.50087 0.0146978 1.39979 0.0003 3.12855 -1.33351 
600.11 84.3704 12.8779 12.935 -0.134981 -0.677062 0.199999 0.0546624 0.503 2.48613 0.0154826 
600.11 87.6024 12.7706 12.8613 -0.202896 -0.746735 0.2 0.0546624 0.503 2.58137 -0.0263633 
600.11 63.8596 13.604 13.598 0.00938037 5.70998 0.123417 1.39979 0.503 2.5111 -0.956857 
600.11 75.8293 13.1709 13.1645 0.0121481 1.71009 0.132629 1.39979 0.503 3.08829 0.732084 
600.11 72.4219 13.2915 13.1916 0.214661 1.03102 0.974289 1.39979 0.503 2.77631 0.795168 
600.11 54.9037 13.9475 13.9449 0.00528344 8.09075 0.11309 1.39979 0.503 1.64605 -0.582493 
600.11 76.4904 13.1478 13.1437 0.0120462 1.98932 0.133337 1.39979 0.503 3.23735 -0.680321 
600.11 86.854 12.7957 12.9212 -0.242523 0.859479 0.000159385 1.39979 0.0003 3.38413 -0.219147 
600.11 78.4527 13.0794 13.0751 0.0114487 1.13439 0.131675 1.39979 0.503 3.33212 0.582412 
600.11 57.3686 13.8512 13.8491 0.00654024 7.18647 0.117029 1.39979 0.503 3.01763 1.3313 
600.11 76.5788 13.1444 13.1163 0.066078 1.72452 0.403826 1.39979 0.503 2.77561 0.682571 
600.11 78.7865 13.068 13.0643 0.00606056 -0.209018 0.0721352 0.0546624 0.0003 3.04103 0.660416 
600.11 86.4089 12.8105 12.9623 -0.288238 0.529572 4.67759e-05 1.39979 0.0003 3.02207 -0.454928 
600.11 72.3286 13.2948 13.2868 0.0229506 2.63806 0.171926 1.39979 0.503 2.6686 0.759533 
600.11 84.3495 12.8787 12.8733 -0.000343546 -2.21087 0.104861 0.0546624 0.503 2.78313 -0.466667 
600.11 73.7833 13.2429 13.2153 0.054287 2.10636 0.321725 1.39979 0.503 2.46194 -0.579326 
600.11 74.3446 13.2231 13.2166 0.0126942 2.6991 0.134434 1.39979 0.503 2.61727 -0.675209 
600.11 78.9652 13.0617 13.0047 0.122511 0.391074 0.756018 1.39979 0.503 2.45929 0.37306 
600.11 75.0239 13.199 13.2058 -0.0573818 2.08687 0.0204773 1.39979 0.0003 2.38647 0.445992 
600.11 78.4037 13.0813 13.1568 -0.158834 0.844261 0.00147422 1.39979 0.0003 2.33635 -0.102293 
600.11 83.8824 12.8946 12.8911 -0.000273382 -1.6992 0.103016 0.0546624 0.503 3.52612 0.0326323 
600.11 75.8035 13.1717 13.1735 -0.0110884 2.14621 0.0741271 1.39979 0.0003 3.32682 0.662013 
600.11 74.2801 13.2256 13.22 0.0154885 2.19982 0.143849 1.39979 0.503 3.77492 -0.062399 
600.11 77.6024 13.1088 12.9615 0.268549 -0.0527797 4.35176e-12 0.0546624 0.0003 2.51182 -0.490858 
600.11 81.3034 12.9816 12.9812 -0.00448917 -0.318948 0.12086 0.0546624 0.503 2.75871 0.545168 
600.11 88.0098 12.7574 12.7565 -0.00171612 -1.72946 0.108244 0.0546624 0.503 2.66472 0.230305 
600.11 78.9879 13.0612 13.1545 -0.176916 1.8135 0.000946969 1.39979 0.0003 3.62334 -0.205673 
600.11 79.374 13.0475 12.9598 0.13516 -1.44092 1.19334e-06 0.0546624 0.0003 2.89944 -0.638895 
600.11 74.5325 13.2162 13.2062 0.0186284 2.32962 0.15401 1.39979 0.503 2.38075 0.459348 
600.11 69.8456 13.384 13.3925 -0.012927 3.17912 0.0728664 1.39979 0.0003 2.17772 -0.355161 
600.11 82.0958 12.955 12.963 -0.00882426 -0.708214 0.134567 0.0546624 0.503 2.42488 -0.0143319 
600.11 71.2689 13.3329 13.3215 0.0292119 3.04896 0.197441 1.39979 0.503 2.15342 0.131917 
600.11 70.92 13.3451 13.3322 0.0272883 2.33428 0.188167 1.39979 0.503 2.13351 -0.0121682 
600.11 82.6512 12.936 12.9513 -0.0375558 -0.986881 0.194039 0.0546624 0.503 2.99858 -0.560624 
600.11 86.4598 12.8084 12.7923 0.0110032 -1.93107 0.0596435 0.0546624 0.0003 2.70034 -0.341474 
600.11 82.3809 12.9453 12.9386 0.00165075 0.345984 0.100654 1.39979 0.503 3.19004 0.535012 
600.11 76.4635 13.1485 13.1287 0.0480483 1.17314 0.292356 1.39979 0.503 2.31513 0.226856 
600.11 69.1185 13.4106 13.4124 0.000376602 3.13055 0.10087 1.39979 0.503 2.41283 -0.702683 
600.11 75.9892 13.1656 13.225 -0.0743437 3.4014 0.0164965 1.39979 0.0003 2.99573 0.733256 
600.11 90.1055 12.6891 12.8662 -0.341599 0.16192 1.08363e-05 1.39979 0.0003 2.67234 0.0730639 
600.11 85.1499 12.8523 12.9815 -0.25712 0.503692 0.000105243 1.39979 0.0003 2.58144 -0.258469 
600.11 71.0621 13.34 13.3339 0.00932304 3.55189 0.1232 1.39979 0.503 2.1473 0.130432 
600.11 84.5817 12.8709 12.819 0.0658435 -1.15023 0.000682658 0.0546624 0.0003 3.40762 0.30353 
600.11 77.8342 13.1009 13.0992 0.00436839 2.0103 0.11063 1.39979 0.503 2.46479 0.429671 
600.11 82.825 12.9303 12.929 -0.00740579 -1.60962 0.135512 0.0546624 0.503 3.04432 -0.554137 
600.11 76.5783 13.1447 13.1367 0.00198105 1.50372 0.101123 1.39979 0.503 2.34938 -0.304179 
600.11 84.5371 12.8726 13.0132 -0.307829 -0.597983 0.2 0.0546624 0.503 2.49069 -0.0051733 
600.11 73.0775 13.268 13.2624 0.0137909 3.91164 0.138628 1.39979 0.503 3.28202 0.758137 
600.11 78.5768 13.0755 13.0715 0.00692252 1.73969 0.1159 1.39979 0.503 3.08698 0.661601 
600.11 88.7001 12.7346 12.7525 -0.0430715 -1.81014 0.196425 0.0546624 0.503 2.68381 0.219003 
600.11 67.8623 13.4561 13.4258 0.0338793 2.23545 0.202546 1.39979 0.503 2.45835 0.782394 
600.11 88.2709 12.7489 12.7838 -0.0778115 -1.32274 0.199851 0.0546624 0.503 3.19373 0.347931 
600.11 74.8497 13.2055 13.2017 0.00996753 1.83644 0.126065 1.39979 0.503 2.27851 -0.24805 
600.11 86.9142 12.7934 12.7987 -0.0104088 -1.17556 0.143981 0.0546624 0.503 3.28699 0.334511 
600.11 71.3903 13.3284 13.304 0.049958 1.92699 0.299251 1.39979 0.503 2.15315 -0.106833 
600.11 74.294 13.2251 13.2175 0.0196073 1.89667 0.158502 1.39979 0.503 2.489 0.585665 
600.11 71.8653 13.3113 13.3064 0.0128206 2.49946 0.135577 1.39979 0.503 2.18258 0.197142 
600.11 78.3989 13.0817 13.0708 0.0224982 1.42479 0.168082 1.39979 0.503 2.3399 0.122804 
600.11 77.0762 13.1273 13.1309 -0.014186 2.64443 0.0686686 1.39979 0.0003 3.18363 -0.681296 
600.11 78.8262 13.0665 13.0558 0.0201431 0.371408 0.159409 1.39979 0.503 2.8281 -0.638075 
600.11 78.1307 13.0907 13.083 0.0167053 1.82036 0.148345 1.39979 0.503 2.35535 -0.212433 
600.11 87.4689 12.7752 12.7922 -0.0438687 -2.35955 0.196671 0.0546624 0.503 2.65976 0.252657 
600.11 85.178 12.8513 12.8719 -0.0500742 -1.74429 0.198151 0.0546624 0.503 2.52326 0.117707 
600.11 79.6322 13.0391 13.0432 -0.0111671 -0.741803 0.147107 0.0546624 0.503 2.49662 -0.395392 
600.11 73.4737 13.254 13.2425 0.0213979 3.21462 0.163402 1.39979 0.503 2.20884 -0.107598 
600.11 85.6995 12.8339 12.8406 -0.00654679 -1.18404 0.125081 0.0546624 0.503 2.63959 0.311477 
600.11 82.1925 12.9515 12.8981 0.0935833 -1.46092 4.01045e-05 0.0546624 0.0003 2.42756 0.0257526 
600.11 80.8534 12.9972 13.0998 -0.203373 1.34016 0.000452966 1.39979 0.0003 2.61254 -0.468656 
600.11 89.3567 12.7133 12.7131 -0.00827705 -1.51857 0.138668 0.0546624 0.503 2.87591 -0.340568 
600.11 74.2557 13.2264 13.2228 0.00464237 2.0417 0.110906 1.39979 0.503 3.31904 -0.709852 
600.11 73.5787 13.2502 13.1518 0.211635 1.38063 0.972044 1.39979 0.503 2.57938 0.675843 
600.11 74.6554 13.2124 13.2119 0.010146 2.03157 0.128141 1.39979 0.503 3.69669 0.323189 
600.11 71.0568 13.3405 13.3345 0.0151063 3.14382 0.142087 1.39979 0.503 2.5352 -0.726565 
600.11 83.2573 12.9154 12.907 0.00670139 0.171297 0.113971 1.39979 0.503 3.2571 0.47969 
600.11 88.7747 12.7324 12.7363 -0.0166379 -1.16898 0.165824 0.0546624 0.503 2.80138 -0.326496 
600.11 73.2624 13.2614 13.2507 0.0209725 1.91199 0.162203 1.39979 0.503 2.6348 0.71642 
600.11 79.0099 13.0605 13.0507 0.0147759 2.07357 0.139413 1.39979 0.503 3.35401 -0.552013 
600.11 77.8743 13.0993 13.0957 -4.54081e-05 1.3339 0.09854 1.39979 0.0003 2.95481 0.683835 
600.11 81.06 12.9902 13.1237 -0.2645 0.266351 8.63507e-05 1.39979 0.0003 2.44837 0.242706 
600.11 80.1793 13.0204 13.0195 0.00716569 1.86071 0.119588 1.39979 0.503 2.37676 0.0549449 
600.11 77.6133 13.1088 13.2315 -0.242083 1.28012 0.000159096 1.39979 0.0003 2.46982 0.444269 
600.11 83.0654 12.9222 12.9255 -0.0155184 -1.77609 0.163118 0.0546624 0.503 2.45388 0.0619319 
600.11 55.2037 13.9357 13.9535 -0.0374708 8.00329 0.0383237 1.39979 0.0003 1.54644 -0.0354314 
600.11 86.1545 12.8188 12.8387 -0.0381799 -1.72903 0.194116 0.0546624 0.503 2.876 -0.446045 
600.11 71.7177 13.3168 13.3043 0.0209743 2.72558 0.160424 1.39979 0.503 3.28282 -0.796062 
600.11 82.4483 12.9428 12.9449 -0.00423889 -0.815766 0.117553 0.0546624 0.503 2.4349 -0.0372093 
600.11 72.6163 13.2843 13.278 0.0150967 2.81017 0.142834 1.39979 0.503 3.00109 0.821276 
600.11 86.2306 12.8163 12.9374 -0.237664 0.544416 0.000180011 1.39979 0.0003 2.54231 0.0532237 
600.11 86.9241 12.7933 12.8034 -0.017208 -1.85819 0.164346 0.0546624 0.503 2.56074 0.0268694 
600.11 75.6472 13.1771 13.1694 0.0182887 1.30578 0.152999 1.39979 0.503 2.75581 0.701157 
600.11 80.0773 13.0238 13.0832 -0.103745 1.58906 0.00692182 1.39979 0.0003 2.41741 -0.235164 
600.11 73.2845 13.2605 13.2438 0.0365423 2.44273 0.230836 1.39979 0.503 2.23601 -0.249516 
600.11 76.6933 13.1406 13.1314 0.0158992 1.91289 0.143586 1.39979 0.503 2.36167 0.323242 
600.11 83.0537 12.9227 13.0788 -0.283255 0.971431 5.54595e-05 1.39979 0.0003 2.45052 -0.0137976 
600.11 82.2631 12.9493 13.0401 -0.184393 0.818162 0.000748581 1.39979 0.0003 2.70818 0.490769 
600.11 78.7508 13.0694 12.9531 0.252908 0.463519 0.990869 1.39979 0.503 3.32199 -0.578848 
600.11 74.3985 13.2212 13.2166 0.0051101 2.435 0.111461 1.39979 0.503 2.4476 -0.542609 
600.11 52.3233 14.0497 14.0481 0.00358176 9.04965 0.108248 1.39979 0.503 1.73843 -1.14551 
600.11 81.0673 12.9901 12.9841 0.017818 1.9982 0.152691 1.39979 0.503 2.78822 -0.563962 
600.11 75.1338 13.1954 13.1638 0.0771413 1.24386 0.478033 1.39979 0.503 2.37403 0.422907 
600.11 73.8701 13.2399 13.2298 0.0248932 2.89527 0.178784 1.39979 0.503 2.40956 0.522343 
600.11 84.935 12.8593 12.8769 -0.0370194 -0.730302 0.193404 0.0546624 0.503 2.68792 0.387936 
600.11 50.0267 14.1418 14.1418 -0.000117888 9.98886 0.0989528 1.39979 0.0003 0.577363 -1.188 
600.11 76.8608 13.1348 13.1333 0.00419134 2.15953 0.110535 1.39979 0.503 2.39546 0.374352 
600.11 72.6973 13.2815 13.1931 0.18001 1.72246 0.935524 1.39979 0.503 2.43308 0.591188 
600.11 77.8855 13.0992 13.0605 0.0787579 1.99573 0.48052 1.39979 0.503 2.37897 0.28911 
600.11 59.0991 13.7844 13.7844 0.0012056 6.26063 0.102493 1.39979 0.503 2.69628 1.21402 
600.11 73.4377 13.2551 13.1564 0.225959 1.04057 0.981585 1.39979 0.503 2.70765 -0.744394 
600.11 87.7538 12.7658 12.7724 -0.00676356 -0.933895 0.125785 0.0546624 0.503 2.65057 -0.223494 
600.11 76.782 13.1374 13.0529 0.188976 1.06037 0.950435 1.39979 0.503 2.67423 -0.634485 
600.11 77.7329 13.1043 13.004 0.183593 -1.4557 1.03314e-08 0.0546624 0.0003 2.39301 0.325754 
600.11 80.6129 13.0051 13.0073 -0.00888263 -0.302779 0.138057 0.0546624 0.503 2.75659 0.564348 
600.11 68.5597 13.4308 13.4219 0.0175908 3.65405 0.150013 1.39979 0.503 2.56471 0.823828 
600.11 87.439 12.7763 12.7782 -0.00638733 -0.884185 0.127678 0.0546624 0.503 2.59387 -0.123213 
600.11 78.5305 13.0769 13.0663 0.0231246 1.80524 0.170988 1.39979 0.503 2.43067 0.349543 
600.11 81.0417 12.9909 12.9794 0.0192116 0.250509 0.154434 1.39979 0.503 2.39804 -0.0359808 
600.11 71.3922 13.3283 13.365 -0.0673699 3.29752 0.0178447 1.39979 0.0003 2.28388 0.464606 
600.11 74.5392 13.2163 13.2028 0.0301617 3.25354 0.200453 1.39979 0.503 2.95638 0.769432 
600.11 71.3333 13.3306 13.3257 0.0200424 3.20138 0.162522 1.39979 0.503 2.15481 -0.129406 
600.11 83.1018 12.9211 13.0062 -0.146136 1.66404 0.00225931 1.39979 0.0003 2.77601 -0.500558 
600.11 85.7854 12.8309 12.8347 -0.0102056 -1.5985 0.143431 0.0546624 0.503 2.54948 -0.147006 
600.11 74.6895 13.2111 13.2014 0.0154042 2.74533 0.142062 1.39979 0.503 2.23289 0.00130859 
600.11 74.7594 13.2087 13.2011 0.0147757 2.37438 0.139936 1.39979 0.503 2.2438 -0.117397 
600.11 72.1862 13.2999 13.2858 0.0333868 2.3314 0.216287 1.39979 0.503 2.17577 -0.116438 
600.11 73.063 13.2684 13.2614 0.0194335 2.23062 0.158595 1.39979 0.503 2.22998 -0.249961 
600.11 83.3865 12.911 12.9482 -0.0859108 -2.06523 0.19993 0.0546624 0.503 2.50481 0.2181 
600.11 89.2545 12.7168 12.7284 -0.0243864 -1.37732 0.180606 0.0546624 0.503 2.66713 -0.151338 
600.11 78.3169 13.0845 13.0811 0.00853128 2.03764 0.121901 1.39979 0.503 2.63148 -0.56377 
600.11 71.405 13.3279 13.3404 -0.00980223 2.5072 0.080853 1.39979 0.0003 2.18302 -0.246106 
600.11 78.1217 13.0908 13.115 -0.0629481 2.04423 0.0191505 1.39979 0.0003 2.8114 0.65218 
600.11 73.5645 13.2507 13.2508 -0.00276901 2.64267 0.092365 1.39979 0.0003 2.62585 -0.702892 
600.11 83.8789 12.8946 12.898 -0.0104612 -1.43292 0.144932 0.0546624 0.503 2.90914 0.519518 
600.11 81.5656 12.973 13.0688 -0.213142 -0.607316 0.2 0.0546624 0.503 3.48326 0.337453 
600.11 67.3183 13.4763 13.525 -0.0639086 4.69584 0.0210852 1.39979 0.0003 2.54931 -0.855765 
600.11 82.494 12.9416 13.0557 -0.201407 0.87192 0.000510884 1.39979 0.0003 2.60093 -0.399539 
600.11 86.5576 12.8053 12.8082 -0.00788825 -1.66986 0.134505 0.0546624 0.503 2.59358 -0.196014 
600.11 89.3941 12.7119 12.7623 -0.113366 -1.25712 0.199995 0.0546624 0.503 2.90283 -0.347863 
600.11 82.5746 12.9389 12.9405 0.000395019 0.431299 0.100892 1.39979 0.503 2.81758 0.532372 
600.11 85.5407 12.8391 12.8416 -0.010308 -1.96776 0.145479 0.0546624 0.503 2.67493 0.354275 
600.11 52.493 14.0429 14.0731 -0.057876 9.27814 0.0227108 1.39979 0.0003 1.31936 -0.101407 
600.11 74.6222 13.2136 13.169 0.111167 1.34348 0.701675 1.39979 0.503 2.37809 -0.451531 
600.11 86.6427 12.8026 12.8112 -0.0160157 -1.42635 0.161349 0.0546624 0.503 2.70041 -0.333761 
600.11 87.4228 12.7768 12.7886 -0.0202291 -0.68006 0.171441 0.0546624 0.503 2.57575 -0.0228962 
600.11 74.2164 13.2276 13.2274 -0.0101077 1.45428 0.0753901 1.39979 0.0003 3.08386 0.774771 
600.11 81.5936 12.9719 12.9628 0.013559 -2.3661 0.0450533 0.0546624 0.0003 2.55191 -0.381955 
600.11 88.7183 12.7341 12.7371 -0.00833816 -1.03026 0.136342 0.0546624 0.503 2.76835 -0.30593 
600.11 85.0046 12.8568 12.8595 -0.00631776 -1.29741 0.126354 0.0546624 0.503 2.83134 -0.466821 
600.11 79.6352 13.0386 12.9496 0.159943 -1.60655 9.28627e-08 0.0546624 0.0003 3.56261 0.304948 
600.11 87.6246 12.7701 12.7739 -0.00221303 -2.05546 0.106543 0.0546624 0.503 2.61611 -0.167515 
600.11 82.3473 12.9466 13.0816 -0.248464 0.393594 0.000140331 1.39979 0.0003 2.59108 -0.395109 
600.11 82.6513 12.9362 13.0054 -0.152933 -0.90652 0.2 0.0546624 0.503 2.47523 0.198052 
600.11 81.565 12.9731 13.0516 -0.180956 -1.75112 0.2 0.0546624 0.503 2.71892 -0.518091 
600.11 80.4419 13.0111 12.9607 0.0871097 -1.05704 7.309e-05 0.0546624 0.0003 2.50063 0.365756 
600.11 79.4399 13.0453 13.0364 0.00730693 0.376195 0.115506 1.39979 0.503 2.63412 0.531264 
600.11 74.1867 13.2284 13.2233 0.0111632 2.43978 0.130624 1.39979 0.503 2.37457 -0.466165 
600.11 77.8219 13.1014 13.1233 -0.0513286 1.70732 0.0262928 1.39979 0.0003 2.37705 0.288405 
600.11 85.7944 12.8308 12.8495 -0.0353199 -1.99097 0.192312 0.0546624 0.503 3.24976 -0.402125 
600.11 75.8468 13.1704 13.1442 0.0550118 1.90921 0.329218 1.39979 0.503 2.28368 -0.173037 
600.11 83.1755 12.9185 12.9456 -0.0547953 -1.0211 0.198659 0.0546624 0.503 2.55092 -0.311197 
600.11 87.7898 12.7648 12.9286 -0.316251 1.03582 2.15773e-05 1.39979 0.0003 2.59154 -0.0644119 
600.11 89.9261 12.6945 12.7 -0.0162954 -1.74968 0.163952 0.0546624 0.503 3.30501 0.156079 
600.11 69.7302 13.3882 13.3549 0.0678793 2.48191 0.407774 1.39979 0.503 2.1086 0.115328 
600.11 72.0694 13.3041 13.3004 0.0118863 3.34636 0.132998 1.39979 0.503 2.38219 -0.562297 
600.11 80.6816 13.0031 12.9998 0.00864426 0.606153 0.122472 1.39979 0.503 2.77287 0.56887 
600.11 78.0219 13.0944 13.0845 0.0188945 1.73287 0.155028 1.39979 0.503 3.1935 0.653325 
600.11 77.3213 13.1187 13.0983 0.0482573 1.03023 0.292617 1.39979 0.503 2.94007 -0.696943 
600.11 74.0326 13.234 13.2336 0.00508566 2.62993 0.113408 1.39979 0.503 2.97304 -0.783789 
600.11 71.1114 13.3381 13.3339 0.00264157 2.87937 0.104564 1.39979 0.503 2.54253 0.729942 
600.11 81.6586 12.9698 13.0847 -0.228325 0.525988 0.000230016 1.39979 0.0003 2.43376 0.154537 
600.11 70.4374 13.3624 13.3595 0.00756672 3.53545 0.11971 1.39979 0.503 2.74469 -0.841799 
600.11 76.4442 13.1494 13.167 -0.0232351 1.9101 0.0573164 1.39979 0.0003 2.28177 0.0711701 
600.11 79.8455 13.0314 13.0267 0.00694374 0.957841 0.116472 1.39979 0.503 3.42731 0.469132 
600.11 74.3395 13.2235 13.2309 -0.00213454 3.19132 0.0965221 1.39979 0.0003 2.22626 0.0574792 
600.11 76.7693 13.1379 13.0061 0.260396 0.242282 0.99208 1.39979 0.503 3.64514 0.305145 
600.11 76.9979 13.1303 13.1286 0.00109935 0.764719 0.100706 1.39979 0.503 2.46794 -0.46619 
600.11 69.4821 13.3973 13.3851 0.0246372 2.99564 0.176188 1.39979 0.503 2.18138 0.38738 
600.11 73.6794 13.2469 13.2485 0.00925688 2.57197 0.12699 1.39979 0.503 2.21014 -0.0706904 
600.11 85.2644 12.8483 12.858 -0.0213808 -1.0374 0.175206 0.0546624 0.503 2.99117 0.488508 
600.11 82.5091 12.941 13.0264 -0.16319 1.22286 0.00136547 1.39979 0.0003 2.65675 0.448007 
600.11 50 14.1429 14.1429 -1.32451e-05 10.0001 0.0991997 1.39979 0.0003 -0.872805 2.89788 
600.11 73.2507 13.2616 13.2425 0.0284459 2.59538 0.188919 1.39979 0.503 2.2343 0.247322 
600.11 80.0437 13.0248 13.0287 -0.0122439 -0.550397 0.150701 0.0546624 0.503 2.56746 0.456683 
600.11 79.2078 13.0537 13.0525 0.00544782 1.65926 0.114241 1.39979 0.503 2.52731 -0.447377 
600.11 78.884 13.065 13.0728 -0.00226373 1.2245 0.0962808 1.39979 0.0003 2.82196 0.634446 
600.11 73.9429 13.2375 13.2373 0.0047554 3.16864 0.11277 1.39979 0.503 2.45576 0.567408 
600.11 76.4043 13.1508 13.1692 -0.0249634 2.07972 0.0548306 1.39979 0.0003 2.32573 -0.260309 
600.11 87.3135 12.7803 12.7864 -0.0143542 -2.30315 0.157149 0.0546624 0.503 2.58656 0.111613 
600.11 74.7495 13.2087 13.1896 0.0416578 2.33486 0.256613 1.39979 0.503 2.81071 -0.74184 
600.11 72.6239 13.2844 13.288 0.00222563 2.74173 0.106709 1.39979 0.503 3.04215 -0.819663 
600.11 73.7747 13.2433 13.24 0.0120847 0.841551 0.133 1.39979 0.503 3.61451 0.497762 
600.11 80.8849 12.9962 12.9812 0.025417 1.40584 0.17712 1.39979 0.503 3.52146 0.311623 
600.11 74.2764 13.2255 13.2026 0.0447146 2.25287 0.268376 1.39979 0.503 2.29664 -0.332256 
600.11 82.8049 12.9307 12.934 -0.0127741 -1.21179 0.154149 0.0546624 0.503 3.38484 -0.401906 
600.11 73.4206 13.2561 13.2584 0.00409501 3.68506 0.111351 1.39979 0.503 2.61087 0.699023 
600.11 66.8477 13.4931 13.4858 0.0171977 4.23303 0.150131 1.39979 0.503 2.13503 -0.462964 
600.11 85.4461 12.8423 12.9681 -0.28267 -0.216512 0.199997 0.0546624 0.503 2.97765 -0.483081 
600.11 87.2588 12.7821 12.8051 -0.0501007 -1.27758 0.198022 0.0546624 0.503 2.65815 0.26092 
600.11 76.8553 13.1353 13.1341 0.0126567 1.36988 0.136592 1.39979 0.503 2.71868 0.653007 
600.11 72.9617 13.272 13.2393 0.0779533 2.47586 0.483802 1.39979 0.503 2.64464 -0.730381 
600.11 85.4752 12.8411 12.8488 -0.00790674 -1.50436 0.130668 0.0546624 0.503 2.75608 0.416875 
600.11 82.4299 12.9434 12.9466 -0.00524304 -0.642363 0.12183 0.0546624 0.503 3.11323 0.554993 
600.11 84.2288 12.8832 12.9698 -0.148213 0.632883 0.00214754 1.39979 0.0003 2.87275 0.501757 
600.11 72.7665 13.279 13.2663 0.0313771 2.45889 0.207343 1.39979 0.503 2.85899 -0.805117 
600.11 84.1277 12.8865 13.0387 -0.290955 0.201348 4.32235e-05 1.39979 0.0003 2.49292 -0.117158 
600.11 76.8781 13.1342 13.1189 0.026543 1.91171 0.182152 1.39979 0.503 3.17643 -0.688188 
600.11 75.9537 13.1665 13.1562 0.0179385 1.63994 0.151193 1.39979 0.503 2.30413 0.234761 
600.11 82.1042 12.9547 12.9642 -0.0147208 -1.25492 0.1571 0.0546624 0.503 3.57033 -0.0740327 
600.11 84.9319 12.8593 12.8772 -0.0300571 -2.02422 0.187035 0.0546624 0.503 2.90496 -0.488867 
600.11 77.8516 13.1006 13.0948 0.0175319 1.86547 0.151665 1.39979 0.503 2.48508 0.453099 
600.11 71.9497 13.3083 13.3034 0.00980557 2.80798 0.124636 1.39979 0.503 2.16129 -0.0177393 
600.11 75.4671 13.1835 13.1771 0.0179647 2.66177 0.153721 1.39979 0.503 3.141 -0.733573 
600.11 70.3862 13.3646 13.3173 0.107441 1.6988 0.674814 1.39979 0.503 3.71358 0.516208 
600.11 82.3316 12.9466 12.9748 -0.112832 0.265532 0.00452296 1.39979 0.0003 3.24974 0.511739 
600.11 78.4958 13.0783 13.0266 0.10686 0.938489 0.665206 1.39979 0.503 3.09995 -0.661778 
600.11 80.7133 13.002 13.0887 -0.169072 0.338237 0.0011541 1.39979 0.0003 2.51235 -0.369357 
600.11 80.2006 13.0197 13.126 -0.184275 1.81145 0.000816351 1.39979 0.0003 2.98288 0.624746 
600.11 67.1888 13.481 13.4657 0.0300972 2.99263 0.197927 1.39979 0.503 2.29902 0.671874 
600.11 75.7544 13.1737 13.243 -0.112439 2.27952 0.00565261 1.39979 0.0003 2.81839 0.716731 
600.11 85.777 12.8312 12.8542 -0.0516289 -1.57071 0.198311 0.0546624 0.503 2.55032 0.150424 
600.11 81.9614 12.9597 12.9604 0.0411619 -0.162518 0.00309609 0.0546624 0.0003 2.54842 -0.362158 
600.11 84.0968 12.8873 12.9468 -0.132181 -1.36283 0.199999 0.0546624 0.503 2.94104 0.518111 
600.11 64.5746 13.5774 13.5697 0.0100293 4.81528 0.124737 1.39979 0.503 2.08199 -0.512383 
600.11 78.215 13.0881 13.0392 0.116881 1.5148 0.730563 1.39979 0.503 2.33174 0.105797 
600.11 85.3572 12.8452 12.9377 -0.2112 -0.717581 0.2 0.0546624 0.503 3.0282 0.485364 
600.11 76.5169 13.1469 13.1276 0.0424954 1.68473 0.259077 1.39979 0.503 2.7214 -0.663605 
600.11 72.531 13.2877 13.2774 0.0148413 3.35002 0.138716 1.39979 0.503 2.21366 -0.244673 
600.11 78.9571 13.0624 13.0572 0.00501045 0.109165 0.110566 1.39979 0.503 2.67921 -0.573457 
600.11 80.9505 12.9938 13.0533 -0.127078 0.717561 0.00347151 1.39979 0.0003 2.52306 -0.373216 
600.11 77.5356 13.1113 13.0752 0.0854414 2.15919 0.53519 1.39979 0.503 2.43585 0.403479 
600.11 82.0336 12.9572 13.0572 -0.175127 2.60831 0.00103623 1.39979 0.0003 2.42745 0.0712312 
600.11 83.2962 12.9143 12.9669 -0.105405 1.17476 0.00634892 1.39979 0.0003 3.07991 -0.53737 
600.11 78.2547 13.0865 13.0734 0.0301463 1.88098 0.200787 1.39979 0.503 3.67499 -0.0186919 
600.11 80.3934 13.0127 12.9966 0.0238235 1.22782 0.170786 1.39979 0.503 2.4499 0.286101 
600.11 79.0879 13.0579 13.2042 -0.26687 1.7202 8.59453e-05 1.39979 0.0003 2.40117 0.262228 
600.11 74.0112 13.2349 13.2259 0.0271727 2.92 0.190044 1.39979 0.503 2.24337 -0.207778 
600.11 81.465 12.9763 13.0449 -0.141905 0.864766 0.00234757 1.39979 0.0003 2.66709 -0.489651 
600.11 78.173 13.0895 13.1713 -0.120066 2.73789 0.00483664 1.39979 0.0003 2.55948 0.514374 
600.11 77.2622 13.1209 13.1854 -0.123604 3.17323 0.00395097 1.39979 0.0003 2.55109 0.538071 
600.11 54.3108 13.9708 13.9647 0.00934539 8.15172 0.123424 1.39979 0.503 1.50583 -0.25577 
600.11 78.7919 13.068 12.9591 0.226782 0.350999 0.981049 1.39979 0.503 2.56923 0.501815 
600.11 75.5638 13.1803 13.1764 0.0151264 2.21462 0.144189 1.39979 0.503 2.87953 -0.734415 
600.11 71.2977 13.3314 13.2258 0.236425 1.06633 0.985948 1.39979 0.503 2.23148 0.377935 
600.11 77.6894 13.1062 12.9918 0.24633 0.328434 0.989021 1.39979 0.503 2.49326 0.467771 
600.11 76.0292 13.1637 13.1604 -0.000894562 1.15407 0.0960045 1.39979 0.0003 2.6105 -0.620457 
600.11 78.3532 13.0833 13.3173 -0.433663 1.39137 9.12712e-07 1.39979 0.0003 2.34695 0.160978 
600.11 82.4051 12.9444 12.9743 -0.0775374 -0.734376 0.199859 0.0546624 0.503 3.13514 -0.55087 
600.11 77.2027 13.123 13.1243 0.00140057 1.58763 0.103433 1.39979 0.503 2.29794 0.0106591 
600.11 84.4682 12.8751 12.9012 -0.0508417 -0.580481 0.198089 0.0546624 0.503 2.49443 0.0740695 
600.11 84.8652 12.8618 13.0038 -0.282216 0.522303 5.32541e-05 1.39979 0.0003 2.71902 0.413532 
600.11 74.964 13.2013 13.192 0.0214862 1.88463 0.165065 1.39979 0.503 2.59311 -0.641775 
600.11 66.6191 13.5019 13.5364 -0.0415331 4.54032 0.0372791 1.39979 0.0003 2.16754 0.53188 
600.11 84.0123 12.8904 12.8913 0.000890998 -1.8218 0.0944445 0.0546624 0.0003 2.51869 -0.206287 
600.11 77.4532 13.1143 13.1922 -0.162071 1.0024 0.00135676 1.39979 0.0003 2.98369 -0.695685 
600.11 88.6267 12.7373 12.75 -0.0194352 -2.12487 0.169283 0.0546624 0.503 2.61294 0.00419569 
600.11 76.7571 13.1387 13.2096 -0.104295 1.9965 0.00726501 1.39979 0.0003 2.37266 0.340054 
600.11 68.5679 13.4304 13.4139 0.0289788 3.74199 0.192251 1.39979 0.503 2.55199 -0.816336 
600.11 73.0123 13.2702 13.2631 0.0141923 2.15178 0.139714 1.39979 0.503 3.2437 -0.7733 
600.11 81.1806 12.9858 12.9613 0.0233545 -1.18257 0.0252952 0.0546624 0.0003 2.58294 0.431008 
600.11 85.8218 12.8297 12.8828 -0.128275 -1.31484 0.199999 0.0546624 0.503 3.13294 0.453874 
600.11 80.2159 13.0187 13.0298 -0.0192081 -1.76087 0.169288 0.0546624 0.503 2.46164 0.317364 
600.11 82.3325 12.9471 13.0422 -0.156032 1.05665 0.0017831 1.39979 0.0003 2.43747 0.0854686 
600.11 76.7125 13.1402 13.1234 0.0307156 1.18222 0.20012 1.39979 0.503 2.34134 0.277542 
600.11 78.8465 13.066 13.0467 0.0304303 0.453186 0.197229 1.39979 0.503 3.05349 0.657968 
600.11 73.5302 13.2519 13.2549 -0.0193607 0.809338 0.059289 1.39979 0.0003 3.36143 0.710531 
600.11 80.3693 13.0135 12.9625 0.116356 0.938077 0.727712 1.39979 0.503 2.52535 0.40031 
600.11 77.2309 13.1217 13.0995 0.0530059 1.76403 0.319656 1.39979 0.503 2.30166 -0.0698505 
600.11 74.2645 13.2261 13.2238 0.0133389 2.03706 0.139079 1.39979 0.503 3.4098 -0.661208 
600.11 80.7357 13.0012 13.1018 -0.203785 0.354711 0.000442887 1.39979 0.0003 2.54946 -0.412972 
600.11 80.5458 13.0075 13.0191 -0.0197772 -1.89003 0.17008 0.0546624 0.503 2.49305 -0.350464 
600.11 83.627 12.9032 12.9062 -0.0110275 -1.35229 0.146968 0.0546624 0.503 2.78714 0.49004 
600.11 84.87 12.8614 12.8198 0.0699115 -1.22607 0.000354067 0.0546624 0.0003 2.78369 -0.450827 
600.11 72.2809 13.2964 13.287 0.0231953 1.85934 0.172524 1.39979 0.503 2.45525 0.626406 
600.11 84.9452 12.8591 12.9343 -0.168358 -0.595639 0.2 0.0546624 0.503 2.5077 -0.0725166 
600.11 77.168 13.1239 13.0677 0.123671 1.22612 0.763133 1.39979 0.503 2.3499 -0.268722 
600.11 89.3797 12.7126 12.7189 -0.0226585 -2.05603 0.178974 0.0546624 0.503 2.63944 -0.0281785 
600.11 77.8863 13.0989 13.1159 -0.0646273 1.92996 0.0175688 1.39979 0.0003 2.53606 0.50396 
600.11 77.6391 13.1079 13.1455 -0.0585097 2.48553 0.0232221 1.39979 0.0003 2.41847 0.37335 
600.11 82.1384 12.9532 12.8314 0.217275 -0.659375 5.04472e-10 0.0546624 0.0003 2.62524 0.435504 
600.11 60.0445 13.7481 13.7379 0.0142 6.2217 0.13747 1.39979 0.503 1.80012 0.174507 
600.11 73.424 13.2556 13.2458 0.0132824 3.25274 0.134414 1.39979 0.503 2.47873 0.607006 
600.11 74.317 13.2242 13.2145 0.0192298 2.92265 0.156195 1.39979 0.503 2.59907 0.665409 
600.11 82.8198 12.9305 12.9302 -0.00143783 -1.18594 0.107212 0.0546624 0.503 2.4557 -0.113627 
600.11 88.8897 12.7286 12.7366 -0.0186808 -1.34144 0.169482 0.0546624 0.503 2.6229 -0.0263209 
600.11 79.7493 13.0349 13.04 -0.0101923 -1.81164 0.14121 0.0546624 0.503 2.51929 0.417562 
600.11 52.2826 14.0512 14.0589 -0.0145342 9.26222 0.0693846 1.39979 0.0003 1.50572 0.829906 
600.11 76.7335 13.1392 13.1203 0.0323048 1.64562 0.206462 1.39979 0.503 2.54875 0.553766 
600.11 73.4337 13.2555 13.2524 0.00425926 2.466 0.109366 1.39979 0.503 3.2719 -0.751993 
600.11 81.654 12.9697 12.9952 -0.0528448 -0.514305 0.198432 0.0546624 0.503 3.50358 0.301663 
600.11 76.4476 13.1495 13.0976 0.113059 1.04566 0.704963 1.39979 0.503 2.46307 0.482002 
600.11 88.822 12.7308 12.7349 -0.00844057 -1.93339 0.135959 0.0546624 0.503 2.71233 0.248838 
600.11 76.1912 13.1582 13.1524 0.0117782 0.935123 0.131249 1.39979 0.503 2.44535 -0.471883 
600.11 77.0073 13.1294 13.1254 0.0127112 1.85679 0.135792 1.39979 0.503 2.96903 0.706893 
600.11 77.7965 13.1025 13.0027 0.221443 0.795364 0.978838 1.39979 0.503 2.73409 0.633365 
600.11 83.7056 12.9006 12.9768 -0.167168 -1.31698 0.2 0.0546624 0.503 2.8692 -0.516071 
600.11 78.0651 13.0932 13.0733 0.0384103 1.34577 0.235565 1.39979 0.503 2.41032 -0.339397 
600.11 87.9025 12.7609 12.783 -0.0487944 -1.86822 0.19779 0.0546624 0.503 2.6256 0.167478 
600.11 70.1406 13.3733 13.366 0.00973116 1.59794 0.123396 1.39979 0.503 3.48919 0.740881 
600.11 82.6283 12.9369 13.0104 -0.15326 1.02502 0.00172163 1.39979 0.0003 2.83723 -0.537139 
600.11 73.8534 13.2403 13.2347 0.0140951 2.48114 0.139731 1.39979 0.503 2.77751 -0.756826 
600.11 80.1967 13.0195 13.0291 -0.00654305 -0.980481 0.122349 0.0546624 0.503 2.38682 -0.122817 
600.11 76.9387 13.1322 13.2147 -0.156307 1.4506 0.00164864 1.39979 0.0003 2.29104 -0.00917913 
600.11 76.7731 13.1379 13.1367 0.00571112 1.50727 0.114781 1.39979 0.503 2.70205 0.648136 
600.11 81.7929 12.9654 13.1309 -0.313665 0.791837 2.35029e-05 1.39979 0.0003 2.85419 0.56481 
600.11 85.9896 12.8243 12.9077 -0.184324 -0.892202 0.2 0.0546624 0.503 2.67584 0.337162 
600.11 83.1949 12.9175 12.849 0.106195 -1.02479 1.5291e-05 0.0546624 0.0003 2.50074 0.221623 
600.11 71.8439 13.3119 13.2832 0.0640904 2.02333 0.388805 1.39979 0.503 2.29788 0.464218 
600.11 75.0451 13.1986 13.1879 0.0222095 1.74785 0.167057 1.39979 0.503 3.68595 0.32159 
600.11 74.7305 13.2095 13.2045 0.00853752 2.46642 0.121736 1.39979 0.503 2.23427 -0.0188479 
600.11 72.464 13.2899 13.2733 0.0349207 3.04125 0.220888 1.39979 0.503 2.25052 0.345677 
600.11 83.1752 12.9181 12.8105 0.191896 -1.32231 5.07799e-09 0.0546624 0.0003 3.11503 -0.534574 
600.11 76.79 13.137 13.1307 0.0105294 2.02361 0.128016 1.39979 0.503 3.25181 -0.666847 
600.11 77.421 13.1155 13.0991 0.0396474 1.011 0.24718 1.39979 0.503 2.34364 -0.233222 
600.11 77.6597 13.1073 13.1984 -0.139892 2.54619 0.00282247 1.39979 0.0003 2.30961 0.00265682 
600.11 81.3205 12.9811 12.9313 0.0870171 -1.60719 7.29459e-05 0.0546624 0.0003 2.90145 -0.587828 
600.11 78.1764 13.0894 13.1553 -0.0906054 1.82821 0.0105976 1.39979 0.0003 2.34529 -0.172914 
600.11 74.0527 13.2337 13.2287 0.010511 2.44637 0.127589 1.39979 0.503 2.21686 -0.0262992 
600.11 76.3862 13.1515 13.0593 0.19934 0.789207 0.961808 1.39979 0.503 2.36992 0.354781 
600.11 74.4003 13.2212 13.2344 -0.0211681 3.33493 0.0594013 1.39979 0.0003 2.54028 -0.623254 
600.11 76.0765 13.1623 13.1623 0.00196887 2.2132 0.10461 1.39979 0.503 2.31025 0.243099 
600.11 82.0657 12.9561 13.0177 -0.136553 -1.0261 0.199999 0.0546624 0.503 2.51962 -0.317944 
600.11 81.1405 12.9871 13.0642 -0.177532 -0.931759 0.2 0.0546624 0.503 3.58398 0.141437 
600.11 72.2989 13.2958 13.3139 -0.0349225 2.9038 0.0412994 1.39979 0.0003 2.90447 -0.823973 
600.11 78.1458 13.0899 13.0762 0.0319199 1.663 0.208935 1.39979 0.503 3.53767 -0.413323 
600.11 72.7279 13.2803 13.2778 0.00488777 1.9154 0.111386 1.39979 0.503 3.27825 0.769373 
600.11 75.0497 13.1983 13.1611 0.0732838 0.836713 0.443065 1.39979 0.503 3.73762 -0.172408 
600.11 76.4995 13.1471 13.1086 0.0570023 -0.712051 0.00120192 0.0546624 0.0003 2.28963 -0.120965 
600.11 73.0304 13.2694 13.1204 0.271592 -0.676313 3.30885e-12 0.0546624 0.0003 2.8848 0.80218 
600.11 67.9695 13.4524 13.4542 0.00425312 5.07894 0.111937 1.39979 0.503 2.06641 0.166199 
600.11 77.9949 13.0957 12.9979 0.214797 0.86602 0.974625 1.39979 0.503 2.56099 -0.521882 
600.11 74.085 13.2323 13.3003 -0.143409 3.24091 0.00223788 1.39979 0.0003 2.39917 0.501533 
600.11 78.3529 13.0828 13.0801 0.00613319 2.23008 0.11548 1.39979 0.503 2.76264 0.629782 
600.11 87.4054 12.7775 12.924 -0.290187 0.171623 4.30015e-05 1.39979 0.0003 3.28244 -0.318222 
600.11 76.6509 13.1422 13.143 0.000564357 2.55982 0.101341 1.39979 0.503 2.86617 -0.703782 
600.11 77.3872 13.1167 13.1103 0.00428797 0.853571 0.107749 1.39979 0.503 2.71104 -0.634766 
600.11 76.7532 13.1383 13.0889 0.10606 0.95694 0.66533 1.39979 0.503 2.48563 0.495321 
600.11 72.7785 13.2787 13.2732 0.00140544 3.60687 0.100503 1.39979 0.503 2.1998 0.164979 
600.11 79.7412 13.0352 13.0368 -0.00319236 1.11229 0.0920177 1.39979 0.0003 2.36934 0.0902727 
600.11 70.0143 13.3777 13.3734 -0.000321822 4.12794 0.0969718 1.39979 0.0003 2.10923 0.0277475 
600.11 74.6816 13.2113 13.2009 0.0164439 2.24779 0.145678 1.39979 0.503 3.16748 -0.748468 
600.11 82.6866 12.9347 12.9025 0.0423496 -1.62957 0.0048033 0.0546624 0.0003 3.33019 0.452119 
600.11 74.0133 13.235 13.2197 0.0269163 2.63328 0.184843 1.39979 0.503 2.4737 -0.581578 
600.11 81.2394 12.9841 12.9911 -0.0112545 -1.17083 0.145566 0.0546624 0.503 3.51886 0.297233 
600.11 78.3826 13.0821 13.1728 -0.187814 1.44487 0.000675894 1.39979 0.0003 3.27995 0.610928 
600.11 77.4436 13.1148 13.1122 0.0052714 1.7379 0.112938 1.39979 0.503 2.75809 -0.652567 
600.11 77.068 13.1274 13.1311 -0.00123801 1.7847 0.0982943 1.39979 0.0003 2.48608 0.483963 
600.11 79.0423 13.0594 13.0455 0.0223643 1.64374 0.165156 1.39979 0.503 2.35274 -0.100356 
600.11 77.8911 13.0987 12.9863 0.190916 -1.29403 6.34338e-09 0.0546624 0.0003 2.60407 0.558845 
600.11 72.6525 13.2834 13.2757 0.0131771 2.26556 0.13526 1.39979 0.503 2.51375 0.6602 
600.11 89.5981 12.7053 12.711 -0.0103477 -1.93467 0.142931 0.0546624 0.503 3.19739 -0.293989 
600.11 70.8532 13.3477 13.3393 0.00740163 2.79099 0.116406 1.39979 0.503 2.1638 -0.234171 
600.11 70.8185 13.3488 13.3298 0.0333918 2.75502 0.211233 1.39979 0.503 3.54731 0.675447 
600.11 73.3147 13.2595 13.2585 0.00425834 3.32038 0.111098 1.39979 0.503 2.78533 0.773697 
600.11 69.3437 13.4023 13.401 0.012669 3.77259 0.136289 1.39979 0.503 2.34889 -0.635104 
600.11 88.4813 12.7421 12.7457 -0.00744171 -2.17608 0.132565 0.0546624 0.503 2.61066 -0.0400712 
600.11 76.3445 13.1528 13.1428 0.0137573 -0.613019 0.0449748 0.0546624 0.0003 2.27584 -0.0182429 
600.11 72.6218 13.2841 13.2754 0.0191784 2.13191 0.157331 1.39979 0.503 3.49977 -0.651246 
600.11 78.0916 13.0921 13.1251 -0.0663853 1.96625 0.0180048 1.39979 0.0003 2.36422 0.239831 
600.11 78.7556 13.0693 13.1841 -0.209211 2.59022 0.000406146 1.39979 0.0003 2.34701 -0.11076 
600.11 85.5766 12.8381 13.0104 -0.337861 -0.116568 0.199072 0.0546624 0.503 2.8235 -0.446012 
600.11 77.7454 13.1041 13.0061 0.214329 0.391115 0.974329 1.39979 0.503 2.32263 0.121737 
600.11 71.3274 13.3308 13.314 0.035464 3.86682 0.222819 1.39979 0.503 2.65196 -0.781215 
600.11 84.9945 12.8572 12.8623 -0.00963231 -2.01607 0.140024 0.0546624 0.503 2.56639 0.242002 
600.11 74.0754 13.2329 13.3021 -0.0941558 2.88916 0.00971814 1.39979 0.0003 2.24904 0.220648 
600.11 78.8229 13.0668 13.0268 0.0835435 0.820993 0.515031 1.39979 0.503 3.19442 0.631501 
600.11 77.0876 13.127 13.1241 0.013422 2.75557 0.138833 1.39979 0.503 2.47427 -0.469977 
600.11 70.6448 13.3549 13.3547 0.0109788 3.02518 0.13253 1.39979 0.503 2.78842 -0.847997 
600.11 80.1115 13.0227 13.064 -0.0569748 1.53761 0.0247854 1.39979 0.0003 2.45864 -0.316999 
600.11 75.3849 13.1862 13.0331 0.279944 -0.64172 1.53888e-12 0.0546624 0.0003 2.37678 -0.415875 
600.11 85.0449 12.8554 12.9275 -0.164085 -1.70016 0.2 0.0546624 0.503 3.44327 0.220806 
600.11 76.8046 13.1366 13.1207 0.0281645 1.63746 0.18994 1.39979 0.503 2.79296 0.681744 
600.11 86.0601 12.8217 12.8252 -0.00544113 -1.25045 0.121901 0.0546624 0.503 2.53404 -0.011452 
600.11 70.3121 13.3673 13.3677 0.00894942 2.73465 0.125731 1.39979 0.503 2.15837 0.26618 
600.11 85.566 12.8383 12.8434 -0.0146885 -2.14536 0.159528 0.0546624 0.503 3.03184 0.478897 
600.11 80.3736 13.0136 13.0042 0.0121641 1.45357 0.131261 1.39979 0.503 2.37984 0.0198176 
600.11 78.9216 13.0636 13.0586 0.0175163 1.42387 0.152965 1.39979 0.503 2.34283 -0.0329929 
600.11 83.5416 12.9062 12.9117 -0.00542363 -1.11813 0.121326 0.0546624 0.503 2.46389 0.0188033 
600.11 74.9696 13.2008 13.1977 0.00883347 1.26269 0.124354 1.39979 0.503 3.7556 -0.0814151 
600.11 83.8435 12.8958 12.9226 -0.0724218 -0.17413 0.199775 0.0546624 0.503 2.47806 -0.083664 
600.11 88.9834 12.7255 12.8176 -0.20072 -1.17882 0.2 0.0546624 0.503 2.73362 0.264307 
600.11 77.4776 13.1133 13.0778 0.0907149 1.62027 0.574542 1.39979 0.503 2.50801 0.491514 
600.11 69.2138 13.4071 13.4033 0.00848733 2.14905 0.121362 1.39979 0.503 2.33318 0.623851 
600.11 71.355 13.3298 13.2868 0.0961603 1.76792 0.6022 1.39979 0.503 2.81538 0.834609 
600.11 89.0633 12.7229 12.7237 -0.00498384 -1.50979 0.122393 0.0546624 0.503 2.66565 0.163707 
600.11 73.4035 13.2563 13.2583 0.00496804 3.031 0.114178 1.39979 0.503 2.81703 0.779447 
600.11 85.524 12.8396 12.8474 -0.0118371 -0.569884 0.146634 0.0546624 0.503 3.20708 0.434759 
600.11 88.8588 12.7298 12.8178 -0.192188 -1.19779 0.2 0.0546624 0.503 2.90882 0.367854 
600.11 79.6315 13.039 13.0368 0.00272829 1.80391 0.105831 1.39979 0.503 3.21932 -0.600973 
600.11 75.3758 13.1865 13.1824 -9.92039e-05 2.54456 0.097978 1.39979 0.0003 2.55293 -0.601499 
600.11 83.2685 12.9153 12.9204 -0.00886172 -1.4089 0.137232 0.0546624 0.503 2.45655 -0.030086 
600.11 80.5193 13.0088 13.0079 0.00600469 1.54637 0.115352 1.39979 0.503 2.90662 0.609927 
600.11 75.773 13.1727 13.112 0.136282 1.58234 0.820363 1.39979 0.503 2.49658 0.541138 
600.11 80.6505 13.0041 13.0055 -0.00403218 -1.2747 0.117593 0.0546624 0.503 2.53176 -0.396665 
600.11 74.0235 13.2344 13.229 0.0089025 2.88823 0.122261 1.39979 0.503 2.24175 0.200374 
600.11 81.6181 12.9714 13.0925 -0.20744 1.52824 0.000443466 1.39979 0.0003 2.41407 -0.0479463 
600.11 71.5713 13.322 13.3181 0.0123229 2.89952 0.134052 1.39979 0.503 2.67466 -0.783868 
600.11 81.4554 12.9769 13.0764 -0.215981 -0.626264 0.2 0.0546624 0.503 2.40872 0.0331107 
600.11 75.7305 13.1745 13.2437 -0.118647 0.549431 0.00469379 1.39979 0.0003 2.50347 0.548707 
600.11 83.8534 12.8956 12.8593 0.0853226 -0.0888576 6.7429e-05 0.0546624 0.0003 2.5289 -0.238732 
600.11 87.4768 12.775 12.7814 -0.0162248 -1.17671 0.16328 0.0546624 0.503 2.60311 0.147167 
600.11 83.1933 12.9179 12.9185 -0.00694288 -2.18817 0.131424 0.0546624 0.503 3.34949 -0.41946 
600.11 82.0559 12.9565 13.1408 -0.344274 1.87865 1.0361e-05 1.39979 0.0003 2.89106 0.565948 
600.11 79.327 13.0497 13.0664 -0.0374319 -0.308884 0.193893 0.0546624 0.503 2.45892 -0.355749 
600.11 77.9904 13.0957 13.1005 -0.000650171 -0.0646894 0.0983685 0.0546624 0.0003 2.33206 0.137896 
600.11 70.6432 13.355 13.3387 0.0372762 2.76761 0.233694 1.39979 0.503 2.3274 -0.557925 
600.11 78.2368 13.0871 13.132 -0.0910124 2.51112 0.00932001 1.39979 0.0003 2.33538 -0.122271 
600.11 64.4973 13.5803 13.5639 0.0392364 4.01897 0.244301 1.39979 0.503 1.9509 0.094848 
600.11 85.3933 12.844 12.854 -0.0173623 -1.30732 0.165128 0.0546624 0.503 3.00428 0.485034 
600.11 73.6868 13.2467 13.2908 -0.0469913 1.96825 0.0335472 1.39979 0.0003 2.25611 0.274241 
600.11 74.6649 13.2117 13.2009 0.0216079 3.16442 0.164788 1.39979 0.503 2.2767 0.256441 
600.11 77.2874 13.1202 13.117 0.00188352 2.65305 0.102223 1.39979 0.503 2.30278 -0.0647991 
600.11 76.3421 13.1528 13.1472 0.0146874 1.89568 0.141951 1.39979 0.503 2.49864 -0.523199 
600.11 73.9628 13.2366 13.1966 0.0930802 2.0569 0.585342 1.39979 0.503 3.60953 0.496332 
600.11 84.1935 12.884 12.8887 -0.00690956 -1.01846 0.128267 0.0546624 0.503 2.7521 -0.455946 
600.11 89.5694 12.7065 12.888 -0.348528 0.451285 9.00395e-06 1.39979 0.0003 2.81794 -0.304524 
600.11 77.8125 13.1016 13.0991 -0.0273547 1.80912 0.0461283 1.39979 0.0003 2.66922 -0.601907 
600.11 81.6433 12.9701 12.9133 0.0990638 -0.589743 2.45208e-05 0.0546624 0.0003 2.51441 -0.330796 
